Date,Open,High,Low,Close,Volume,Dividends,Stock Splits
1990-03-29 00:00:00-05:00,26.67520523071289,26.67520523071289,26.67520523071289,26.67520523071289,840,0.0,0.0
1990-03-30 00:00:00-05:00,27.835000430836395,29.57468795776367,27.835000430836395,29.574687957763672,15440,0.0,0.0
1990-04-02 00:00:00-04:00,26.095315933227543,26.095315933227543,26.095315933227543,26.09531593322754,40,0.0,0.0
1990-04-03 00:00:00-04:00,26.095315933227543,26.095315933227543,26.095315933227543,26.09531593322754,0,0.0,0.0
1990-04-04 00:00:00-04:00,29.57468795776367,29.57468795776367,29.57468795776367,29.574687957763672,40,0.0,0.0
1990-04-05 00:00:00-04:00,29.574685299035277,29.574685299035277,28.124945823592373,28.70484161376953,1480,0.0,0.0
1990-04-06 00:00:00-04:00,28.704841613769535,28.704841613769535,28.704841613769535,28.70484161376953,0,0.0,0.0
1990-04-09 00:00:00-04:00,28.994787216186523,28.994787216186523,28.994787216186523,28.994787216186523,200,0.0,0.0
1990-04-10 00:00:00-04:00,28.994787892987652,29.57468365084741,26.095309103688887,26.965152740478516,8760,0.0,0.0
1990-04-11 00:00:00-04:00,26.095305139368232,26.095305139368232,24.935513799840756,25.515409469604492,4080,0.0,0.0
1990-04-12 00:00:00-04:00,25.515409469604492,26.675200809131972,25.515409469604492,25.515409469604492,200,0.0,0.0
1990-04-16 00:00:00-04:00,25.515415113799424,28.414894104003903,25.515415113799424,28.414894104003906,160,0.0,0.0
1990-04-17 00:00:00-04:00,28.414887818423185,28.414887818423185,25.515409469604492,25.515409469604492,800,0.0,0.0
1990-04-18 00:00:00-04:00,25.515409469604492,25.515409469604492,25.515409469604492,25.515409469604492,80,0.0,0.0
1990-04-19 00:00:00-04:00,25.515409469604492,25.515409469604492,25.515409469604492,25.515409469604492,0,0.0,0.0
1990-04-20 00:00:00-04:00,24.935514450073242,24.935514450073242,24.935514450073242,24.935514450073242,80,0.0,0.0
1990-04-23 00:00:00-04:00,24.935514450073242,24.935514450073242,24.935514450073242,24.935514450073242,0,0.0,0.0
1990-04-24 00:00:00-04:00,24.935514450073242,24.935514450073242,24.935514450073242,24.935514450073242,1480,0.0,0.0
1990-04-25 00:00:00-04:00,24.935514450073242,24.935514450073242,24.935514450073242,24.935514450073242,0,0.0,0.0
1990-04-26 00:00:00-04:00,25.225461634722624,25.515409469604492,25.225461634722624,25.515409469604492,2520,0.0,0.0
1990-04-27 00:00:00-04:00,25.515410134958667,25.515410134958667,24.935514450073242,24.935514450073242,2160,0.0,0.0
1990-04-30 00:00:00-04:00,25.805362701416012,25.805362701416012,25.805362701416012,25.805362701416016,960,0.0,0.0
1990-05-01 00:00:00-04:00,25.805362701416012,25.805362701416012,25.805362701416012,25.805362701416016,0,0.0,0.0
1990-05-02 00:00:00-04:00,25.515409469604492,25.515409469604492,25.515409469604492,25.515409469604492,40,0.0,0.0
1990-05-03 00:00:00-04:00,25.515409469604492,26.095305139368232,25.515409469604492,25.515409469604492,12400,0.0,0.0
1990-05-04 00:00:00-04:00,25.515414805894487,25.805362701416012,25.515414805894487,25.805362701416016,800,0.0,0.0
1990-05-07 00:00:00-04:00,25.8053679784139,26.095315933227543,25.515420023600264,26.09531593322754,4000,0.0,0.0
1990-05-08 00:00:00-04:00,26.095315933227543,26.095315933227543,25.515420023600264,26.09531593322754,4200,0.0,0.0
1990-05-09 00:00:00-04:00,26.095315933227543,26.095315933227543,25.515420023600264,26.09531593322754,4000,0.0,0.0
1990-05-10 00:00:00-04:00,26.095315933227543,26.095315933227543,26.095315933227543,26.09531593322754,0,0.0,0.0
1990-05-11 00:00:00-04:00,26.095305139368232,27.83499214865945,25.515409469604492,25.515409469604492,2600,0.0,0.0
1990-05-14 00:00:00-04:00,25.515413698942766,26.67520523071289,25.515413698942766,26.67520523071289,920,0.0,0.0
1990-05-15 00:00:00-04:00,27.834993362426758,27.834993362426758,27.834993362426758,27.834993362426758,880,0.0,0.0
1990-05-16 00:00:00-04:00,27.834996762483016,27.834996762483016,25.515413698942766,26.67520523071289,400,0.0,0.0
1990-05-17 00:00:00-04:00,25.515409469604492,25.515409469604492,25.515409469604492,25.515409469604492,400,0.0,0.0
1990-05-18 00:00:00-04:00,26.09530849456787,28.994787216186523,26.09530849456787,28.994787216186523,4240,0.0,0.0
1990-05-21 00:00:00-04:00,28.994787216186523,28.994787216186523,26.675204238891602,28.994787216186523,1560,0.0,0.0
1990-05-22 00:00:00-04:00,28.994784752527874,28.994784752527874,26.67520197232564,27.834993362426758,1880,0.0,0.0
1990-05-23 00:00:00-04:00,27.834993362426758,27.834993362426758,27.834993362426758,27.834993362426758,0,0.0,0.0
1990-05-24 00:00:00-04:00,26.67520523071289,26.67520523071289,26.67520523071289,26.67520523071289,120,0.0,0.0
1990-05-25 00:00:00-04:00,27.25510025024414,27.834996000249333,27.25510025024414,27.25510025024414,120,0.0,0.0
1990-05-29 00:00:00-04:00,27.834995727539063,28.994787216186523,27.834995727539063,28.994787216186523,1880,0.0,0.0
1990-05-30 00:00:00-04:00,28.994787216186523,30.154578704833984,28.994787216186523,28.994787216186523,1080,0.0,0.0
1990-05-31 00:00:00-04:00,28.9947876563439,30.154579162597653,28.9947876563439,30.154579162597656,1680,0.0,0.0
1990-06-01 00:00:00-04:00,30.154579162597653,30.154579162597653,30.154579162597653,30.154579162597656,0,0.0,0.0
1990-06-04 00:00:00-04:00,30.154584295099433,31.894271850585938,29.5746884432706,31.894271850585938,5560,0.0,0.0
1990-06-05 00:00:00-04:00,31.894271850585938,33.63395940607244,30.734480146928266,31.894271850585938,4360,0.0,0.0
1990-06-06 00:00:00-04:00,31.89427852630615,33.054070472717285,31.89427852630615,32.47417449951172,17240,0.0,0.0
1990-06-07 00:00:00-04:00,32.474161608465785,33.63395309448242,31.89426586545747,33.63395309448242,120,0.0,0.0
1990-06-08 00:00:00-04:00,33.63395940607244,33.63395940607244,31.894271850585938,31.894271850585938,480,0.0,0.0
1990-06-11 00:00:00-04:00,31.89427143818623,32.47416728251689,31.89427143818623,32.18421936035156,2120,0.0,0.0
1990-06-12 00:00:00-04:00,31.894271850585938,31.894271850585938,31.894271850585938,31.894271850585938,160,0.0,0.0
1990-06-13 00:00:00-04:00,31.8942715326945,34.79375076293945,31.8942715326945,34.79375076293945,2800,0.0,0.0
1990-06-14 00:00:00-04:00,34.21384958635297,34.21384958635297,32.474162319250276,33.05405807495117,1760,0.0,0.0
1990-06-15 00:00:00-04:00,33.05405807495117,33.63395383065207,33.05405807495117,33.05405807495117,480,0.0,0.0
1990-06-18 00:00:00-04:00,33.05405807495117,33.05405807495117,33.05405807495117,33.05405807495117,0,0.0,0.0
1990-06-19 00:00:00-04:00,33.054060337907174,34.79374772411281,33.054060337907174,34.21385192871094,600,0.0,0.0
1990-06-20 00:00:00-04:00,34.21384958635297,34.21384958635297,33.05405807495117,33.05405807495117,11840,0.0,0.0
1990-06-21 00:00:00-04:00,33.05405807495117,34.21384958635297,33.05405807495117,33.05405807495117,9040,0.0,0.0
1990-06-22 00:00:00-04:00,33.054060337907174,34.21385192871094,33.054060337907174,34.21385192871094,16120,0.0,0.0
1990-06-25 00:00:00-04:00,34.21385491689046,34.79375076293945,32.47416737874349,34.79375076293945,19720,0.0,0.0
1990-06-26 00:00:00-04:00,34.79375076293945,34.79375076293945,34.79375076293945,34.79375076293945,0,0.0,0.0
1990-06-27 00:00:00-04:00,34.21385192871094,34.21385192871094,34.21385192871094,34.21385192871094,80,0.0,0.0
1990-06-28 00:00:00-04:00,34.21385192871094,34.21385192871094,34.21385192871094,34.21385192871094,0,0.0,0.0
1990-06-29 00:00:00-04:00,34.21385525790128,34.21385525790128,31.894271850585938,31.894271850585938,3880,0.0,0.0
1990-07-02 00:00:00-04:00,32.47417449951172,33.054070472717285,32.47417449951172,32.47417449951172,17720,0.0,0.0
1990-07-03 00:00:00-04:00,33.05405807495117,34.21384958635297,33.05405807495117,33.05405807495117,1400,0.0,0.0
1990-07-05 00:00:00-04:00,33.63395309448242,33.63395309448242,33.63395309448242,33.63395309448242,240,0.0,0.0
1990-07-06 00:00:00-04:00,33.63395309448242,33.63395309448242,33.63395309448242,33.63395309448242,1200,0.0,0.0
1990-07-09 00:00:00-04:00,32.47416744592055,32.47416744592055,30.73447990417481,30.734479904174805,3040,0.0,0.0
1990-07-10 00:00:00-04:00,31.31437080784848,33.63395383065207,31.31437080784848,33.05405807495117,30560,0.0,0.0
1990-07-11 00:00:00-04:00,33.05405699901092,34.21384847266042,32.474161262186165,33.92390060424805,15280,0.0,0.0
1990-07-12 00:00:00-04:00,33.923905434147,37.11333244077621,33.63395752445344,35.95354080200195,11840,0.0,0.0
1990-07-13 00:00:00-04:00,33.63395309448242,33.63395309448242,30.734474379440833,33.63395309448242,6200,0.0,0.0
1990-07-16 00:00:00-04:00,33.05405807495117,33.05405807495117,30.734475052147584,33.05405807495117,9280,0.0,0.0
1990-07-17 00:00:00-04:00,33.63395907084147,34.79375076293945,33.63395907084147,34.79375076293945,44800,0.0,0.0
1990-07-18 00:00:00-04:00,34.79374051094055,38.27311456203461,33.63394916057587,37.11332321166992,19720,0.0,0.0
1990-07-19 00:00:00-04:00,37.113330078125,38.27312164306641,37.113330078125,37.6932258605957,20000,0.0,0.0
1990-07-20 00:00:00-04:00,37.69322510921594,38.27312088012695,37.11332933830492,38.27312088012695,1280,0.0,0.0
1990-07-23 00:00:00-04:00,38.27311456203461,38.27311456203461,37.11332321166992,37.11332321166992,22720,0.0,0.0
1990-07-24 00:00:00-04:00,37.113324218749995,37.113324218749995,35.95353283691406,36.24348068237305,28880,0.0,0.0
1990-07-25 00:00:00-04:00,36.24348393801985,37.113327552532326,33.63395309448242,33.63395309448242,60040,0.0,0.0
1990-07-26 00:00:00-04:00,33.63395752445344,35.95354080200195,33.63395752445344,35.95354080200195,41760,0.0,0.0
1990-07-27 00:00:00-04:00,35.95353606651569,35.95353606651569,33.63395309448242,33.63395309448242,240,0.0,0.0
1990-07-30 00:00:00-04:00,33.63395383065207,35.37364109775476,33.05405807495117,33.05405807495117,2920,0.0,0.0
1990-07-31 00:00:00-04:00,33.05406329316913,33.05406329316913,30.154584056926225,30.734479904174805,25840,0.0,0.0
1990-08-01 00:00:00-04:00,30.444536209106445,30.734484173002695,30.154588245210192,30.444536209106445,1599560,0.0,0.0
1990-08-02 00:00:00-04:00,30.154579162597653,30.444527039161095,29.864631286034214,30.154579162597656,554320,0.0,0.0
1990-08-03 00:00:00-04:00,30.444531721227307,30.444531721227307,29.284740036609126,29.574687957763672,478760,0.0,0.0
1990-08-06 00:00:00-04:00,29.574682960510252,29.574682960510252,28.41489147186279,28.994787216186523,110120,0.0,0.0
1990-08-07 00:00:00-04:00,29.284735088348388,29.284735088348388,28.41489147186279,28.994787216186523,76560,0.0,0.0
1990-08-08 00:00:00-04:00,28.994787216186523,29.574682960510252,28.41489147186279,28.994787216186523,77840,0.0,0.0
1990-08-09 00:00:00-04:00,29.284743373833816,30.444535190619312,28.99479541963744,29.864639282226562,109120,0.0,0.0
1990-08-10 00:00:00-04:00,29.864636133301936,31.024427827799098,29.574688209677646,30.734479904174805,121120,0.0,0.0
1990-08-13 00:00:00-04:00,30.154583259865092,31.6043228396663,30.154583259865092,31.314374923706055,93560,0.0,0.0
1990-08-14 00:00:00-04:00,31.02442225094499,33.92390096598658,31.02442225094499,33.63395309448242,309880,0.0,0.0
1990-08-15 00:00:00-04:00,33.34400522297826,33.63395309448242,33.05405735147411,33.63395309448242,244360,0.0,0.0
1990-08-16 00:00:00-04:00,33.63395730723506,33.63395730723506,32.76411358377208,33.34400939941406,112560,0.0,0.0
1990-08-17 00:00:00-04:00,32.474166587547025,32.474166587547025,30.734479091785573,31.314374923706055,70760,0.0,0.0
1990-08-20 00:00:00-04:00,31.02442932128906,31.604325196453342,31.02442932128906,31.024429321289062,93360,0.0,0.0
1990-08-21 00:00:00-04:00,31.314375751423388,31.314375751423388,29.574688209677646,30.734479904174805,110360,0.0,0.0
1990-08-22 00:00:00-04:00,30.154585508542638,31.3143772588712,30.154585508542638,31.024429321289062,239280,0.0,0.0
1990-08-23 00:00:00-04:00,30.154581498126593,30.154581498126593,28.414894104003903,28.414894104003906,46120,0.0,0.0
1990-08-24 00:00:00-04:00,29.284737403946696,29.574685299035277,28.704841613769535,28.70484161376953,69960,0.0,0.0
1990-08-27 00:00:00-04:00,29.864631286034214,30.154579162597653,28.9947876563439,30.154579162597656,100680,0.0,0.0
1990-08-28 00:00:00-04:00,29.574688209677646,31.314375751423388,29.574688209677646,30.734479904174805,133480,0.0,0.0
1990-08-29 00:00:00-04:00,31.3143772588712,31.604325196453342,31.02442932128906,31.024429321289062,75400,0.0,0.0
1990-08-30 00:00:00-04:00,31.6043228396663,32.184218671586784,31.024427007745818,31.314374923706055,79240,0.0,0.0
1990-08-31 00:00:00-04:00,31.31437492370606,31.89427075562654,31.31437492370606,31.314374923706055,36000,0.0,0.0
1990-09-04 00:00:00-04:00,31.31437492370606,31.89427075562654,31.31437492370606,31.314374923706055,24800,0.0,0.0
1990-09-05 00:00:00-04:00,31.89427075562654,31.89427075562654,31.31437492370606,31.314374923706055,37880,0.0,0.0
1990-09-06 00:00:00-04:00,31.89427075562654,31.89427075562654,30.734479091785573,31.314374923706055,85760,0.0,0.0
1990-09-07 00:00:00-04:00,31.024428072842685,31.894271850585938,31.024428072842685,31.894271850585938,53760,0.0,0.0
1990-09-10 00:00:00-04:00,31.89426656354938,33.63395383065207,31.31437080784848,33.05405807495117,88440,0.0,0.0
1990-09-11 00:00:00-04:00,33.05405807495117,33.34400595280162,32.474162319250276,33.05405807495117,45560,0.0,0.0
1990-09-12 00:00:00-04:00,33.054061491593075,33.63395730723506,32.47416567595109,33.34400939941406,146360,0.0,0.0
1990-09-13 00:00:00-04:00,33.63395420850906,33.923902089616895,32.76411056518555,32.76411056518555,140520,0.0,0.0
1990-09-14 00:00:00-04:00,32.76411019710073,33.34400595280162,32.474162319250276,33.05405807495117,83160,0.0,0.0
1990-09-17 00:00:00-04:00,32.47416567595109,33.34400939941406,32.47416567595109,33.34400939941406,89000,0.0,0.0
1990-09-18 00:00:00-04:00,33.05405735147411,33.92390096598658,32.474161608465785,33.63395309448242,83120,0.0,0.0
1990-09-19 00:00:00-04:00,34.213851544035585,34.50379943847656,33.63395575515363,34.50379943847656,73760,0.0,0.0
1990-09-20 00:00:00-04:00,34.5037963410728,34.5037963410728,33.92390060424805,33.92390060424805,40080,0.0,0.0
1990-09-21 00:00:00-04:00,34.5037967089949,34.5037967089949,33.63395309448242,33.63395309448242,48040,0.0,0.0
1990-09-24 00:00:00-04:00,34.21385312287704,34.50380103069803,33.34400939941406,33.34400939941406,29320,0.0,0.0
1990-09-25 00:00:00-04:00,33.34400522297826,34.21384883749074,33.34400522297826,33.63395309448242,133840,0.0,0.0
1990-09-26 00:00:00-04:00,34.21384847266042,34.21384847266042,33.344004867423294,33.92390060424805,30720,0.0,0.0
1990-09-27 00:00:00-04:00,33.34401584806896,33.34401584806896,30.154588245210192,30.444536209106445,45360,0.0,0.0
1990-09-28 00:00:00-04:00,30.154580295676052,30.154580295676052,27.255101421091815,29.28473663330078,171200,0.0,0.0
1990-10-01 00:00:00-04:00,29.284740138698265,32.18421936035156,28.994792216532936,32.18421936035156,250560,0.0,0.0
1990-10-02 00:00:00-04:00,32.18421936035156,33.054063126847545,31.89427143818623,32.18421936035156,243240,0.0,0.0
1990-10-03 00:00:00-04:00,32.184219776500356,32.184219776500356,31.604323924671522,31.894271850585938,178640,0.0,0.0
1990-10-04 00:00:00-04:00,31.314375998757104,31.894271850585938,31.024428072842685,31.894271850585938,89840,0.0,0.0
1990-10-05 00:00:00-04:00,31.89427075562654,31.89427075562654,31.024427007745818,31.314374923706055,122400,0.0,0.0
1990-10-08 00:00:00-04:00,31.31437492370606,32.184218671586784,31.31437492370606,31.314374923706055,42120,0.0,0.0
1990-10-09 00:00:00-04:00,32.18422399248396,32.18422399248396,30.444536209106445,30.444536209106445,62360,0.0,0.0
1990-10-10 00:00:00-04:00,30.734484173002695,30.734484173002695,30.154588245210192,30.444536209106445,43400,0.0,0.0
1990-10-11 00:00:00-04:00,30.444535190619312,30.444535190619312,28.99479541963744,29.864639282226562,99360,0.0,0.0
1990-10-12 00:00:00-04:00,29.864633194123858,29.864633194123858,28.704841613769535,28.70484161376953,59280,0.0,0.0
1990-10-15 00:00:00-04:00,28.704844438804773,30.73447990417481,28.704844438804773,30.734479904174805,52160,0.0,0.0
1990-10-16 00:00:00-04:00,30.734483144815687,30.734483144815687,29.864639282226566,29.864639282226562,39800,0.0,0.0
1990-10-17 00:00:00-04:00,29.864637570960497,31.604325196453342,29.864637570960497,31.024429321289062,67800,0.0,0.0
1990-10-18 00:00:00-04:00,31.024432226058543,32.18422408497662,31.024432226058543,31.604328155517578,95000,0.0,0.0
1990-10-19 00:00:00-04:00,32.7641224861145,33.054070472717285,31.89427852630615,32.47417449951172,67160,0.0,0.0
1990-10-22 00:00:00-04:00,33.05405844629339,33.05405844629339,32.47416268407771,32.76411056518555,34000,0.0,0.0
1990-10-23 00:00:00-04:00,32.47417449951172,32.7641224861145,31.89427852630615,32.47417449951172,41040,0.0,0.0
1990-10-24 00:00:00-04:00,32.184226512908936,32.7641224861145,32.184226512908936,32.47417449951172,25160,0.0,0.0
1990-10-25 00:00:00-04:00,33.05405807495117,33.92390170850252,32.474162319250276,33.05405807495117,112000,0.0,0.0
1990-10-26 00:00:00-04:00,32.184219776500356,32.76411562832919,31.894271850585938,31.894271850585938,8600,0.0,0.0
1990-10-29 00:00:00-05:00,32.76411562832919,32.76411562832919,31.314375998757104,31.894271850585938,27320,0.0,0.0
1990-10-30 00:00:00-05:00,31.6043228396663,31.89427075562654,31.024427007745818,31.314374923706055,24040,0.0,0.0
1990-10-31 00:00:00-05:00,31.894269860309105,33.63395730723506,31.894269860309105,33.34400939941406,69400,0.0,0.0
1990-11-01 00:00:00-05:00,33.344006327401225,33.344006327401225,32.76411056518555,32.76411056518555,38560,0.0,0.0
1990-11-02 00:00:00-05:00,33.63395309448242,33.63395309448242,32.764109479969946,33.63395309448242,4840,0.0,0.0
1990-11-05 00:00:00-05:00,33.63395309448242,33.63395309448242,32.764109479969946,33.63395309448242,11280,0.0,0.0
1990-11-06 00:00:00-05:00,33.63396644592285,33.63396644592285,32.47417449951172,32.47417449951172,26080,0.0,0.0
1990-11-07 00:00:00-05:00,32.76411562832919,32.76411562832919,31.894271850585938,31.894271850585938,15680,0.0,0.0
1990-11-08 00:00:00-05:00,31.89427852630615,32.47417449951172,31.89427852630615,32.47417449951172,24440,0.0,0.0
1990-11-09 00:00:00-05:00,32.7641224861145,32.7641224861145,31.89427852630615,32.47417449951172,28480,0.0,0.0
1990-11-12 00:00:00-05:00,31.60432815551758,32.18422408497662,31.60432815551758,31.604328155517578,93000,0.0,0.0
1990-11-13 00:00:00-05:00,31.60432815551758,32.18422408497662,31.60432815551758,31.604328155517578,135600,0.0,0.0
1990-11-14 00:00:00-05:00,31.604318685698928,33.05405807495117,31.604318685698928,33.05405807495117,49920,0.0,0.0
1990-11-15 00:00:00-05:00,33.054061491593075,33.34400939941406,32.47416567595109,33.34400939941406,25560,0.0,0.0
1990-11-16 00:00:00-05:00,32.76411491583201,35.08369827270508,32.76411491583201,35.08369827270508,78360,0.0,0.0
1990-11-19 00:00:00-05:00,35.08370497168564,36.24349687157607,35.08370497168564,35.66360092163086,73800,0.0,0.0
1990-11-20 00:00:00-05:00,35.66359411192334,35.95354203153247,35.08369827270508,35.08369827270508,72560,0.0,0.0
1990-11-21 00:00:00-05:00,35.08369684634002,35.663592661982,33.34400939941406,33.34400939941406,79040,0.0,0.0
1990-11-23 00:00:00-05:00,33.34400595280162,33.92390170850252,32.76411019710073,33.05405807495117,44320,0.0,0.0
1990-11-26 00:00:00-05:00,31.8942761202471,32.18422408497662,31.024432226058543,31.604328155517578,30640,0.0,0.0
1990-11-27 00:00:00-05:00,31.604318685698928,33.05405807495117,31.604318685698928,33.05405807495117,30600,0.0,0.0
1990-11-28 00:00:00-05:00,32.76411358377208,33.34400939941406,32.47416567595109,33.34400939941406,104560,0.0,0.0
1990-11-29 00:00:00-05:00,33.34400939941406,33.34400939941406,32.47416567595109,33.34400939941406,71200,0.0,0.0
1990-11-30 00:00:00-05:00,32.76411056518555,33.344006327401225,32.76411056518555,32.76411056518555,7880,0.0,0.0
1990-12-03 00:00:00-05:00,33.05406322479248,34.79375076293945,33.05406322479248,34.79375076293945,63280,0.0,0.0
1990-12-04 00:00:00-05:00,34.793750353095945,35.66359411192334,34.21385451387768,35.08369827270508,89280,0.0,0.0
1990-12-05 00:00:00-05:00,34.79375370213243,35.37364959716797,34.79375370213243,35.37364959716797,23880,0.0,0.0
1990-12-06 00:00:00-05:00,35.37364619231421,35.66359411192334,34.793750353095945,35.08369827270508,140720,0.0,0.0
1990-12-07 00:00:00-05:00,35.66359411192334,35.66359411192334,34.793750353095945,35.08369827270508,22920,0.0,0.0
1990-12-10 00:00:00-05:00,35.37364619231421,35.37364619231421,34.793750353095945,35.08369827270508,20480,0.0,0.0
1990-12-11 00:00:00-05:00,35.66360092163085,35.66360092163085,34.79375699671303,35.66360092163086,28760,0.0,0.0
1990-12-12 00:00:00-05:00,35.66359289230839,36.24348871169552,34.793749163227695,35.95354080200195,42200,0.0,0.0
1990-12-13 00:00:00-05:00,36.82337637329101,36.82337637329101,35.95353283691406,36.24348068237305,16400,0.0,0.0
1990-12-14 00:00:00-05:00,36.243489951141605,36.53343787075074,34.50380243348681,35.08369827270508,57640,0.0,0.0
1990-12-17 00:00:00-05:00,34.21385192871094,34.79374772411281,33.633956133309056,34.21385192871094,16320,0.0,0.0
1990-12-18 00:00:00-05:00,33.63395940607244,33.63395940607244,31.314375998757104,31.894271850585938,181560,0.0,0.0
1990-12-19 00:00:00-05:00,32.184219248154584,32.474167169309126,27.255104588527303,29.574687957763672,900920,0.0,0.0
1990-12-20 00:00:00-05:00,27.255103352305657,29.574686616331668,26.385259628295902,26.3852596282959,795440,0.0,0.0
1990-12-21 00:00:00-05:00,26.385254946621984,26.385254946621984,21.166193528608844,22.325984954833984,614680,0.0,0.0
1990-12-24 00:00:00-05:00,22.90588117528845,23.485776901245117,22.325985449331778,23.485776901245117,211360,0.0,0.0
1990-12-26 00:00:00-05:00,23.775732294718427,26.095315933227543,23.485784339904786,26.09531593322754,139680,0.0,0.0
1990-12-27 00:00:00-05:00,26.09530581984409,26.385253662286804,24.64556660763053,24.935514450073242,166680,0.0,0.0
1990-12-28 00:00:00-05:00,24.64557307107108,24.93552098955427,23.77572931562151,24.35562515258789,178800,0.0,0.0
1990-12-31 00:00:00-05:00,24.78720946745439,25.95366638356989,24.20398100939664,25.662052154541016,116120,0.15,0.0
1991-01-02 00:00:00-05:00,25.078824705236094,25.662053186753216,24.203981982960418,24.78721046447754,65480,0.0,0.0
1991-01-03 00:00:00-05:00,24.787209866994832,24.787209866994832,23.91236716580678,24.203981399536133,65240,0.0,0.0
1991-01-04 00:00:00-05:00,23.620755059378485,23.912369319370814,21.871069499424525,22.45429801940918,277000,0.0,0.0
1991-01-07 00:00:00-05:00,22.162684610445208,22.162684610445208,20.704613254494866,21.287841796875,394760,0.0,0.0
1991-01-08 00:00:00-05:00,21.287842054624814,21.871070604066592,20.996227779903926,21.579456329345703,297040,0.0,0.0
1991-01-09 00:00:00-05:00,22.162684878787477,22.454299153508366,21.287842054624814,21.579456329345703,155600,0.0,0.0
1991-01-10 00:00:00-05:00,21.871069499424525,22.745912279401505,21.28784097943987,22.45429801940918,90080,0.0,0.0
1991-01-11 00:00:00-05:00,22.745914936065674,23.329143524169922,22.162686347961426,23.329143524169922,83400,0.0,0.0
1991-01-14 00:00:00-05:00,22.745914459228516,23.32914303510617,22.16268588335086,22.745914459228516,70680,0.0,0.0
1991-01-15 00:00:00-05:00,23.329139992042823,24.495596991644963,23.037525742142286,23.62075424194336,172840,0.0,0.0
1991-01-16 00:00:00-05:00,23.912369319370814,27.12012617928641,23.912369319370814,26.536897659301758,133280,0.0,0.0
1991-01-17 00:00:00-05:00,27.99496895926339,27.99496895926339,26.536897659301754,26.536897659301758,218280,0.0,0.0
1991-01-18 00:00:00-05:00,27.12012617928641,27.12012617928641,25.662054879324774,26.536897659301758,57080,0.0,0.0
1991-01-21 00:00:00-05:00,25.95366638356989,25.95366638356989,24.78720946745439,25.662052154541016,51080,0.0,0.0
1991-01-22 00:00:00-05:00,25.662053991247106,25.662053991247106,23.62075424194336,23.62075424194336,114440,0.0,0.0
1991-01-23 00:00:00-05:00,24.20398357936314,26.828511919294083,23.620755059378485,26.536897659301758,167000,0.0,0.0
1991-01-24 00:00:00-05:00,26.828511432536597,30.619496743655898,26.53689717783511,30.03626823425293,301920,0.0,0.0
1991-01-25 00:00:00-05:00,30.327882205738742,31.49433921365177,29.45303944980397,29.744653701782227,182000,0.0,0.0
1991-01-28 00:00:00-05:00,29.744653024981098,29.744653024981098,27.12012481689453,27.12012481689453,131480,0.0,0.0
1991-01-29 00:00:00-05:00,27.411744615306024,27.703358919724174,25.66205878879713,26.828516006469727,259840,0.0,0.0
1991-01-30 00:00:00-05:00,26.828511127672698,27.703353881835938,26.828511127672698,27.703353881835938,137880,0.0,0.0
1991-01-31 00:00:00-05:00,27.120125651359558,27.99496841430664,27.120125651359558,27.99496841430664,60320,0.0,0.0
1991-02-01 00:00:00-05:00,27.994969223484844,29.453040537208015,27.41174069799558,28.86981201171875,92880,0.0,0.0
1991-02-04 00:00:00-05:00,29.45303745622988,31.49433708190918,28.57819475951018,31.49433708190918,163640,0.0,0.0
1991-02-05 00:00:00-05:00,31.49433954412287,32.95241081931374,31.202725289084697,32.07756805419922,101600,0.0,0.0
1991-02-06 00:00:00-05:00,32.36917529787336,33.53563206536429,31.494332722255162,32.660789489746094,149440,0.0,0.0
1991-02-07 00:00:00-05:00,33.24402266792629,34.410479603643005,32.66079420006793,33.53563690185547,85640,0.0,0.0
1991-02-08 00:00:00-05:00,33.53563833236694,34.993709564208984,32.95240983963012,34.993709564208984,99640,0.0,0.0
1991-02-11 00:00:00-05:00,34.99370813369751,37.326622009277344,34.41047966480255,37.326622009277344,199640,0.0,0.0
1991-02-12 00:00:00-05:00,37.326622009277344,37.326622009277344,36.16016507148743,37.326622009277344,95840,0.0,0.0
1991-02-13 00:00:00-05:00,37.32662140376984,37.32662140376984,35.28532179575117,36.74339294433594,90640,0.0,0.0
1991-02-14 00:00:00-05:00,37.03500655389601,37.32662077872984,36.16016387939453,36.16016387939453,70640,0.0,0.0
1991-02-15 00:00:00-05:00,36.160171008500896,36.743399573154136,34.99371387919442,35.576942443847656,82120,0.0,0.0
1991-02-19 00:00:00-05:00,34.99371696920956,34.99371696920956,33.82725973690257,34.70210266113281,69840,0.0,0.0
1991-02-20 00:00:00-05:00,34.702088832855225,34.702088832855225,32.660789489746094,32.660789489746094,67360,0.0,0.0
1991-02-21 00:00:00-05:00,32.95241081931374,32.95241081931374,32.07756805419922,32.07756805419922,51720,0.0,0.0
1991-02-22 00:00:00-05:00,32.36918819651884,35.57694558536305,32.36918819651884,34.70210266113281,69240,0.0,0.0
1991-02-25 00:00:00-05:00,35.28532381057739,35.8685523033142,34.41048107147216,34.993709564208984,93880,0.0,0.0
1991-02-26 00:00:00-05:00,33.82725550985744,34.410484053130844,33.535641238220734,34.11886978149414,101360,0.0,0.0
1991-02-27 00:00:00-05:00,34.410471397533755,34.410471397533755,32.95240057560436,33.244014739990234,63000,0.0,0.0
1991-02-28 00:00:00-05:00,33.82724979059483,35.86854934692383,33.2440213459294,35.86854934692383,117000,0.0,0.0
1991-03-01 00:00:00-05:00,35.8685603496457,35.8685603496457,34.70210310250275,35.28533172607422,90200,0.0,0.0
1991-03-04 00:00:00-05:00,35.28531931214413,35.28531931214413,33.82724826618776,34.41047668457031,82960,0.0,0.0
1991-03-05 00:00:00-05:00,34.41048107147216,35.28532381057739,34.41048107147216,34.993709564208984,80120,0.0,0.0
1991-03-06 00:00:00-05:00,34.99371741428848,35.28533172607422,34.118874478931275,35.28533172607422,115240,0.0,0.0
1991-03-07 00:00:00-05:00,35.28532381057739,35.5769380569458,34.41048107147216,34.993709564208984,103280,0.0,0.0
1991-03-08 00:00:00-05:00,34.99370302472796,35.28531721660069,32.660789489746094,32.660789489746094,125400,0.0,0.0
1991-03-11 00:00:00-05:00,33.24401879966806,33.53563299966515,31.78594779968262,31.785947799682617,80160,0.0,0.0
1991-03-12 00:00:00-05:00,31.785949046068854,32.369177468932506,29.45303535461426,29.453035354614258,77800,0.0,0.0
1991-03-13 00:00:00-05:00,29.45303975885565,32.07756805419922,29.45303975885565,32.07756805419922,173840,0.0,0.0
1991-03-14 00:00:00-05:00,32.66079656427557,33.535639329390094,32.07756805419922,32.07756805419922,168920,0.0,0.0
1991-03-15 00:00:00-05:00,32.66078529701577,32.95239945145341,32.077556988140486,32.369171142578125,193720,0.0,0.0
1991-03-18 00:00:00-05:00,32.95240500877644,33.827247619628906,32.660790805158946,33.827247619628906,141440,0.0,0.0
1991-03-19 00:00:00-05:00,33.827247619628906,34.70209023048138,33.24401921239393,33.827247619628906,220600,0.0,0.0
1991-03-20 00:00:00-05:00,34.99371387919442,36.160171008500896,34.11887103221456,35.576942443847656,300920,0.0,0.0
1991-03-21 00:00:00-05:00,36.16016105591782,37.90984626830094,35.57693265179011,37.035003662109375,190800,0.0,0.0
1991-03-22 00:00:00-05:00,37.61824062053974,38.784697694044844,37.03501208378718,37.909854888916016,243840,0.0,0.0
1991-03-25 00:00:00-05:00,38.49308098687066,39.6595379864728,37.32662398726852,39.367923736572266,240840,0.0,0.0
1991-03-26 00:00:00-05:00,40.24277539934431,41.70084697178432,40.24277539934431,40.82600402832031,401880,0.0,0.0
1991-03-27 00:00:00-05:00,41.40922599368625,42.284068796369766,41.117611726125084,41.992454528808594,217280,0.0,0.0
1991-03-28 00:00:00-05:00,41.99245810342002,42.57568668818974,41.40922951865029,41.700843811035156,78480,0.0,0.0
1991-04-01 00:00:00-05:00,41.70084356925857,42.28407215064681,41.40922927856446,41.40922927856445,79520,0.0,0.0
1991-04-02 00:00:00-05:00,41.409223236652636,46.949893951416016,41.409223236652636,46.949893951416016,175720,0.0,0.0
1991-04-03 00:00:00-05:00,46.949896141790575,47.24151040354082,44.616982047788554,45.20021057128906,411600,0.0,0.0
1991-04-04 00:00:00-05:00,45.34062503989225,45.34062503989225,44.75558471679687,44.755584716796875,177080,0.15,0.0
1991-04-05 00:00:00-05:00,45.34061964456137,45.34061964456137,44.170539137604955,45.048099517822266,175560,0.0,0.0
1991-04-08 00:00:00-04:00,44.755578488719706,44.755578488719706,43.000457763671875,43.000457763671875,139320,0.0,0.0
1991-04-09 00:00:00-04:00,43.000457763671875,43.87801812619579,42.41541752198926,43.000457763671875,149040,0.0,0.0
1991-04-10 00:00:00-04:00,41.245343201142504,41.83038353023672,38.61266172021851,38.905181884765625,198480,0.0,0.0
1991-04-11 00:00:00-04:00,38.90518115676996,39.490221474916886,37.442580361402676,38.32014083862305,231520,0.0,0.0
1991-04-12 00:00:00-04:00,38.90518245697021,41.245343807765416,38.02762195042201,40.952823638916016,154160,0.0,0.0
1991-04-15 00:00:00-04:00,41.24533359627975,44.46305465698242,40.3677733069972,44.46305465698242,62680,0.0,0.0
1991-04-16 00:00:00-04:00,44.46306298213934,46.510704040527344,43.87802267974278,46.510704040527344,213760,0.0,0.0
1991-04-17 00:00:00-04:00,46.80322732135748,47.09574749211597,45.92566680908203,45.92566680908203,163320,0.0,0.0
1991-04-18 00:00:00-04:00,45.92566373813077,48.55834509891534,45.92566373813077,46.510704040527344,117960,0.0,0.0
1991-04-19 00:00:00-04:00,46.510707150599,46.510707150599,45.340626467565066,45.92566680908203,89080,0.0,0.0
1991-04-22 00:00:00-04:00,45.34062503989225,45.633145201439945,43.87802423215379,44.755584716796875,33520,0.0,0.0
1991-04-23 00:00:00-04:00,45.34062503989225,45.633145201439945,44.463064555249176,44.755584716796875,65520,0.0,0.0
1991-04-24 00:00:00-04:00,44.75558471679687,44.75558471679687,44.75558471679687,44.755584716796875,0,0.0,0.0
1991-04-25 00:00:00-04:00,43.00046237309774,43.00046237309774,41.83038176430596,42.122901916503906,25240,0.0,0.0
1991-04-26 00:00:00-04:00,42.707942220899795,42.707942220899795,42.122901916503906,42.122901916503906,33000,0.0,0.0
1991-04-29 00:00:00-04:00,42.122901916503906,42.707942220899795,42.122901916503906,42.122901916503906,30880,0.0,0.0
1991-04-30 00:00:00-04:00,42.12290346372377,42.12290346372377,41.83038330078125,41.83038330078125,87720,0.0,0.0
1991-05-01 00:00:00-04:00,41.24534145991008,42.122901916503906,41.24534145991008,42.122901916503906,2417400,0.0,0.0
1991-05-02 00:00:00-04:00,41.83038176430596,42.122901916503906,41.24534145991008,42.122901916503906,762960,0.0,0.0
1991-05-03 00:00:00-04:00,41.83038176430596,42.122901916503906,41.83038176430596,42.122901916503906,362040,0.0,0.0
1991-05-06 00:00:00-04:00,41.830381621354775,47.09574434292391,41.830381621354775,46.510704040527344,848520,0.0,0.0
1991-05-07 00:00:00-04:00,45.92566069578513,46.21818082760542,43.87801977304312,45.633140563964844,486600,0.0,0.0
1991-05-08 00:00:00-04:00,45.04810106301609,46.51070174688025,44.463060789470426,46.21818161010742,361720,0.0,0.0
1991-05-09 00:00:00-04:00,45.92566069578513,46.803221091245995,45.633140563964844,45.633140563964844,190240,0.0,0.0
1991-05-10 00:00:00-04:00,45.633145201439945,45.633145201439945,44.463064555249176,44.755584716796875,91920,0.0,0.0
1991-05-13 00:00:00-04:00,44.4630615234375,45.04810180664063,43.87802124023438,43.878021240234375,93840,0.0,0.0
1991-05-14 00:00:00-04:00,43.87801901086585,45.63313977130048,43.87801901086585,45.048099517822266,109800,0.0,0.0
1991-05-15 00:00:00-04:00,44.75557475340994,44.75557475340994,44.170534560554906,44.46305465698242,124600,0.0,0.0
1991-05-16 00:00:00-04:00,45.048094849837454,45.048094849837454,43.87801446412739,44.46305465698242,153640,0.0,0.0
1991-05-17 00:00:00-04:00,44.463059987453434,44.75558011894984,43.58549959296422,44.17053985595703,60560,0.0,0.0
1991-05-20 00:00:00-04:00,44.46305465698242,44.75557475340994,43.87801446412739,44.46305465698242,55520,0.0,0.0
1991-05-21 00:00:00-04:00,44.170537665582465,45.63313825053553,44.170537665582465,45.34061813354492,87320,0.0,0.0
1991-05-22 00:00:00-04:00,45.63314208984375,47.095742797851564,45.340621948242195,46.80322265625,127240,0.0,0.0
1991-05-23 00:00:00-04:00,47.38826293945313,47.68078308105469,46.51070251464844,46.80322265625,265680,0.0,0.0
1991-05-24 00:00:00-04:00,46.80322265625001,46.80322265625001,46.51070251464844,46.80322265625,107480,0.0,0.0
1991-05-28 00:00:00-04:00,46.51069804934636,48.26581873045377,46.51069804934636,47.68077850341797,129720,0.0,0.0
1991-05-29 00:00:00-04:00,47.68078001045887,47.973300133222416,47.095739764931764,47.38825988769531,116680,0.0,0.0
1991-05-30 00:00:00-04:00,47.68077876802125,50.89850003457483,47.38825865288001,50.605979919433594,335960,0.0,0.0
1991-05-31 00:00:00-04:00,50.02094037673053,50.31346049589269,48.85085990008186,49.72842025756836,263240,0.0,0.0
1991-06-03 00:00:00-04:00,49.14337688149093,49.43589698197599,47.97329647955067,48.85085678100586,93440,0.0,0.0
1991-06-04 00:00:00-04:00,48.5583411891286,48.5583411891286,46.21818016796577,47.97330093383789,93720,0.0,0.0
1991-06-05 00:00:00-04:00,47.97330093383789,48.5583411891286,47.388260678547184,47.97330093383789,140880,0.0,0.0
1991-06-06 00:00:00-04:00,48.265818055853785,49.43589849357145,48.265818055853785,48.5583381652832,190160,0.0,0.0
1991-06-07 00:00:00-04:00,47.68078464532048,47.97330479651877,46.510704040527344,46.510704040527344,88800,0.0,0.0
1991-06-10 00:00:00-04:00,46.510700151517796,46.510700151517796,44.75557939108317,45.048099517822266,59320,0.0,0.0
1991-06-11 00:00:00-04:00,45.04810030032427,45.92566069578513,44.75558016850398,45.633140563964844,124960,0.0,0.0
1991-06-12 00:00:00-04:00,45.633140563964844,45.92566069578513,44.75558016850398,45.633140563964844,98160,0.0,0.0
1991-06-13 00:00:00-04:00,45.63314358693248,47.09574434292391,45.3406234357342,46.510704040527344,101680,0.0,0.0
1991-06-14 00:00:00-04:00,48.26581573486328,48.850855925588895,47.97329563950047,48.26581573486328,101640,0.0,0.0
1991-06-17 00:00:00-04:00,47.68078001045887,47.973300133222416,47.095739764931764,47.38825988769531,91360,0.0,0.0
1991-06-18 00:00:00-04:00,47.38825988769531,47.68078001045887,46.80321964216821,47.38825988769531,91040,0.0,0.0
1991-06-19 00:00:00-04:00,46.80322265625001,47.095742797851564,46.51070251464844,46.80322265625,44560,0.0,0.0
1991-06-20 00:00:00-04:00,46.51069804934636,47.68077850341797,45.048097481756855,47.68077850341797,99640,0.0,0.0
1991-06-21 00:00:00-04:00,47.388260678547184,48.5583411891286,47.388260678547184,47.97330093383789,102480,0.0,0.0
1991-06-24 00:00:00-04:00,47.38825988769531,47.38825988769531,46.51069951940466,47.38825988769531,90800,0.0,0.0
1991-06-25 00:00:00-04:00,46.80322265625001,47.973303222656256,46.51070251464844,46.80322265625,86120,0.0,0.0
1991-06-26 00:00:00-04:00,46.21817523554752,46.21817523554752,42.70793407841733,44.46305465698242,169280,0.0,0.0
1991-06-27 00:00:00-04:00,44.62747232016031,45.508277694900315,44.333870528580306,45.21467590332031,117480,0.175,0.0
1991-06-28 00:00:00-04:00,45.21468323155453,45.801886909886406,44.040275874890774,44.627479553222656,166040,0.0,0.0
1991-07-01 00:00:00-04:00,44.921075608995224,49.03150082811897,44.921075608995224,47.56349182128906,198800,0.0,0.0
1991-07-02 00:00:00-04:00,46.97629165649414,48.1506989479065,46.68268983364106,46.97629165649414,117360,0.0,0.0
1991-07-03 00:00:00-04:00,46.68268999846085,47.269893646240234,46.095486350681476,47.269893646240234,69520,0.0,0.0
1991-07-05 00:00:00-04:00,46.97629182235055,47.269893646240234,46.97629182235055,47.269893646240234,22840,0.0,0.0
1991-07-08 00:00:00-04:00,46.68268983364106,46.97629165649414,46.389088010787965,46.97629165649414,66360,0.0,0.0
1991-07-09 00:00:00-04:00,46.97629182235055,47.56349547012993,46.97629182235055,47.269893646240234,107840,0.0,0.0
1991-07-10 00:00:00-04:00,46.97629277577658,49.618709244414006,46.97629277577658,49.0315055847168,167640,0.0,0.0
1991-07-11 00:00:00-04:00,48.737903912862144,49.32510757446289,48.44430208206177,49.32510757446289,118720,0.0,0.0
1991-07-12 00:00:00-04:00,49.32510429516173,50.205909729003906,48.15069705003883,50.205909729003906,79400,0.0,0.0
1991-07-15 00:00:00-04:00,50.20590954948874,50.49951135971967,49.61870592902688,49.91230773925781,52080,0.0,0.0
1991-07-16 00:00:00-04:00,49.912311395949864,51.38032055465427,49.3251077324681,49.618709564208984,145000,0.0,0.0
1991-07-17 00:00:00-04:00,49.618709564208984,50.49951505943163,49.618709564208984,49.618709564208984,46880,0.0,0.0
1991-07-18 00:00:00-04:00,49.912307917723176,50.49951154028463,49.61870610644245,50.205909729003906,70760,0.0,0.0
1991-07-19 00:00:00-04:00,50.49951505943163,50.49951505943163,49.3251077324681,49.618709564208984,52680,0.0,0.0
1991-07-22 00:00:00-04:00,49.3251077324681,49.912311395949864,48.73790406898634,49.618709564208984,19800,0.0,0.0
1991-07-23 00:00:00-04:00,49.03150082811897,49.03150082811897,47.26989001992308,47.56349182128906,54520,0.0,0.0
1991-07-24 00:00:00-04:00,46.97628840347009,47.857093811035156,46.68268660094841,47.857093811035156,47520,0.0,0.0
1991-07-25 00:00:00-04:00,47.56349182128906,48.15069542402102,47.26989001992308,47.56349182128906,80720,0.0,0.0
1991-07-26 00:00:00-04:00,47.56349596163121,48.44430144240216,47.26989413470756,48.150699615478516,183840,0.0,0.0
1991-07-29 00:00:00-04:00,48.15069561355685,48.444297416078534,47.269890205991786,47.857093811035156,61720,0.0,0.0
1991-07-30 00:00:00-04:00,47.563492556652385,49.61870519798922,47.563492556652385,48.73789978027344,69200,0.0,0.0
1991-07-31 00:00:00-04:00,48.737899595318424,48.737899595318424,47.26989057136305,48.444297790527344,61160,0.0,0.0
1991-08-01 00:00:00-04:00,48.44430223724546,50.49951505943163,48.15070040550457,49.618709564208984,41560,0.0,0.0
1991-08-02 00:00:00-04:00,50.49952338207727,51.6739309025907,49.6187177416922,51.086727142333984,92120,0.0,0.0
1991-08-05 00:00:00-04:00,50.793110479008064,52.55472124706615,50.499508684331715,51.67391586303711,101120,0.0,0.0
1991-08-06 00:00:00-04:00,50.793110479008064,52.2611194523898,50.793110479008064,51.67391586303711,62080,0.0,0.0
1991-08-07 00:00:00-04:00,52.26112313406808,52.554724949428014,51.08671587262835,51.38031768798828,55240,0.0,0.0
1991-08-08 00:00:00-04:00,51.08671587262835,51.673919503348216,51.08671587262835,51.38031768798828,31640,0.0,0.0
1991-08-09 00:00:00-04:00,51.086714980181526,51.38031679041245,49.325104118795956,49.91230773925781,40520,0.0,0.0
1991-08-12 00:00:00-04:00,49.32510429516173,50.79311335156535,49.031502483881006,50.205909729003906,44840,0.0,0.0
1991-08-13 00:00:00-04:00,50.20590954948874,51.086714980181526,49.61870592902688,49.91230773925781,71800,0.0,0.0
1991-08-14 00:00:00-04:00,50.20590954948874,50.49951135971967,49.325104118795956,49.91230773925781,108480,0.0,0.0
1991-08-15 00:00:00-04:00,50.205913066864014,50.205913066864014,49.32510757446289,49.32510757446289,62760,0.0,0.0
1991-08-16 00:00:00-04:00,49.32510339208396,49.61870519798922,48.73789978027344,48.73789978027344,38080,0.0,0.0
1991-08-19 00:00:00-04:00,45.80188436508179,47.56349530220032,45.214680719375615,46.97629165649414,113600,0.0,0.0
1991-08-20 00:00:00-04:00,46.9762882185571,48.15069542402102,45.214677410361205,47.56349182128906,38800,0.0,0.0
1991-08-21 00:00:00-04:00,48.7379004983341,49.91230773925781,48.44429868810317,49.91230773925781,88200,0.0,0.0
1991-08-22 00:00:00-04:00,49.912307917723176,50.79311335156535,49.61870610644245,50.205909729003906,50080,0.0,0.0
1991-08-23 00:00:00-04:00,50.49951154028463,51.3803169741268,50.205909729003906,50.205909729003906,80920,0.0,0.0
1991-08-26 00:00:00-04:00,50.49951154028463,51.086715162846076,49.912307917723176,50.205909729003906,32480,0.0,0.0
1991-08-27 00:00:00-04:00,49.91230509497902,51.6739158630371,49.91230509497902,51.67391586303711,87720,0.0,0.0
1991-08-28 00:00:00-04:00,51.380325703138716,52.55473314778189,51.08672384197792,52.261131286621094,78320,0.0,0.0
1991-08-29 00:00:00-04:00,52.26112382771582,52.848327466229485,51.96752200845899,52.554725646972656,68440,0.0,0.0
1991-08-30 00:00:00-04:00,52.26112348481087,52.26112348481087,51.38031803281967,51.96752166748047,20800,0.0,0.0
1991-09-03 00:00:00-04:00,51.673919503348216,51.96752131870815,51.38031768798828,51.38031768798828,31200,0.0,0.0
1991-09-04 00:00:00-04:00,51.08671227368441,51.96751765771345,51.08671227368441,51.67391586303711,86440,0.0,0.0
1991-09-05 00:00:00-04:00,51.67392205335423,51.67392205335423,49.031505584716804,49.0315055847168,54920,0.0,0.0
1991-09-06 00:00:00-04:00,49.3251074145654,49.3251074145654,48.444301925019595,49.0315055847168,68200,0.0,0.0
1991-09-09 00:00:00-04:00,49.3251077324681,49.912311395949864,49.3251077324681,49.618709564208984,20280,0.0,0.0
1991-09-10 00:00:00-04:00,49.912306814482726,49.912306814482726,47.8570941809452,48.444297790527344,43000,0.0,0.0
1991-09-11 00:00:00-04:00,48.444297974368176,49.0315015861787,48.15069616846291,48.73789978027344,36880,0.0,0.0
1991-09-12 00:00:00-04:00,49.32510339208396,49.61870519798922,48.15069616846291,48.73789978027344,102520,0.0,0.0
1991-09-13 00:00:00-04:00,48.73789902675299,49.03150082811897,47.26989001992308,47.56349182128906,118400,0.0,0.0
1991-09-16 00:00:00-04:00,47.26989687779906,47.56349872176055,45.80188765799164,46.095489501953125,130200,0.0,0.0
1991-09-17 00:00:00-04:00,46.389088010787965,48.1506989479065,46.389088010787965,46.97629165649414,47560,0.0,0.0
1991-09-18 00:00:00-04:00,46.976288766571976,49.0315014001095,46.976288766571976,48.444297790527344,44320,0.0,0.0
1991-09-19 00:00:00-04:00,48.15069616846291,49.0315015861787,48.15069616846291,48.73789978027344,37960,0.0,0.0
1991-09-20 00:00:00-04:00,48.73789978027344,48.73789978027344,47.857094362557646,48.73789978027344,94760,0.0,0.0
1991-09-23 00:00:00-04:00,48.15069561355685,48.73789921860023,47.56349200851347,47.857093811035156,17920,0.0,0.0
1991-09-24 00:00:00-04:00,48.44429868810317,49.91230773925781,47.85709506764131,49.91230773925781,58360,0.0,0.0
1991-09-25 00:00:00-04:00,50.205909729003906,51.67391878540752,49.912307917723176,50.205909729003906,84600,0.0,0.0
1991-09-26 00:00:00-04:00,49.3251074145654,50.205912904111216,49.031505584716804,49.0315055847168,79640,0.0,0.0
1991-09-27 00:00:00-04:00,49.32510757446289,49.61870940526327,48.737903912862144,49.32510757446289,19480,0.0,0.0
1991-09-30 00:00:00-04:00,49.49007000839501,50.668405008594895,49.19548625834504,50.37382125854492,45560,0.175,0.0
1991-10-01 00:00:00-04:00,50.668414127125466,50.668414127125466,49.490078914866736,50.079246520996094,49120,0.0,0.0
1991-10-02 00:00:00-04:00,50.66841070666285,50.66841070666285,49.195491790771484,49.195491790771484,50920,0.0,0.0
1991-10-03 00:00:00-04:00,48.90090458567549,49.1954883482398,48.31173706054687,48.311737060546875,22880,0.0,0.0
1991-10-04 00:00:00-04:00,48.60632422441494,49.49007557394976,48.60632422441494,49.195491790771484,66040,0.0,0.0
1991-10-07 00:00:00-04:00,49.19548082055512,49.19548082055512,47.13339479813664,47.427978515625,57240,0.0,0.0
1991-10-08 00:00:00-04:00,47.13340099946952,48.01715226820958,47.13340099946952,47.72256851196289,81760,0.0,0.0
1991-10-09 00:00:00-04:00,47.72256746292114,48.01715121269226,47.133399963378906,47.133399963378906,40920,0.0,0.0
1991-10-10 00:00:00-04:00,47.427976966626716,48.90089550596295,47.13339325875947,48.6063117980957,72040,0.0,0.0
1991-10-11 00:00:00-04:00,48.90089550596295,49.1954792138302,48.311728090228456,48.6063117980957,47400,0.0,0.0
1991-10-14 00:00:00-04:00,48.01714438236121,49.490062921697444,48.01714438236121,48.6063117980957,48000,0.0,0.0
1991-10-15 00:00:00-04:00,49.19548562691036,52.14132308959961,48.90090188064144,52.14132308959961,131720,0.0,0.0
1991-10-16 00:00:00-04:00,51.257569726491944,51.55215346055224,49.78465105619045,50.96298599243164,310920,0.0,0.0
1991-10-17 00:00:00-04:00,50.373823675998416,51.84674249693405,50.07923991181129,50.66840744018555,317960,0.0,0.0
1991-10-18 00:00:00-04:00,51.257574968559794,51.55215873274692,50.66840744018555,50.66840744018555,74360,0.0,0.0
1991-10-21 00:00:00-04:00,50.668405008594895,50.96298875864486,49.78465375844498,50.37382125854492,126480,0.0,0.0
1991-10-22 00:00:00-04:00,50.373823675998416,50.66840744018555,49.490072383437045,50.66840744018555,79520,0.0,0.0
1991-10-23 00:00:00-04:00,50.66840570623224,52.73049198497425,50.66840570623224,51.84674072265625,175360,0.0,0.0
1991-10-24 00:00:00-04:00,55.08716417948405,55.38174794514974,53.02507781982422,53.02507781982422,382960,0.0,0.0
1991-10-25 00:00:00-04:00,53.61424324729225,53.90882700139826,51.84674072265624,51.84674072265625,104880,0.0,0.0
1991-10-28 00:00:00-05:00,51.84674275716146,53.614245351155596,51.84674275716146,53.02507781982422,150680,0.0,0.0
1991-10-29 00:00:00-05:00,53.02508306236907,53.31966685716001,52.14133167799625,52.730499267578125,92360,0.0,0.0
1991-10-30 00:00:00-05:00,53.02507472682643,54.79257721772065,51.257572235932216,54.49799346923828,264840,0.0,0.0
1991-10-31 00:00:00-05:00,54.49799845768855,57.73841998760517,54.49799845768855,57.4438362121582,240560,0.0,0.0
1991-11-01 00:00:00-05:00,56.854665239652,56.854665239652,53.61424390474955,56.560081481933594,123200,0.0,0.0
1991-11-04 00:00:00-05:00,56.560081481933594,56.560081481933594,55.97091396649679,56.560081481933594,60200,0.0,0.0
1991-11-05 00:00:00-05:00,55.97091396649679,57.1492489973704,55.97091396649679,56.560081481933594,125800,0.0,0.0
1991-11-06 00:00:00-05:00,57.73841857910156,58.033002347362284,56.8546672743194,57.73841857910156,206560,0.0,0.0
1991-11-07 00:00:00-05:00,55.97091461801287,58.03300094604492,55.97091461801287,58.03300094604492,119960,0.0,0.0
1991-11-08 00:00:00-05:00,57.7384181957149,60.389672092456905,57.7384181957149,58.622169494628906,162920,0.0,0.0
1991-11-11 00:00:00-05:00,58.6221694946289,59.505920793542906,58.32758572832423,58.622169494628906,32640,0.0,0.0
1991-11-12 00:00:00-05:00,58.6221681022644,59.50591938018798,58.6221681022644,58.916751861572266,60400,0.0,0.0
1991-11-13 00:00:00-05:00,58.6221694946289,58.6221694946289,57.7384181957149,58.622169494628906,161960,0.0,0.0
1991-11-14 00:00:00-05:00,58.6221694946289,58.91675326093357,58.03300196201957,58.622169494628906,179160,0.0,0.0
1991-11-15 00:00:00-05:00,58.62217815181752,58.62217815181752,56.85467529296876,56.85467529296875,82240,0.0,0.0
1991-11-18 00:00:00-05:00,56.560079045320684,56.85466279034839,55.97091155526526,56.26549530029297,80160,0.0,0.0
1991-11-19 00:00:00-05:00,56.265498085627485,56.265498085627485,55.08716304718502,55.67633056640625,40960,0.0,0.0
1991-11-20 00:00:00-05:00,55.087158203125,55.676325670538105,55.087158203125,55.087158203125,124360,0.0,0.0
1991-11-21 00:00:00-05:00,55.38174680679564,56.265498085627485,55.08716304718502,55.67633056640625,144320,0.0,0.0
1991-11-22 00:00:00-05:00,55.08716304718502,55.67633056640625,54.20341176835318,55.67633056640625,67680,0.0,0.0
1991-11-25 00:00:00-05:00,55.381747174006634,55.6763309355705,54.49799588931504,54.792579650878906,71160,0.0,0.0
1991-11-26 00:00:00-05:00,55.087158203125,55.676325670538105,54.20340700200535,55.087158203125,132080,0.0,0.0
1991-11-27 00:00:00-05:00,54.79257893562317,56.854665239652,54.79257893562317,56.560081481933594,109920,0.0,0.0
1991-11-29 00:00:00-05:00,57.14925910277688,57.738426722393136,54.2034210046956,56.85467529296875,11800,0.0,0.0
1991-12-02 00:00:00-05:00,56.56008250442977,57.44383379356149,56.56008250442977,57.14925003051758,58400,0.0,0.0
1991-12-03 00:00:00-05:00,57.14925066310556,58.91675326093357,56.85466689680089,58.622169494628906,78760,0.0,0.0
1991-12-04 00:00:00-05:00,58.91675082120028,59.21133457530628,58.032999558882274,58.32758331298828,138280,0.0,0.0
1991-12-05 00:00:00-05:00,58.327583312988274,58.62216706709428,57.443832050670274,58.32758331298828,78200,0.0,0.0
1991-12-06 00:00:00-05:00,56.560083130496224,58.6221694946289,56.560083130496224,58.622169494628906,142240,0.0,0.0
1991-12-09 00:00:00-05:00,58.327583312988274,58.91675082120028,58.032999558882274,58.32758331298828,69200,0.0,0.0
1991-12-10 00:00:00-05:00,57.7384181957149,58.91675326093357,57.7384181957149,58.622169494628906,53640,0.0,0.0
1991-12-11 00:00:00-05:00,58.91675326093357,60.09508832615224,58.6221694946289,58.622169494628906,45960,0.0,0.0
1991-12-12 00:00:00-05:00,58.91675388111788,60.095088958740234,58.91675388111788,60.095088958740234,89520,0.0,0.0
1991-12-13 00:00:00-05:00,60.09508756311928,61.27342261337652,60.09508756311928,60.389671325683594,43720,0.0,0.0
1991-12-16 00:00:00-05:00,60.97884894806205,61.56801657074864,60.68426513671876,60.68426513671875,43680,0.0,0.0
1991-12-17 00:00:00-05:00,60.68426513671876,60.97884894806205,60.38968132537546,60.68426513671875,66000,0.0,0.0
1991-12-18 00:00:00-05:00,60.6842550882479,60.6842550882479,59.505920037990656,60.389671325683594,119040,0.0,0.0
1991-12-19 00:00:00-05:00,60.38968132537546,60.97884894806205,60.09509751403217,60.68426513671875,60200,0.0,0.0
1991-12-20 00:00:00-05:00,60.68425792073968,60.68425792073968,59.80050659179687,59.800506591796875,63400,0.0,0.0
1991-12-23 00:00:00-05:00,60.095076666937935,63.92466488590947,59.80049295778628,63.63008117675781,92720,0.0,0.0
1991-12-24 00:00:00-05:00,64.21925036675107,67.45967125681649,63.33549921491505,66.57592010498047,70800,0.0,0.0
1991-12-26 00:00:00-05:00,66.2813363877018,67.16508753953782,65.98675267042313,66.57592010498047,47520,0.0,0.0
1991-12-27 00:00:00-05:00,66.57592010498047,66.87050382225915,66.2813363877018,66.57592010498047,70840,0.0,0.0
1991-12-30 00:00:00-05:00,66.28134270676044,70.11093139648438,66.28134270676044,70.11093139648438,113880,0.0,0.0
1991-12-31 00:00:00-05:00,70.11092148479234,72.76217481825087,68.04883555876903,68.93258666992188,195920,0.0,0.0
1992-01-02 00:00:00-05:00,68.93260610263978,68.93260610263978,65.39760066147878,65.69218444824219,126360,0.0,0.0
1992-01-03 00:00:00-05:00,65.39759704301942,65.39759704301942,62.451759338378906,62.451759338378906,111160,0.0,0.0
1992-01-06 00:00:00-05:00,63.798607782486386,64.38933563232422,63.50324385756747,64.38933563232422,357920,0.175,0.0
1992-01-07 00:00:00-05:00,64.38935165405273,66.16153564453124,64.09398765563964,64.9800796508789,166000,0.0,0.0
1992-01-08 00:00:00-05:00,64.09398876925755,66.1615367940723,63.79862476571258,65.86617279052734,138320,0.0,0.0
1992-01-09 00:00:00-05:00,66.45688006752415,68.52442744740269,65.5707883332905,67.34297180175781,170480,0.0,0.0
1992-01-10 00:00:00-05:00,66.7522448995839,67.93370056152344,65.86615315312925,67.93370056152344,111480,0.0,0.0
1992-01-13 00:00:00-05:00,66.75224397893537,67.93369962458024,66.45688006752415,67.34297180175781,71600,0.0,0.0
1992-01-14 00:00:00-05:00,67.63833571316903,68.52442744740269,67.04760789034658,67.34297180175781,81160,0.0,0.0
1992-01-15 00:00:00-05:00,67.93370056152344,68.5244283924932,67.63833664603855,67.93370056152344,87080,0.0,0.0
1992-01-16 00:00:00-05:00,67.3429708565231,67.93369867105399,64.98005959839948,66.75224304199219,160080,0.0,0.0
1992-01-17 00:00:00-05:00,66.752249785832,67.04761372293746,65.86615797451564,66.1615219116211,79800,0.0,0.0
1992-01-20 00:00:00-05:00,66.16153446320565,66.16153446320565,63.798622518091165,64.09398651123047,52880,0.0,0.0
1992-01-21 00:00:00-05:00,63.503253112936235,63.503253112936235,62.32179724106766,62.91252517700195,41080,0.0,0.0
1992-01-22 00:00:00-05:00,62.61717187962825,62.61717187962825,60.844987769827455,62.321807861328125,288000,0.0,0.0
1992-01-23 00:00:00-05:00,62.912519610099245,63.7986114355936,61.14033595911053,61.73106384277344,146720,0.0,0.0
1992-01-24 00:00:00-05:00,61.73106802326359,65.27543556526915,60.844976137762195,64.68470764160156,59480,0.0,0.0
1992-01-27 00:00:00-05:00,64.68469955724314,65.27542740708098,64.38933563232422,64.38933563232422,68480,0.0,0.0
1992-01-28 00:00:00-05:00,64.98005913628472,66.45687866210938,64.68469523111979,66.45687866210938,87600,0.0,0.0
1992-01-29 00:00:00-05:00,66.1615367940723,67.63835681179714,65.57080878698237,65.86617279052734,77600,0.0,0.0
1992-01-30 00:00:00-05:00,65.57080764770507,66.16153564453124,64.9800796508789,64.9800796508789,64000,0.0,0.0
1992-01-31 00:00:00-05:00,64.98007252531231,65.27543649133646,62.026432865070845,62.61716079711914,110520,0.0,0.0
1992-02-03 00:00:00-05:00,62.32179735221114,62.32179735221114,59.663521635766116,60.254249572753906,87800,0.0,0.0
1992-02-04 00:00:00-05:00,60.25424906892596,62.61716079711913,59.95888510290181,62.61716079711914,148200,0.0,0.0
1992-02-05 00:00:00-05:00,62.61716202137082,64.09398188036542,62.3217980495719,63.50325393676758,69120,0.0,0.0
1992-02-06 00:00:00-05:00,62.91252528919893,63.503253226186715,59.95888560426001,60.254249572753906,86520,0.0,0.0
1992-02-07 00:00:00-05:00,60.54960764371432,62.321791282066926,60.25424370398888,61.435699462890625,80120,0.0,0.0
1992-02-10 00:00:00-05:00,61.73106384277344,61.73106384277344,60.84497201727908,61.73106384277344,53440,0.0,0.0
1992-02-11 00:00:00-05:00,62.02642734234149,64.38933886014497,60.54960764371432,61.435699462890625,145960,0.0,0.0
1992-02-12 00:00:00-05:00,62.321796831094986,62.91252476314328,60.549613034950106,62.61716079711914,74440,0.0,0.0
1992-02-13 00:00:00-05:00,62.61717187962825,63.20789991622852,62.321807861328125,62.321807861328125,65600,0.0,0.0
1992-02-14 00:00:00-05:00,61.73106807527088,62.026432037353516,61.14034015110561,62.026432037353516,930080,0.0,0.0
1992-02-18 00:00:00-05:00,62.02642734234149,62.02642734234149,61.43569946289062,61.435699462890625,247600,0.0,0.0
1992-02-19 00:00:00-05:00,61.14033595911053,61.73106384277344,61.14033595911053,61.73106384277344,63320,0.0,0.0
1992-02-20 00:00:00-05:00,61.435704113188244,63.20788788568406,61.435704113188244,62.026432037353516,157880,0.0,0.0
1992-02-21 00:00:00-05:00,62.02644200000949,62.02644200000949,60.54962195239021,60.84498596191406,177680,0.0,0.0
1992-02-24 00:00:00-05:00,60.84497667067122,60.84497667067122,59.66352081298828,59.66352081298828,99040,0.0,0.0
1992-02-25 00:00:00-05:00,59.66351911756727,60.25424702962239,57.30060746934679,58.48206329345703,315760,0.0,0.0
1992-02-26 00:00:00-05:00,57.89133538140191,61.14033889770508,57.89133538140191,61.14033889770508,271000,0.0,0.0
1992-02-27 00:00:00-05:00,60.844987769827455,62.321807861328125,60.54962375152732,62.321807861328125,73320,0.0,0.0
1992-02-28 00:00:00-05:00,62.02642734234149,62.617155221792366,61.43569946289062,61.435699462890625,86040,0.0,0.0
1992-03-02 00:00:00-05:00,60.84498596191407,61.43571398096178,60.25425794286636,60.84498596191406,70480,0.0,0.0
1992-03-03 00:00:00-05:00,61.140344948604195,61.140344948604195,59.95888900756836,59.95888900756836,32320,0.0,0.0
1992-03-04 00:00:00-05:00,59.958883934020996,59.958883934020996,58.482064132690425,59.072792053222656,106560,0.0,0.0
1992-03-05 00:00:00-05:00,58.48206329345703,59.07279120551215,57.89133538140191,58.48206329345703,91440,0.0,0.0
1992-03-06 00:00:00-05:00,58.482064132690425,59.66351997375488,58.482064132690425,59.072792053222656,70040,0.0,0.0
1992-03-09 00:00:00-05:00,58.77743067475139,59.07279464799135,58.186702728271484,58.186702728271484,197240,0.0,0.0
1992-03-10 00:00:00-05:00,58.77743148803711,58.77743148803711,58.18670353338347,58.77743148803711,77600,0.0,0.0
1992-03-11 00:00:00-05:00,58.48206751071029,59.07279546536393,58.48206751071029,58.77743148803711,62800,0.0,0.0
1992-03-12 00:00:00-05:00,59.072792053222656,59.072792053222656,58.77742809295654,59.072792053222656,42960,0.0,0.0
1992-03-13 00:00:00-05:00,58.77742809295654,59.66351997375488,58.77742809295654,59.072792053222656,54800,0.0,0.0
1992-03-16 00:00:00-05:00,59.07279247075171,59.66352039545922,59.07279247075171,59.36815643310547,19840,0.0,0.0
1992-03-17 00:00:00-05:00,59.66352081298828,59.66352081298828,59.072792884146814,59.66352081298828,30240,0.0,0.0
1992-03-18 00:00:00-05:00,59.66352081298828,59.95888477740902,59.36815684856755,59.66352081298828,62480,0.0,0.0
1992-03-19 00:00:00-05:00,59.66351997375488,60.25424789428711,59.072792053222656,59.072792053222656,87200,0.0,0.0
1992-03-20 00:00:00-05:00,59.07279546536393,59.36815944269075,58.48206751071029,58.77743148803711,83600,0.0,0.0
1992-03-23 00:00:00-05:00,59.07279464799135,59.07279464799135,57.891338755031526,58.186702728271484,119760,0.0,0.0
1992-03-24 00:00:00-05:00,58.18670353338347,58.77743148803711,58.18670353338347,58.77743148803711,90760,0.0,0.0
1992-03-25 00:00:00-05:00,58.77743148803711,59.36815944269075,58.77743148803711,58.77743148803711,70600,0.0,0.0
1992-03-26 00:00:00-05:00,59.072792053222656,59.072792053222656,58.18670017242432,59.072792053222656,83280,0.0,0.0
1992-03-27 00:00:00-05:00,59.07279120551215,59.07279120551215,58.18669933742947,58.48206329345703,40720,0.0,0.0
1992-03-30 00:00:00-05:00,58.48206629071917,58.77743026188441,57.891338348388665,57.89133834838867,29440,0.0,0.0
1992-03-31 00:00:00-05:00,58.64963912963867,59.242059726907755,58.64963912963867,58.64963912963867,37560,0.175,0.0
1992-04-01 00:00:00-05:00,58.649636292105235,60.13068771362304,58.35342600780167,60.13068771362305,76440,0.0,0.0
1992-04-02 00:00:00-05:00,59.83447933671486,60.426899924207085,59.53826904296874,59.53826904296875,71920,0.0,0.0
1992-04-03 00:00:00-05:00,59.538268089294434,59.8344783782959,59.24205780029297,59.24205780029297,87640,0.0,0.0
1992-04-06 00:00:00-04:00,59.53826904296874,60.13068963046097,59.24205874922263,59.53826904296875,48640,0.0,0.0
1992-04-07 00:00:00-04:00,59.53827002554229,59.53827002554229,58.057218532369596,58.64963912963867,95560,0.0,0.0
1992-04-08 00:00:00-04:00,56.87237548828125,57.168585777282715,54.798903465270996,56.87237548828125,131720,0.0,0.0
1992-04-09 00:00:00-04:00,56.87237548828125,57.168585777282715,55.68753433227539,56.87237548828125,165440,0.0,0.0
1992-04-10 00:00:00-04:00,56.27996141482622,57.76101303100585,56.27996141482622,57.76101303100586,62240,0.0,0.0
1992-04-13 00:00:00-04:00,57.761006355285645,58.05721664428711,56.576165199279785,56.87237548828125,33640,0.0,0.0
1992-04-14 00:00:00-04:00,56.872380231946245,57.76101117307041,56.872380231946245,57.1685905456543,61160,0.0,0.0
1992-04-15 00:00:00-04:00,57.46479984205597,58.05722045898438,56.87237922512755,58.057220458984375,60120,0.0,0.0
1992-04-16 00:00:00-04:00,58.353430767448586,58.64964107591279,57.76101015052017,58.057220458984375,53840,0.0,0.0
1992-04-20 00:00:00-04:00,57.4647931295728,58.35342395116413,55.98374176025391,55.983741760253906,56080,0.0,0.0
1992-04-21 00:00:00-04:00,55.68753043464992,55.98374070291934,54.20647909330285,54.502689361572266,95000,0.0,0.0
1992-04-22 00:00:00-04:00,54.20648676554362,54.50269707573785,53.31785583496094,53.31785583496094,50120,0.0,0.0
1992-04-23 00:00:00-04:00,53.31785101639597,53.31785101639597,49.763327615302906,50.65195846557617,165840,0.0,0.0
1992-04-24 00:00:00-04:00,50.35574544559825,52.429217316887595,50.35574544559825,52.13300704956055,102160,0.0,0.0
1992-04-27 00:00:00-04:00,51.83679874126728,54.2064809694395,51.54058846274575,53.91027069091797,91200,0.0,0.0
1992-04-28 00:00:00-04:00,54.20648676554362,54.20648676554362,53.02164552476671,53.31785583496094,59360,0.0,0.0
1992-04-29 00:00:00-04:00,53.317854897269996,53.91027550723966,52.725434287300324,53.021644592285156,148040,0.0,0.0
1992-04-30 00:00:00-04:00,53.31784911074881,53.31784911074881,52.42921829223633,52.42921829223633,41520,0.0,0.0
1992-05-01 00:00:00-04:00,52.429217316887595,52.72542758421464,52.13300704956055,52.13300704956055,136880,0.0,0.0
1992-05-04 00:00:00-04:00,52.429219298310336,53.91027069091797,52.429219298310336,53.91027069091797,59200,0.0,0.0
1992-05-05 00:00:00-04:00,53.614066145155164,53.614066145155164,52.42922490437826,53.31785583496094,70360,0.0,0.0
1992-05-06 00:00:00-04:00,53.61406230926514,55.68753433227539,53.31785202026367,55.68753433227539,73400,0.0,0.0
1992-05-07 00:00:00-04:00,55.09511282556343,56.87237452961387,55.09511282556343,56.57616424560547,76760,0.0,0.0
1992-05-08 00:00:00-04:00,56.87237922512755,58.353430767448586,56.57616891666335,58.057220458984375,41160,0.0,0.0
1992-05-11 00:00:00-04:00,58.35342788696289,58.945848474647796,57.76100729927799,58.35342788696289,32160,0.0,0.0
1992-05-12 00:00:00-04:00,58.35343180048652,58.35343180048652,57.168590545654304,57.1685905456543,21960,0.0,0.0
1992-05-13 00:00:00-04:00,57.16858383981805,57.16858383981805,56.27995300292969,56.27995300292969,33800,0.0,0.0
1992-05-14 00:00:00-04:00,56.57616328189248,56.87237356085526,55.9837427239669,56.27995300292969,54360,0.0,0.0
1992-05-15 00:00:00-04:00,56.27995300292969,56.57616328189248,55.9837427239669,56.27995300292969,28480,0.0,0.0
1992-05-18 00:00:00-04:00,55.9837427239669,56.27995300292969,55.68753244500411,56.27995300292969,40240,0.0,0.0
1992-05-19 00:00:00-04:00,55.983742683164536,56.27995296191144,54.502691289430025,55.09511184692383,57160,0.0,0.0
1992-05-20 00:00:00-04:00,55.09511184692383,55.68753240441763,53.91027073193622,55.09511184692383,85440,0.0,0.0
1992-05-21 00:00:00-04:00,54.798906357561954,55.09511666219742,53.91027544365554,54.206485748291016,74360,0.0,0.0
1992-05-22 00:00:00-04:00,54.50268653663429,55.095107042467276,54.50268653663429,54.79889678955078,62400,0.0,0.0
1992-05-26 00:00:00-04:00,55.39132696683289,55.39132696683289,53.91027544365554,54.206485748291016,69000,0.0,0.0
1992-05-27 00:00:00-04:00,53.614064248760094,53.614064248760094,52.42922304989247,52.725433349609375,41840,0.0,0.0
1992-05-28 00:00:00-04:00,52.725434287300324,53.61406520225483,52.42922398231549,53.021644592285156,74160,0.0,0.0
1992-05-29 00:00:00-04:00,53.02164552476671,53.31785583496094,52.725435214572485,53.31785583496094,104040,0.0,0.0
1992-06-01 00:00:00-04:00,53.61406326293945,53.61406326293945,52.7254323801283,53.61406326293945,75720,0.0,0.0
1992-06-02 00:00:00-04:00,53.31785583496094,53.614066145155164,52.725435214572485,53.31785583496094,106120,0.0,0.0
1992-06-03 00:00:00-04:00,53.02163985535339,53.91027069091797,53.02163985535339,53.91027069091797,108160,0.0,0.0
1992-06-04 00:00:00-04:00,53.31785583496094,53.9102764553494,52.725435214572485,53.31785583496094,110200,0.0,0.0
1992-06-05 00:00:00-04:00,53.31784828849461,55.0951098981111,53.0216380202252,54.502689361572266,97640,0.0,0.0
1992-06-08 00:00:00-04:00,54.206483851480215,54.206483851480215,53.021642674398684,53.61406326293945,59720,0.0,0.0
1992-06-09 00:00:00-04:00,53.02163144766566,53.31784167921687,48.87468820594879,49.1708984375,280160,0.0,0.0
1992-06-10 00:00:00-04:00,49.763327592861145,50.355748159442825,47.986065893116105,49.46711730957031,185880,0.0,0.0
1992-06-11 00:00:00-04:00,49.763329500277365,50.355750089566385,49.17090891098835,50.059539794921875,105840,0.0,0.0
1992-06-12 00:00:00-04:00,50.355748159442825,50.65195844273367,49.467117309570305,49.46711730957031,153880,0.0,0.0
1992-06-15 00:00:00-04:00,49.17090311811014,49.17090311811014,47.68985181937188,48.28227233886719,219840,0.0,0.0
1992-06-16 00:00:00-04:00,48.57848641257616,48.87469669557967,47.097434997558594,47.097434997558594,187880,0.0,0.0
1992-06-17 00:00:00-04:00,46.5050163269043,47.097436917055944,45.320175146601,46.5050163269043,130960,0.0,0.0
1992-06-18 00:00:00-04:00,46.208805084228516,46.50501537322998,45.023963928222656,46.208805084228516,196880,0.0,0.0
1992-06-19 00:00:00-04:00,46.50501726850678,47.98606877387324,46.20880696743349,46.80122756958008,144440,0.0,0.0
1992-06-22 00:00:00-04:00,46.20880028509325,46.20880028509325,44.727748993904356,45.91259002685547,91120,0.0,0.0
1992-06-23 00:00:00-04:00,46.20880696743349,47.39364817172666,46.20880696743349,46.80122756958008,117600,0.0,0.0
1992-06-24 00:00:00-04:00,46.80121812820435,48.28226933479309,46.80121812820435,47.393638610839844,136280,0.0,0.0
1992-06-25 00:00:00-04:00,47.68984885215759,47.98605909347534,47.09742836952209,47.393638610839844,185920,0.0,0.0
1992-06-26 00:00:00-04:00,47.286579836705684,47.286579836705684,46.09698034395837,46.69178009033203,103200,0.2,0.0
1992-06-29 00:00:00-04:00,46.6917898758598,48.476189488949984,46.09699000482974,47.88138961791992,84560,0.0,0.0
1992-06-30 00:00:00-04:00,48.178772943670104,49.07097244262695,46.98917361172763,49.07097244262695,150120,0.0,0.0
1992-07-01 00:00:00-04:00,48.77359053146007,51.15279006958008,48.178790646930075,51.15279006958008,139760,0.0,0.0
1992-07-02 00:00:00-04:00,51.15277687900037,51.450176744575955,48.47617808882012,49.368377685546875,130720,0.0,0.0
1992-07-06 00:00:00-04:00,49.963181345086355,51.15278090092174,49.665781456127505,50.85538101196289,57320,0.0,0.0
1992-07-07 00:00:00-04:00,50.55799018505008,51.15279006958008,50.26059024278508,51.15279006958008,74720,0.0,0.0
1992-07-08 00:00:00-04:00,50.557977862474395,50.557977862474395,48.1787789042403,48.77357864379883,58120,0.0,0.0
1992-07-09 00:00:00-04:00,48.773573557535805,50.260572751363114,48.773573557535805,49.963172912597656,129240,0.0,0.0
1992-07-10 00:00:00-04:00,50.55797259012858,51.1527722676595,49.66577307383219,49.963172912597656,33840,0.0,0.0
1992-07-13 00:00:00-04:00,50.26058197021485,50.557981863529726,49.368382290270205,50.260581970214844,135120,0.0,0.0
1992-07-14 00:00:00-04:00,50.85538101196289,51.747580678839434,50.2605812340452,50.85538101196289,167480,0.0,0.0
1992-07-15 00:00:00-04:00,51.1527839403474,53.23458328675688,50.55798412708754,52.93718338012695,78360,0.0,0.0
1992-07-16 00:00:00-04:00,52.63978349542342,53.23458330893103,51.1527839616544,51.4501838684082,98120,0.0,0.0
1992-07-17 00:00:00-04:00,51.15279006958008,51.747589954110076,49.36839041599008,51.15279006958008,22640,0.0,0.0
1992-07-20 00:00:00-04:00,50.26057728227362,50.55797714784921,49.07097781997129,49.368377685546875,82280,0.0,0.0
1992-07-21 00:00:00-04:00,49.66578923101011,49.96318916652513,46.39438994034477,47.88138961791992,137160,0.0,0.0
1992-07-22 00:00:00-04:00,48.47618326387907,48.47618326387907,42.825585214715254,45.20478439331055,388160,0.0,0.0
1992-07-23 00:00:00-04:00,45.79957761764526,47.881376600265504,45.79957761764526,47.58397674560547,137840,0.0,0.0
1992-07-24 00:00:00-04:00,47.881385852129036,47.881385852129036,46.39438629150391,46.394386291503906,268920,0.0,0.0
1992-07-27 00:00:00-04:00,46.39438398260819,46.39438398260819,45.20478439331055,45.20478439331055,201960,0.0,0.0
1992-07-28 00:00:00-04:00,45.79957962036133,46.394379355690695,45.50217975269664,45.79957962036133,279960,0.0,0.0
1992-07-29 00:00:00-04:00,45.79957761764526,47.881376600265504,45.502177762985234,47.58397674560547,362560,0.0,0.0
1992-07-30 00:00:00-04:00,48.1787789042403,49.07097851357808,47.58397916468178,48.77357864379883,196560,0.0,0.0
1992-07-31 00:00:00-04:00,48.77357864379883,49.66577825313661,48.77357864379883,48.77357864379883,124120,0.0,0.0
1992-08-03 00:00:00-04:00,48.77358323514105,50.2605827240173,48.476183337365796,49.6657829284668,73320,0.0,0.0
1992-08-04 00:00:00-04:00,50.26058197021485,51.45018154347437,49.96318207689997,50.260581970214844,127960,0.0,0.0
1992-08-05 00:00:00-04:00,49.665781456127505,51.15278090092174,49.368381567168655,50.85538101196289,105720,0.0,0.0
1992-08-06 00:00:00-04:00,50.85538101196289,50.85538101196289,49.665781456127505,50.85538101196289,79280,0.0,0.0
1992-08-07 00:00:00-04:00,50.85537957327706,52.044979095458984,50.26057981218611,52.044979095458984,40400,0.0,0.0
1992-08-10 00:00:00-04:00,51.45017933436802,52.044979095458984,51.152779453822546,52.044979095458984,32480,0.0,0.0
1992-08-11 00:00:00-04:00,51.747580678839434,52.044980567798284,50.55798112300405,50.85538101196289,93720,0.0,0.0
1992-08-12 00:00:00-04:00,50.855390127315076,51.747589954110076,49.66579035825507,51.15279006958008,124800,0.0,0.0
1992-08-13 00:00:00-04:00,51.152783203125004,53.531982421875,51.152783203125004,53.531982421875,58160,0.0,0.0
1992-08-14 00:00:00-04:00,54.126782226562504,54.42418212890625,53.23458251953125,53.531982421875,49320,0.0,0.0
1992-08-17 00:00:00-04:00,53.53198393932363,54.42418367164569,53.53198393932363,53.829383850097656,68240,0.0,0.0
1992-08-18 00:00:00-04:00,53.82938385009765,54.126783760871675,53.53198393932363,53.829383850097656,67840,0.0,0.0
1992-08-19 00:00:00-04:00,53.82938156547127,54.42418136177482,53.82938156547127,54.12678146362305,19920,0.0,0.0
1992-08-20 00:00:00-04:00,54.7215775270513,56.50597679423776,54.424177649186895,55.61377716064453,82160,0.0,0.0
1992-08-21 00:00:00-04:00,55.9111808525337,55.9111808525337,53.82938156547127,54.12678146362305,56960,0.0,0.0
1992-08-24 00:00:00-04:00,54.42418056892949,54.42418056892949,53.23458099365235,53.234580993652344,93000,0.0,0.0
1992-08-25 00:00:00-04:00,53.23458328675688,53.829383100016734,51.747583753607245,52.93718338012695,70880,0.0,0.0
1992-08-26 00:00:00-04:00,53.23458402854961,53.82938385009765,52.937184117775594,53.829383850097656,38040,0.0,0.0
1992-08-27 00:00:00-04:00,53.531980929167375,54.721580505371094,53.531980929167375,54.721580505371094,61320,0.0,0.0
1992-08-28 00:00:00-04:00,54.72157599336358,56.50597521053848,54.42417612383443,55.316375732421875,48920,0.0,0.0
1992-08-31 00:00:00-04:00,55.316383403967755,55.316383403967755,53.82938385009765,53.829383850097656,21480,0.0,0.0
1992-09-01 00:00:00-04:00,54.12677708378545,57.10077582465278,54.12677708378545,56.20857620239258,70880,0.0,0.0
1992-09-02 00:00:00-04:00,56.505985162197014,57.992984771728516,56.20858524029072,57.992984771728516,44600,0.0,0.0
1992-09-03 00:00:00-04:00,57.39818115234375,57.99298095703125,56.5059814453125,56.5059814453125,246920,0.0,0.0
1992-09-04 00:00:00-04:00,56.50597521053848,56.50597521053848,55.01897586289273,55.316375732421875,29280,0.0,0.0
1992-09-08 00:00:00-04:00,55.91117776406779,56.50597752751531,55.01897811889649,55.018978118896484,51720,0.0,0.0
1992-09-09 00:00:00-04:00,55.31638029347295,55.91118008157481,54.42418061132016,54.721580505371094,82080,0.0,0.0
1992-09-10 00:00:00-04:00,54.721590469443726,55.31639036585072,54.42419052124023,54.424190521240234,47160,0.0,0.0
1992-09-11 00:00:00-04:00,54.72157823717272,55.316378000620254,54.126778473725196,55.018978118896484,54000,0.0,0.0
1992-09-14 00:00:00-04:00,55.613775762587935,56.80337524414062,55.613775762587935,56.803375244140625,78360,0.0,0.0
1992-09-15 00:00:00-04:00,56.80338134765625,56.80338134765625,56.20858154296875,56.5059814453125,89160,0.0,0.0
1992-09-16 00:00:00-04:00,55.61377645421911,56.20857620239258,55.01897670604565,56.20857620239258,40480,0.0,0.0
1992-09-17 00:00:00-04:00,55.613781738281254,56.5059814453125,55.613781738281254,56.5059814453125,31800,0.0,0.0
1992-09-18 00:00:00-04:00,55.911181640625,56.5059814453125,55.911181640625,56.5059814453125,15840,0.0,0.0
1992-09-21 00:00:00-04:00,56.5059814453125,56.5059814453125,56.20858154296875,56.5059814453125,17640,0.0,0.0
1992-09-22 00:00:00-04:00,56.50597450581002,56.50597450581002,55.61377490834987,55.91117477416992,21800,0.0,0.0
1992-09-23 00:00:00-04:00,55.91117776406779,55.91117776406779,54.72157823717272,55.018978118896484,78160,0.0,0.0
1992-09-24 00:00:00-04:00,55.01898039942202,55.61378018752388,54.42418061132016,54.721580505371094,68560,0.0,0.0
1992-09-25 00:00:00-04:00,54.72158119064605,55.0189810884213,48.77358323514105,49.6657829284668,88640,0.0,0.0
1992-09-28 00:00:00-04:00,47.468494415283196,48.36412638538288,46.87140643521674,47.4684944152832,187560,0.2,0.0
1992-09-29 00:00:00-04:00,47.46850023390372,47.767044260532046,46.57286815401874,47.16995620727539,213920,0.0,0.0
1992-09-30 00:00:00-04:00,47.468499149995694,51.05102738773122,47.468499149995694,50.75248336791992,134320,0.0,0.0
1992-10-01 00:00:00-04:00,50.155393366228076,51.94665741502193,49.856849358095765,51.051025390625,76000,0.0,0.0
1992-10-02 00:00:00-04:00,50.75248354957217,51.648115612211676,50.15539550781249,50.1553955078125,32480,0.0,0.0
1992-10-05 00:00:00-04:00,47.76703442532592,48.66266632080078,46.274314599534485,48.66266632080078,83400,0.0,0.0
1992-10-06 00:00:00-04:00,48.66267411605172,48.66267411605172,47.76704207710598,48.06558609008789,20800,0.0,0.0
1992-10-07 00:00:00-04:00,48.06558809280396,48.3641321182251,47.46850004196167,47.76704406738281,58920,0.0,0.0
1992-10-08 00:00:00-04:00,47.76703442532592,48.66266632080078,46.87140252985106,48.66266632080078,54480,0.0,0.0
1992-10-09 00:00:00-04:00,48.065588287160374,48.364132313788694,46.57286815401874,47.16995620727539,92520,0.0,0.0
1992-10-12 00:00:00-04:00,47.16994670697838,47.46849067347824,46.57285877397866,46.871402740478516,96760,0.0,0.0
1992-10-13 00:00:00-04:00,47.46849067347824,48.96121050597756,46.274314807478795,46.871402740478516,275160,0.0,0.0
1992-10-14 00:00:00-04:00,47.16995042524997,47.468494415283196,46.57286244518352,47.4684944152832,90720,0.0,0.0
1992-10-15 00:00:00-04:00,47.468494415283196,47.76703840531643,47.16995042524997,47.4684944152832,42680,0.0,0.0
1992-10-16 00:00:00-04:00,47.76703840531643,48.06558239534966,47.468494415283196,47.4684944152832,63040,0.0,0.0
1992-10-19 00:00:00-04:00,47.46850004196167,47.76704406738281,46.572867965698244,47.76704406738281,194360,0.0,0.0
1992-10-20 00:00:00-04:00,48.66267522924087,51.05102738773122,48.36413120942957,50.75248336791992,53040,0.0,0.0
1992-10-21 00:00:00-04:00,50.75248336791992,51.05102738773122,49.25976326886345,50.75248336791992,38480,0.0,0.0
1992-10-22 00:00:00-04:00,50.75248812451775,50.75248812451775,46.57287145543981,48.3641357421875,168600,0.0,0.0
1992-10-23 00:00:00-04:00,48.36412638538288,48.66267037541611,47.16995042524997,47.4684944152832,92760,0.0,0.0
1992-10-26 00:00:00-05:00,47.76704207710598,48.364130103069805,47.46849806412406,48.06558609008789,48840,0.0,0.0
1992-10-27 00:00:00-05:00,48.065588287160374,48.364132313788694,47.1699562072754,47.16995620727539,65160,0.0,0.0
1992-10-28 00:00:00-05:00,47.46850043076736,47.46850043076736,46.57286834716797,46.57286834716797,89320,0.0,0.0
1992-10-29 00:00:00-05:00,46.87141237503443,47.169956402900894,45.97578029143505,46.57286834716797,150760,0.0,0.0
1992-10-30 00:00:00-05:00,46.87141003816024,48.364130103069805,46.274322012196414,48.06558609008789,104280,0.0,0.0
1992-11-02 00:00:00-05:00,47.76704406738281,48.662676143646244,47.16995601654053,47.76704406738281,39680,0.0,0.0
1992-11-03 00:00:00-05:00,47.76704369521723,49.25976381069277,47.46849967212212,48.961219787597656,58400,0.0,0.0
1992-11-04 00:00:00-05:00,48.66266632080078,49.55829821627564,48.065578390484205,48.66266632080078,38200,0.0,0.0
1992-11-05 00:00:00-05:00,48.662676143646244,48.96122016906738,47.76704406738281,47.76704406738281,19080,0.0,0.0
1992-11-06 00:00:00-05:00,48.36412783703172,49.558303833007805,48.065583838037696,49.55830383300781,43800,0.0,0.0
1992-11-09 00:00:00-05:00,49.55830728867475,51.05102738773122,49.55830728867475,50.75248336791992,60120,0.0,0.0
1992-11-10 00:00:00-05:00,51.94665891473944,52.543746948242195,51.34957088123669,52.54374694824219,152840,0.0,0.0
1992-11-11 00:00:00-05:00,52.5437503390842,54.03647051917182,52.24520630306668,53.7379264831543,177080,0.0,0.0
1992-11-12 00:00:00-05:00,54.036464545244726,55.230640557294336,54.036464545244726,54.63355255126953,87240,0.0,0.0
1992-11-13 00:00:00-05:00,54.63355255126953,54.932096554281934,54.036464545244726,54.63355255126953,38960,0.0,0.0
1992-11-16 00:00:00-05:00,54.63355454245767,54.93209855635087,54.03646651467124,54.33501052856445,13600,0.0,0.0
1992-11-17 00:00:00-05:00,54.63355859120687,54.63355859120687,53.7379264831543,53.7379264831543,43280,0.0,0.0
1992-11-18 00:00:00-05:00,54.03646634972614,55.23064240165379,54.03646634972614,54.932098388671875,63080,0.0,0.0
1992-11-19 00:00:00-05:00,55.230646030877224,56.12627812867523,55.230646030877224,55.52919006347656,53560,0.0,0.0
1992-11-20 00:00:00-05:00,55.82772618343955,57.32044613486842,55.82772618343955,56.723358154296875,75160,0.0,0.0
1992-11-23 00:00:00-05:00,57.021907806396484,57.32045182632526,56.42481976653893,57.021907806396484,87560,0.0,0.0
1992-11-24 00:00:00-05:00,56.723358154296875,57.32044613486842,56.723358154296875,56.723358154296875,41680,0.0,0.0
1992-11-25 00:00:00-05:00,56.723365390423645,58.51462956064755,56.723365390423645,57.91754150390625,48080,0.0,0.0
1992-11-27 00:00:00-05:00,57.61899584625404,58.21608388611159,57.021907806396484,57.021907806396484,60040,0.0,0.0
1992-11-30 00:00:00-05:00,56.723365390423645,58.51462956064755,56.723365390423645,57.91754150390625,65480,0.0,0.0
1992-12-01 00:00:00-05:00,57.91754150390624,58.21608553227689,57.61899747553559,57.91754150390625,121400,0.0,0.0
1992-12-02 00:00:00-05:00,57.3204460144043,57.91753399372101,57.02190202474594,57.3204460144043,51360,0.0,0.0
1992-12-03 00:00:00-05:00,57.91753571339143,58.21607971191407,57.32044771634616,58.21607971191406,47520,0.0,0.0
1992-12-04 00:00:00-05:00,58.216077983379364,58.51462197303772,56.723358035087585,57.3204460144043,50480,0.0,0.0
1992-12-07 00:00:00-05:00,57.91754150390624,58.21608553227689,57.021909418794294,57.91754150390625,121880,0.0,0.0
1992-12-08 00:00:00-05:00,57.32044745210427,59.410255432128906,57.32044745210427,59.410255432128906,57200,0.0,0.0
1992-12-09 00:00:00-05:00,59.70880142366043,60.007345430778734,58.813169402305526,59.11171340942383,70280,0.0,0.0
1992-12-10 00:00:00-05:00,58.216078105725735,58.81316608629729,56.723358154296875,56.723358154296875,65720,0.0,0.0
1992-12-11 00:00:00-05:00,55.52918219315378,56.723358154296875,55.23063820286801,56.723358154296875,105400,0.0,0.0
1992-12-14 00:00:00-05:00,56.723362131321686,56.723362131321686,54.93209806401679,56.12627410888672,100080,0.0,0.0
1992-12-15 00:00:00-05:00,55.52919208423511,56.12628017116237,54.932103997307856,55.230648040771484,62840,0.0,0.0
1992-12-16 00:00:00-05:00,53.73791512478603,53.73791512478603,51.946651287293165,53.14082717895508,238200,0.0,0.0
1992-12-17 00:00:00-05:00,53.14084041318414,54.03647255497937,53.14084041318414,53.43938446044922,111440,0.0,0.0
1992-12-18 00:00:00-05:00,53.43937848688482,54.33501052856445,52.54374644520519,54.33501052856445,180240,0.0,0.0
1992-12-21 00:00:00-05:00,38.21362855380639,41.19906828457251,37.31799663457655,39.70634841918945,1939480,0.0,0.0
1992-12-22 00:00:00-05:00,42.094703952761456,42.094703952761456,39.40780795577668,40.90052795410156,1291280,0.0,0.0
1992-12-23 00:00:00-05:00,40.90052795410156,41.199071953766534,40.00489595510663,40.90052795410156,667920,0.0,0.0
1992-12-24 00:00:00-05:00,40.90053334917341,41.796165466308594,40.303445271083284,41.796165466308594,215800,0.0,0.0
1992-12-28 00:00:00-05:00,42.39324591816336,42.39324591816336,40.90052599146746,41.19906997680664,253920,0.0,0.0
1992-12-29 00:00:00-05:00,41.39103130584067,42.29083633422851,41.39103130584067,42.290836334228516,495920,0.2,0.0
1992-12-30 00:00:00-05:00,41.99089318933621,43.19063299474581,41.99089318933621,42.590763092041016,259720,0.0,0.0
1992-12-31 00:00:00-05:00,43.19064010940232,43.790510110921794,42.2908351071231,42.89070510864258,183560,0.0,0.0
1993-01-04 00:00:00-05:00,43.79051138154158,43.79051138154158,42.29083633422851,42.290836334228516,223600,0.0,0.0
1993-01-05 00:00:00-05:00,42.290834969847744,42.290834969847744,40.79115997091697,41.091094970703125,755200,0.0,0.0
1993-01-06 00:00:00-05:00,41.39102732340495,41.69096230400933,39.891352420383036,40.4912223815918,483400,0.0,0.0
1993-01-07 00:00:00-05:00,40.7911604661208,40.7911604661208,38.391680438701925,38.99155044555664,669120,0.0,0.0
1993-01-08 00:00:00-05:00,38.391680438701925,39.59142045241136,38.391680438701925,38.99155044555664,390000,0.0,0.0
1993-01-11 00:00:00-05:00,39.29148867797852,39.59142370605469,37.191943481445314,37.491878509521484,319040,0.0,0.0
1993-01-12 00:00:00-05:00,37.191946792602536,37.491881847381585,34.492531299591064,35.99220657348633,854080,0.0,0.0
1993-01-13 00:00:00-05:00,35.992203369140626,37.491878509521484,35.392333312988285,37.491878509521484,822880,0.0,0.0
1993-01-14 00:00:00-05:00,37.791814759720204,38.99155491082243,37.791814759720204,38.691619873046875,389600,0.0,0.0
1993-01-15 00:00:00-05:00,38.99154118129185,40.49121584211077,38.391671316964285,39.8913459777832,475960,0.0,0.0
1993-01-18 00:00:00-05:00,40.191289971344666,41.391029970489285,40.191289971344666,41.091094970703125,305760,0.0,0.0
1993-01-19 00:00:00-05:00,41.69096374511719,41.99089873608925,41.091093763173056,41.69096374511719,252960,0.0,0.0
1993-01-20 00:00:00-05:00,41.391029970489285,41.99089997006159,40.79115997091697,41.091094970703125,494000,0.0,0.0
1993-01-21 00:00:00-05:00,41.391030592076916,41.391030592076916,40.49122557920568,40.791160583496094,161480,0.0,0.0
1993-01-22 00:00:00-05:00,41.09109497070313,41.09109497070313,40.49122497113082,41.091094970703125,352960,0.0,0.0
1993-01-25 00:00:00-05:00,40.791160583496094,41.391030592076916,40.791160583496094,40.791160583496094,84640,0.0,0.0
1993-01-26 00:00:00-05:00,41.391030592076916,41.391030592076916,40.49122557920568,40.791160583496094,194360,0.0,0.0
1993-01-27 00:00:00-05:00,40.791150774274556,41.091085706438335,39.591411045619424,39.8913459777832,213160,0.0,0.0
1993-01-28 00:00:00-05:00,39.29148801167806,39.891358057657875,38.69161796569824,39.59142303466797,89760,0.0,0.0
1993-01-29 00:00:00-05:00,39.59142303466797,39.59142303466797,38.99155298868815,39.59142303466797,189240,0.0,0.0
1993-02-01 00:00:00-05:00,39.59141997177236,41.09109497070313,39.2914849719862,41.091094970703125,412600,0.0,0.0
1993-02-02 00:00:00-05:00,40.791161836083255,41.09109684958387,40.19129180908203,40.19129180908203,270560,0.0,0.0
1993-02-03 00:00:00-05:00,40.19129308064779,40.491228103637695,39.29148801167806,39.59142303466797,201840,0.0,0.0
1993-02-04 00:00:00-05:00,39.891358057657875,39.891358057657875,38.391682942708336,39.59142303466797,112280,0.0,0.0
1993-02-05 00:00:00-05:00,40.791150774274556,40.791150774274556,38.99154118129185,39.8913459777832,452400,0.0,0.0
1993-02-08 00:00:00-05:00,39.59142045241136,40.491225462693436,38.99155044555665,38.99155044555664,121320,0.0,0.0
1993-02-09 00:00:00-05:00,38.99155491082243,39.291489948597984,38.09174979749576,38.691619873046875,169520,0.0,0.0
1993-02-10 00:00:00-05:00,38.391680438701925,38.99155044555665,38.09174543527457,38.99155044555664,158840,0.0,0.0
1993-02-11 00:00:00-05:00,39.59142303466797,40.7911631266276,39.59142303466797,39.59142303466797,412600,0.0,0.0
1993-02-12 00:00:00-05:00,40.19129373099057,40.791163786677004,38.69161859177451,39.29148864746094,296040,0.0,0.0
1993-02-16 00:00:00-05:00,38.39167637978831,38.39167637978831,35.992196606051536,37.19193649291992,505880,0.0,0.0
1993-02-17 00:00:00-05:00,38.09174140807121,38.09174140807121,35.992196606051536,37.19193649291992,626280,0.0,0.0
1993-02-18 00:00:00-05:00,37.191940178305416,37.49187517974336,34.492525165363894,35.392330169677734,862920,0.0,0.0
1993-02-19 00:00:00-05:00,36.292134377808694,37.19193936238246,33.292784429229464,33.89265441894531,713520,0.0,0.0
1993-02-22 00:00:00-05:00,33.89265349251883,33.89265349251883,30.893303625924247,31.493173599243164,460720,0.0,0.0
1993-02-23 00:00:00-05:00,32.3929747208305,34.49251937866211,32.0930397697117,34.49251937866211,327520,0.0,0.0
1993-02-24 00:00:00-05:00,35.392328372671585,36.89200330371699,34.79245840025342,36.29213333129883,229480,0.0,0.0
1993-02-25 00:00:00-05:00,35.99220657348632,36.29214162826538,35.69227151870727,35.99220657348633,242320,0.0,0.0
1993-02-26 00:00:00-05:00,36.29214162826538,36.29214162826538,35.99220657348632,35.99220657348633,47920,0.0,0.0
1993-03-01 00:00:00-05:00,36.29214162826538,36.89201173782348,35.69227151870727,35.99220657348633,320040,0.0,0.0
1993-03-02 00:00:00-05:00,35.99220089796113,36.892005920410156,35.69226589047812,36.892005920410156,201240,0.0,0.0
1993-03-03 00:00:00-05:00,36.892005920410156,36.892005920410156,36.59207091292715,36.892005920410156,109160,0.0,0.0
1993-03-04 00:00:00-05:00,36.89200330371699,36.89200330371699,35.99219834508975,36.29213333129883,83200,0.0,0.0
1993-03-05 00:00:00-05:00,35.692264556884766,36.29213454943745,35.692264556884766,35.692264556884766,152240,0.0,0.0
1993-03-08 00:00:00-05:00,35.39233646392822,36.29214162826538,35.39233646392822,35.99220657348633,38840,0.0,0.0
1993-03-09 00:00:00-05:00,36.29213590544414,37.19194092789317,35.69226589047812,36.892005920410156,84960,0.0,0.0
1993-03-10 00:00:00-05:00,36.892008453369144,38.09174856567383,36.892008453369144,37.491878509521484,172600,0.0,0.0
1993-03-11 00:00:00-05:00,37.791814759720204,39.291489948597984,37.49187972194464,38.691619873046875,218120,0.0,0.0
1993-03-12 00:00:00-05:00,38.6916113515054,38.6916113515054,36.89200152120283,37.19193649291992,108280,0.0,0.0
1993-03-15 00:00:00-05:00,37.191943481445314,38.09174856567383,36.892008453369144,37.491878509521484,59360,0.0,0.0
1993-03-16 00:00:00-05:00,36.89201173782348,37.191946792602536,35.39233646392822,35.99220657348633,144000,0.0,0.0
1993-03-17 00:00:00-05:00,35.99219955316111,35.99219955316111,35.392329560608424,35.692264556884766,239600,0.0,0.0
1993-03-18 00:00:00-05:00,35.99219955316111,36.29213454943745,35.392329560608424,35.692264556884766,125280,0.0,0.0
1993-03-19 00:00:00-05:00,35.99220657348632,36.29214162826538,35.39233646392822,35.99220657348633,130720,0.0,0.0
1993-03-22 00:00:00-05:00,35.99219955316111,36.29213454943745,35.692264556884766,35.692264556884766,105680,0.0,0.0
1993-03-23 00:00:00-05:00,35.992209012391136,36.592079162597656,35.992209012391136,36.592079162597656,142000,0.0,0.0
1993-03-24 00:00:00-05:00,37.19194092789317,37.49187593537618,36.29213590544414,36.892005920410156,194480,0.0,0.0
1993-03-25 00:00:00-05:00,37.19194092789317,37.49187593537618,36.59207091292715,36.892005920410156,69560,0.0,0.0
1993-03-26 00:00:00-05:00,36.89201423770091,36.89201423770091,36.29214408749439,36.592079162597656,80160,0.0,0.0
1993-03-29 00:00:00-05:00,36.892010271549225,38.391685485839844,36.5920752286911,38.391685485839844,92840,0.0,0.0
1993-03-30 00:00:00-05:00,40.491228103637695,40.491228103637695,39.59142303466797,39.59142303466797,213040,0.0,0.0
1993-03-31 00:00:00-05:00,40.38710890721231,41.291297912597656,40.08571257208386,41.291297912597656,223040,0.2,0.0
1993-04-01 00:00:00-05:00,40.98989663195254,41.29129293071689,40.38710403442383,40.38710403442383,83320,0.0,0.0
1993-04-02 00:00:00-05:00,40.68850603970614,40.68850603970614,39.181524334531844,39.78431701660156,118600,0.0,0.0
1993-04-05 00:00:00-04:00,39.78431595203488,39.78431595203488,38.880126953125,38.880126953125,141080,0.0,0.0
1993-04-06 00:00:00-04:00,39.1815188393664,40.68850033318818,39.1815188393664,40.38710403442383,104400,0.0,0.0
1993-04-07 00:00:00-04:00,40.38710492356379,40.38710492356379,39.784312312764335,40.08570861816406,306720,0.0,0.0
1993-04-08 00:00:00-04:00,39.78431143689511,40.68850033318818,39.78431143689511,40.38710403442383,39600,0.0,0.0
1993-04-12 00:00:00-04:00,40.38710605396944,40.989898681640625,40.38710605396944,40.989898681640625,83680,0.0,0.0
1993-04-13 00:00:00-04:00,41.291293213332914,41.59268951416016,40.989896912505664,41.592689514160156,48520,0.0,0.0
1993-04-14 00:00:00-04:00,41.291293213332914,41.894085814987406,40.989896912505664,41.592689514160156,141840,0.0,0.0
1993-04-15 00:00:00-04:00,40.989898681640625,41.29129499547622,40.38710605396944,40.989898681640625,283440,0.0,0.0
1993-04-16 00:00:00-04:00,40.688496436272466,43.099666595458984,40.688496436272466,43.099666595458984,162120,0.0,0.0
1993-04-19 00:00:00-04:00,43.099666595458984,43.401062865357304,42.79827032556067,43.099666595458984,111520,0.0,0.0
1993-04-20 00:00:00-04:00,43.09967069560978,44.60665218846327,42.79827439703909,44.30525588989258,71120,0.0,0.0
1993-04-21 00:00:00-04:00,44.90805435180664,44.90805435180664,43.099676324217114,44.90805435180664,308960,0.0,0.0
1993-04-22 00:00:00-04:00,44.00385959132188,44.60665218846327,44.00385959132188,44.30525588989258,149720,0.0,0.0
1993-04-23 00:00:00-04:00,44.30526248613993,44.30526248613993,43.09967711236742,43.40107345581055,117440,0.0,0.0
1993-04-26 00:00:00-04:00,43.401062865357304,44.00385540515393,42.79827032556067,43.099666595458984,186760,0.0,0.0
1993-04-27 00:00:00-04:00,43.09967513823173,43.09967513823173,42.19548614931778,42.79827880859375,84800,0.0,0.0
1993-04-28 00:00:00-04:00,43.40107345581055,43.40107345581055,42.798280768924286,43.40107345581055,49760,0.0,0.0
1993-04-29 00:00:00-04:00,43.40107345581055,44.0038661426968,43.40107345581055,43.40107345581055,47280,0.0,0.0
1993-04-30 00:00:00-04:00,44.0038661426968,45.209451516469315,43.40107345581055,43.40107345581055,256800,0.0,0.0
1993-05-03 00:00:00-04:00,43.702463292751176,44.60665218846327,43.702463292751176,44.30525588989258,70920,0.0,0.0
1993-05-04 00:00:00-04:00,44.606653585062396,46.716427741112646,44.606653585062396,46.41503143310547,144280,0.0,0.0
1993-05-05 00:00:00-04:00,47.01782884784773,47.01782884784773,45.510847154006456,46.11363983154297,94160,0.0,0.0
1993-05-06 00:00:00-04:00,46.41503027101227,46.41503027101227,45.51084136962891,45.510841369628906,59680,0.0,0.0
1993-05-07 00:00:00-04:00,45.81224060058594,46.113636920326634,45.51084428084524,45.81224060058594,135720,0.0,0.0
1993-05-10 00:00:00-04:00,45.81224060058594,46.41503324006733,45.51084428084524,45.81224060058594,96720,0.0,0.0
1993-05-11 00:00:00-04:00,45.81223767009003,45.81223767009003,45.20944506916779,45.510841369628906,53160,0.0,0.0
1993-05-12 00:00:00-04:00,45.209447757617845,45.209447757617845,44.00386248408137,44.60665512084961,69120,0.0,0.0
1993-05-13 00:00:00-04:00,44.00385665893555,44.30525293742141,43.401064101963826,44.00385665893555,42840,0.0,0.0
1993-05-14 00:00:00-04:00,43.7024635668622,45.81223767009003,43.7024635668622,45.510841369628906,88160,0.0,0.0
1993-05-17 00:00:00-04:00,45.51084136962891,45.81223767009003,45.20944506916779,45.510841369628906,42680,0.0,0.0
1993-05-18 00:00:00-04:00,45.81223767009003,45.81223767009003,45.20944506916779,45.510841369628906,34440,0.0,0.0
1993-05-19 00:00:00-04:00,45.51084108417537,45.51084108417537,43.40106699418048,44.30525588989258,184640,0.0,0.0
1993-05-20 00:00:00-04:00,44.30525588989257,44.60665218846327,44.00385959132188,44.30525588989258,1109000,0.0,0.0
1993-05-21 00:00:00-04:00,44.30525167505225,44.30525167505225,42.79827032556067,43.099666595458984,739240,0.0,0.0
1993-05-24 00:00:00-04:00,43.40107146786971,43.40107146786971,42.19548614931778,42.79827880859375,107760,0.0,0.0
1993-05-25 00:00:00-04:00,42.496884425481156,43.40107345581055,42.496884425481156,43.40107345581055,30160,0.0,0.0
1993-05-26 00:00:00-04:00,43.401064101963826,44.00385665893555,43.099667823477965,44.00385665893555,341200,0.0,0.0
1993-05-27 00:00:00-04:00,43.401072400681514,43.401072400681514,42.496883392333984,42.496883392333984,76680,0.0,0.0
1993-05-28 00:00:00-04:00,42.49687405566236,43.401062865357304,41.89408151586573,43.099666595458984,46120,0.0,0.0
1993-06-01 00:00:00-04:00,42.49687405566236,43.702459135255616,42.49687405566236,43.099666595458984,126160,0.0,0.0
1993-06-02 00:00:00-04:00,42.49688525851682,43.099677957219185,41.59269621046327,41.89409255981445,103440,0.0,0.0
1993-06-03 00:00:00-04:00,41.894085814987406,41.894085814987406,40.989896912505664,41.592689514160156,95920,0.0,0.0
1993-06-04 00:00:00-04:00,41.59268951416016,41.894085814987406,41.59268951416016,41.592689514160156,122880,0.0,0.0
1993-06-07 00:00:00-04:00,41.59269621046327,42.49688525851682,41.59269621046327,41.89409255981445,47440,0.0,0.0
1993-06-08 00:00:00-04:00,41.592694383986455,42.496883392333984,41.592694383986455,42.496883392333984,65680,0.0,0.0
1993-06-09 00:00:00-04:00,42.195482115814656,42.496878416641906,41.59268951416016,41.592689514160156,56240,0.0,0.0
1993-06-10 00:00:00-04:00,41.59268951416016,42.195482115814656,41.59268951416016,41.592689514160156,71800,0.0,0.0
1993-06-11 00:00:00-04:00,41.89408784593854,42.496880476815356,41.89408784593854,42.19548416137695,40600,0.0,0.0
1993-06-14 00:00:00-04:00,42.496880476815356,42.496880476815356,41.89408784593854,42.19548416137695,17200,0.0,0.0
1993-06-15 00:00:00-04:00,42.49688525851682,42.49688525851682,41.29129986111209,41.89409255981445,88440,0.0,0.0
1993-06-16 00:00:00-04:00,41.8940907201023,42.496883392333984,40.98990171175477,42.496883392333984,165640,0.0,0.0
1993-06-17 00:00:00-04:00,42.49688525851682,42.798281607868,41.59269621046327,41.89409255981445,62160,0.0,0.0
1993-06-18 00:00:00-04:00,42.19547778576404,43.099666595458984,42.19547778576404,43.099666595458984,229200,0.0,0.0
1993-06-21 00:00:00-04:00,43.09967310769217,44.00386205400739,41.89408784593854,42.19548416137695,193480,0.0,0.0
1993-06-22 00:00:00-04:00,42.19547778576404,44.00385540515393,42.19547778576404,43.099666595458984,149160,0.0,0.0
1993-06-23 00:00:00-04:00,42.79827439703909,44.30525588989257,42.79827439703909,44.30525588989258,84880,0.0,0.0
1993-06-24 00:00:00-04:00,43.702463292751176,44.30525588989257,43.40106699418048,44.30525588989258,76400,0.0,0.0
1993-06-25 00:00:00-04:00,44.00385959132188,44.60665218846327,44.00385959132188,44.30525588989258,49600,0.0,0.0
1993-06-28 00:00:00-04:00,44.305257678854055,44.606653989594555,43.70246505737305,43.70246505737305,36480,0.0,0.0
1993-06-29 00:00:00-04:00,43.593482971191406,44.501680533091225,43.593482971191406,43.593482971191406,114960,0.2,0.0
1993-06-30 00:00:00-04:00,43.59348468391263,45.10714734654849,43.59348468391263,44.50168228149414,130680,0.0,0.0
1993-07-01 00:00:00-04:00,44.80441681326253,44.80441681326253,43.89621917515585,44.198951721191406,41080,0.0,0.0
1993-07-02 00:00:00-04:00,43.593482971191406,43.896215491824684,42.98801792992486,43.593482971191406,96560,0.0,0.0
1993-07-06 00:00:00-04:00,42.988019876546794,43.29075241088867,42.988019876546794,43.29075241088867,63480,0.0,0.0
1993-07-07 00:00:00-04:00,42.9880142211914,43.29074671570683,42.9880142211914,42.988014221191406,90720,0.0,0.0
1993-07-08 00:00:00-04:00,42.988019876546794,43.89621747957243,42.38255480786304,43.29075241088867,71880,0.0,0.0
1993-07-09 00:00:00-04:00,43.59348494523055,43.59348494523055,42.685287342204916,43.29075241088867,81640,0.0,0.0
1993-07-12 00:00:00-04:00,42.9880142211914,43.29074671570683,42.68528172667597,42.988014221191406,28520,0.0,0.0
1993-07-13 00:00:00-04:00,42.68528721250337,43.89621734619141,42.68528721250337,43.896217346191406,61840,0.0,0.0
1993-07-14 00:00:00-04:00,43.89621747957243,43.89621747957243,42.988019876546794,43.29075241088867,112400,0.0,0.0
1993-07-15 00:00:00-04:00,43.59348494523055,43.59348494523055,42.685287342204916,43.29075241088867,93000,0.0,0.0
1993-07-16 00:00:00-04:00,43.29074671570683,43.29074671570683,42.382549232160535,42.988014221191406,31440,0.0,0.0
1993-07-19 00:00:00-04:00,43.29075254616162,43.29075254616162,42.38255494029809,42.68528747558594,13040,0.0,0.0
1993-07-20 00:00:00-04:00,42.38255494029809,43.29075254616162,42.07982240501025,42.68528747558594,92640,0.0,0.0
1993-07-21 00:00:00-04:00,42.07982267950573,42.38255521676837,41.474357604980476,41.47435760498047,119400,0.0,0.0
1993-07-22 00:00:00-04:00,42.07982267950573,42.07982267950573,41.474357604980476,41.47435760498047,34920,0.0,0.0
1993-07-23 00:00:00-04:00,41.1716194152832,41.77708440668442,40.86888691958259,41.1716194152832,116160,0.0,0.0
1993-07-26 00:00:00-04:00,41.1716194152832,41.47435191098381,40.56615442388198,41.1716194152832,77760,0.0,0.0
1993-07-27 00:00:00-04:00,40.86888691958259,41.47435191098381,40.86888691958259,41.1716194152832,121720,0.0,0.0
1993-07-28 00:00:00-04:00,41.171619472218985,41.171619472218985,39.96068948774195,40.56615447998047,52560,0.0,0.0
1993-07-29 00:00:00-04:00,40.566160131383825,41.171625207971644,39.960695054796005,40.868892669677734,66680,0.0,0.0
1993-07-30 00:00:00-04:00,40.86888691958259,41.1716194152832,40.56615442388198,41.1716194152832,66880,0.0,0.0
1993-08-02 00:00:00-04:00,41.17162311940953,42.6852857340937,40.868890596472696,41.7770881652832,105920,0.0,0.0
1993-08-03 00:00:00-04:00,41.47435191098381,41.77708440668442,40.86888691958259,41.1716194152832,59760,0.0,0.0
1993-08-04 00:00:00-04:00,41.17162311940953,41.777088165283196,40.868890596472696,41.7770881652832,103960,0.0,0.0
1993-08-05 00:00:00-04:00,41.47435564234637,42.07982068822003,41.47435564234637,41.7770881652832,25120,0.0,0.0
1993-08-06 00:00:00-04:00,41.777090142243104,42.07982267950573,41.17162506771784,41.47435760498047,37960,0.0,0.0
1993-08-09 00:00:00-04:00,41.7770844644575,41.7770844644575,40.56615447998047,40.56615447998047,90280,0.0,0.0
1993-08-10 00:00:00-04:00,39.96068948774195,40.56615447998047,38.44702700714567,40.56615447998047,163440,0.0,0.0
1993-08-11 00:00:00-04:00,40.56615999319258,41.474357604980476,40.26342745592995,41.47435760498047,358520,0.0,0.0
1993-08-12 00:00:00-04:00,41.1716194152832,41.47435191098381,40.86888691958259,41.1716194152832,73040,0.0,0.0
1993-08-13 00:00:00-04:00,41.17162346117424,41.17162346117424,39.960693359375,39.960693359375,28240,0.0,0.0
1993-08-16 00:00:00-04:00,39.960693359375,40.566158410274625,39.65796083392519,39.960693359375,120240,0.0,0.0
1993-08-17 00:00:00-04:00,39.9606953395232,39.9606953395232,39.657962799072266,39.657962799072266,139320,0.0,0.0
1993-08-18 00:00:00-04:00,39.657962655662594,40.263427734375,39.35523011630639,40.263427734375,90320,0.0,0.0
1993-08-19 00:00:00-04:00,40.868892669677734,41.474357746265554,40.566160131383825,40.868892669677734,269520,0.0,0.0
1993-08-20 00:00:00-04:00,40.86888697609972,40.86888697609972,39.96068948774195,40.56615447998047,58680,0.0,0.0
1993-08-23 00:00:00-04:00,40.56615447998047,40.86888697609972,39.96068948774195,40.56615447998047,95440,0.0,0.0
1993-08-24 00:00:00-04:00,40.56615442388198,41.1716194152832,40.56615442388198,41.1716194152832,85960,0.0,0.0
1993-08-25 00:00:00-04:00,40.86888697609972,41.171619472218985,39.96068948774195,40.56615447998047,136280,0.0,0.0
1993-08-26 00:00:00-04:00,40.263427734375,40.5661602737312,39.35523011630639,40.263427734375,145560,0.0,0.0
1993-08-27 00:00:00-04:00,40.26342787997413,40.26342787997413,39.657962799072266,39.657962799072266,100760,0.0,0.0
1993-08-30 00:00:00-04:00,39.657962655662594,40.5661602737312,39.35523011630639,40.263427734375,98960,0.0,0.0
1993-08-31 00:00:00-04:00,40.26342787997413,40.868892960875996,39.657962799072266,39.657962799072266,143120,0.0,0.0
1993-09-01 00:00:00-04:00,40.263427734375,40.5661602737312,39.96069519501879,40.263427734375,24520,0.0,0.0
1993-09-02 00:00:00-04:00,40.5661602737312,40.5661602737312,39.35523011630639,40.263427734375,55720,0.0,0.0
1993-09-03 00:00:00-04:00,40.263427734375,40.868892813087406,39.657962655662594,40.263427734375,31720,0.0,0.0
1993-09-07 00:00:00-04:00,39.9606934767503,39.9606934767503,38.74976337139423,39.355228424072266,23000,0.0,0.0
1993-09-08 00:00:00-04:00,39.35522830847538,40.26342588482481,39.05249578302557,39.960693359375,35920,0.0,0.0
1993-09-09 00:00:00-04:00,39.65796095041128,39.9606934767503,39.355228424072266,39.355228424072266,130400,0.0,0.0
1993-09-10 00:00:00-04:00,39.05249757695019,40.5661602737312,39.05249757695019,40.263427734375,105320,0.0,0.0
1993-09-13 00:00:00-04:00,39.96068948774195,40.86888697609972,39.96068948774195,40.56615447998047,18040,0.0,0.0
1993-09-14 00:00:00-04:00,39.96068948774195,41.171619472218985,39.96068948774195,40.56615447998047,44480,0.0,0.0
1993-09-15 00:00:00-04:00,40.5661602737312,40.868892813087406,39.96069519501879,40.263427734375,43000,0.0,0.0
1993-09-16 00:00:00-04:00,40.56615442388198,41.1716194152832,40.263421928181366,41.1716194152832,43880,0.0,0.0
1993-09-17 00:00:00-04:00,40.263421928181366,41.1716194152832,40.263421928181366,41.1716194152832,70000,0.0,0.0
1993-09-20 00:00:00-04:00,35.722436763038324,37.23609933774333,35.11697173315632,36.63063430786133,1505960,0.0,0.0
1993-09-21 00:00:00-04:00,36.32789611816406,36.63062858581543,36.025163650512695,36.32789611816406,510840,0.0,0.0
1993-09-22 00:00:00-04:00,36.32790161132813,37.8415641784668,36.32790161132813,37.8415641784668,343840,0.0,0.0
1993-09-23 00:00:00-04:00,37.841562240842784,38.14429473876953,37.53882974291604,38.14429473876953,368240,0.0,0.0
1993-09-24 00:00:00-04:00,38.14429473876953,38.44702723669627,37.841562240842784,38.14429473876953,72680,0.0,0.0
1993-09-27 00:00:00-04:00,38.447029205322266,38.74976171875,37.8415641784668,37.8415641784668,44320,0.0,0.0
1993-09-28 00:00:00-04:00,37.84156230188185,38.144294800296905,37.5388298034668,37.5388298034668,150040,0.0,0.0
1993-09-29 00:00:00-04:00,37.733585357666016,38.34219157311224,37.4292822499429,37.733585357666016,175400,0.2,0.0
1993-09-30 00:00:00-04:00,37.42928404886215,37.73358717121062,36.8206778041652,37.12498092651367,163720,0.0,0.0
1993-10-01 00:00:00-04:00,37.42927932739258,37.73358241135512,37.42927932739258,37.42927932739258,390480,0.0,0.0
1993-10-04 00:00:00-04:00,36.8206778041652,37.42928404886215,36.8206778041652,37.12498092651367,164160,0.0,0.0
1993-10-05 00:00:00-04:00,37.4292822499429,38.64649468083535,37.124979142219786,37.733585357666016,250040,0.0,0.0
1993-10-06 00:00:00-04:00,37.733585357666016,38.03788846538912,37.4292822499429,37.733585357666016,47440,0.0,0.0
1993-10-07 00:00:00-04:00,37.733585357666016,37.733585357666016,37.4292822499429,37.733585357666016,82200,0.0,0.0
1993-10-08 00:00:00-04:00,37.73358825683594,38.34219451904297,37.42928512573242,38.03789138793945,215360,0.0,0.0
1993-10-11 00:00:00-04:00,38.03788846538912,38.34219157311224,37.733585357666016,37.733585357666016,195520,0.0,0.0
1993-10-12 00:00:00-04:00,37.733585357666016,38.03788846538912,37.4292822499429,37.733585357666016,107960,0.0,0.0
1993-10-13 00:00:00-04:00,37.7335827444482,39.86370435098963,37.7335827444482,38.64649200439453,226680,0.0,0.0
1993-10-14 00:00:00-04:00,38.646498709917076,39.25510498881341,38.34219557046891,38.950801849365234,54640,0.0,0.0
1993-10-15 00:00:00-04:00,38.95080184936524,39.86371126770974,38.95080184936524,38.950801849365234,45840,0.0,0.0
1993-10-18 00:00:00-04:00,38.95080184936524,39.25510498881341,38.95080184936524,38.950801849365234,79600,0.0,0.0
1993-10-19 00:00:00-04:00,38.95080078125,39.25510391235352,38.03789138793945,38.03789138793945,93640,0.0,0.0
1993-10-20 00:00:00-04:00,38.03789138793945,38.95080078125,38.03789138793945,38.03789138793945,87680,0.0,0.0
1993-10-21 00:00:00-04:00,38.34218891774575,38.950795091043304,38.34218891774575,38.64649200439453,92600,0.0,0.0
1993-10-22 00:00:00-04:00,38.0378904796782,38.950799851190474,38.0378904796782,38.342193603515625,186360,0.0,0.0
1993-10-25 00:00:00-04:00,37.733585357666016,38.03788846538912,37.4292822499429,37.733585357666016,55600,0.0,0.0
1993-10-26 00:00:00-04:00,35.29916025797526,35.29916025797526,31.95182609558105,31.951826095581055,1278560,0.0,0.0
1993-10-27 00:00:00-04:00,32.256131303419764,33.473343805435604,31.951828177915804,33.16904067993164,522560,0.0,0.0
1993-10-28 00:00:00-04:00,32.8647329157049,33.77764216336337,32.56042983315208,33.47333908081055,609640,0.0,0.0
1993-10-29 00:00:00-04:00,33.473343805435604,33.473343805435604,32.864737554427684,33.16904067993164,149400,0.0,0.0
1993-11-01 00:00:00-05:00,33.169041598284686,33.4733447322139,32.256132196497035,32.86473846435547,224320,0.0,0.0
1993-11-02 00:00:00-05:00,32.56043243408203,33.16903864780319,31.95182622036087,32.56043243408203,307520,0.0,0.0
1993-11-03 00:00:00-05:00,32.56043333377479,32.86473644904371,31.95182710323694,32.25613021850586,128840,0.0,0.0
1993-11-04 00:00:00-05:00,32.2561299941119,32.2561299941119,30.734614428351904,31.038917541503906,301200,0.0,0.0
1993-11-05 00:00:00-05:00,31.038916521733352,31.038916521733352,29.21309790280786,30.7346134185791,139680,0.0,0.0
1993-11-08 00:00:00-05:00,30.430310567220047,31.95182609558105,30.430310567220047,31.951826095581055,60520,0.0,0.0
1993-11-09 00:00:00-05:00,31.951826994235695,32.56043322269733,31.343220765774063,31.647523880004883,163320,0.0,0.0
1993-11-10 00:00:00-05:00,31.64752388000488,32.256130108466515,31.343220765774063,31.647523880004883,130720,0.0,0.0
1993-11-11 00:00:00-05:00,33.47334175466377,33.47334175466377,32.25612932722145,32.56043243408203,258280,0.0,0.0
1993-11-12 00:00:00-05:00,32.56043373911004,34.690555572509766,32.56043373911004,34.690555572509766,337800,0.0,0.0
1993-11-15 00:00:00-05:00,34.08194822019285,34.69055443841058,33.169038892866254,33.777645111083984,133600,0.0,0.0
1993-11-16 00:00:00-05:00,33.777645111083984,33.777645111083984,33.169038892866254,33.777645111083984,72120,0.0,0.0
1993-11-17 00:00:00-05:00,33.77764786614312,33.77764786614312,32.56043533042625,32.86473846435547,141360,0.0,0.0
1993-11-18 00:00:00-05:00,32.86473554094261,32.86473554094261,32.56043243408203,32.56043243408203,86440,0.0,0.0
1993-11-19 00:00:00-05:00,32.56043333377479,32.86473644904371,32.25613021850586,32.25613021850586,67120,0.0,0.0
1993-11-22 00:00:00-05:00,32.2561299941119,32.2561299941119,31.038917541503903,31.038917541503906,239160,0.0,0.0
1993-11-23 00:00:00-05:00,31.03891677856445,31.95182609558105,30.734613672892248,31.951826095581055,83040,0.0,0.0
1993-11-24 00:00:00-05:00,31.951826994235695,32.256130108466515,31.343220765774063,31.647523880004883,453600,0.0,0.0
1993-11-26 00:00:00-05:00,31.64752478738433,31.64752478738433,31.34322166442871,31.34322166442871,31160,0.0,0.0
1993-11-29 00:00:00-05:00,31.647523767807904,31.647523767807904,31.038917541503903,31.038917541503906,26360,0.0,0.0
1993-11-30 00:00:00-05:00,31.343218574523924,31.343218574523924,30.430309295654297,30.430309295654297,144440,0.0,0.0
1993-12-01 00:00:00-05:00,30.7346134185791,30.7346134185791,30.126007212270604,30.7346134185791,143680,0.0,0.0
1993-12-02 00:00:00-05:00,30.430310315424855,30.7346134185791,30.430310315424855,30.7346134185791,170120,0.0,0.0
1993-12-03 00:00:00-05:00,30.430310315424855,31.038916521733352,30.430310315424855,30.7346134185791,110200,0.0,0.0
1993-12-06 00:00:00-05:00,31.038916521733352,31.3432196248876,30.7346134185791,30.7346134185791,179400,0.0,0.0
1993-12-07 00:00:00-05:00,31.038915481567383,31.038915481567383,30.126006202697752,30.430309295654297,261920,0.0,0.0
1993-12-08 00:00:00-05:00,30.43031152689232,32.25613021850586,30.43031152689232,32.25613021850586,285040,0.0,0.0
1993-12-09 00:00:00-05:00,32.56043243408203,33.47334175466377,32.56043243408203,32.56043243408203,129640,0.0,0.0
1993-12-10 00:00:00-05:00,31.95182609558105,32.25612920125325,31.64752298990885,31.951826095581055,109000,0.0,0.0
1993-12-13 00:00:00-05:00,31.647525928638597,32.86473846435547,31.647525928638597,32.86473846435547,128320,0.0,0.0
1993-12-14 00:00:00-05:00,32.25613021850586,32.25613021850586,31.95182710323694,32.25613021850586,56960,0.0,0.0
1993-12-15 00:00:00-05:00,31.951826994235695,32.256130108466515,31.343220765774063,31.647523880004883,93040,0.0,0.0
1993-12-16 00:00:00-05:00,31.951826994235695,32.256130108466515,31.64752388000488,31.647523880004883,44720,0.0,0.0
1993-12-17 00:00:00-05:00,32.25613021850586,32.56043333377479,31.95182710323694,32.25613021850586,56400,0.0,0.0
1993-12-20 00:00:00-05:00,31.951826994235695,32.256130108466515,31.64752388000488,31.647523880004883,68360,0.0,0.0
1993-12-21 00:00:00-05:00,31.647523767807904,31.647523767807904,30.430311315199905,31.038917541503906,278080,0.0,0.0
1993-12-22 00:00:00-05:00,31.343220765774063,31.64752388000488,30.73461453731243,31.647523880004883,96120,0.0,0.0
1993-12-23 00:00:00-05:00,31.647523987968015,32.56043333377479,31.647523987968015,32.25613021850586,67080,0.0,0.0
1993-12-27 00:00:00-05:00,32.25612932722145,32.86473554094261,32.25612932722145,32.56043243408203,67360,0.0,0.0
1993-12-28 00:00:00-05:00,32.25612675059925,33.47333908081055,32.25612675059925,33.47333908081055,198000,0.0,0.0
1993-12-29 00:00:00-05:00,33.05706704629434,34.28140286282376,33.05706704629434,33.975318908691406,78120,0.2,0.0
1993-12-30 00:00:00-05:00,33.66923468453543,34.281402587890625,33.05706678118025,34.281402587890625,186040,0.0,0.0
1993-12-31 00:00:00-05:00,33.66923415869997,34.89356994628906,33.66923415869997,34.89356994628906,74880,0.0,0.0
1994-01-03 00:00:00-05:00,34.8935734624448,35.50574141792629,34.58748948470406,35.19965744018555,139280,0.0,0.0
1994-01-04 00:00:00-05:00,35.50574053748179,37.342244358386026,35.50574053748179,36.1179084777832,78880,0.0,0.0
1994-01-05 00:00:00-05:00,36.11790937340778,36.11790937340778,34.8935734624448,35.19965744018555,77240,0.0,0.0
1994-01-06 00:00:00-05:00,35.505741119384766,35.505741119384766,35.19965714421765,35.505741119384766,58000,0.0,0.0
1994-01-07 00:00:00-05:00,35.81182098388672,36.423988863953156,35.50573704385349,35.81182098388672,64200,0.0,0.0
1994-01-10 00:00:00-05:00,35.19965744018555,35.50574141792629,34.8935734624448,35.19965744018555,46200,0.0,0.0
1994-01-11 00:00:00-05:00,34.89356636790048,34.89356636790048,34.28139853688468,34.58748245239258,48360,0.0,0.0
1994-01-12 00:00:00-05:00,34.58748599939179,34.89356994628906,34.58748599939179,34.89356994628906,46560,0.0,0.0
1994-01-13 00:00:00-05:00,34.893569163787056,36.11790492391994,34.893569163787056,35.81182098388672,69720,0.0,0.0
1994-01-14 00:00:00-05:00,35.81182509455187,36.11790906971898,35.505741119384766,35.505741119384766,61920,0.0,0.0
1994-01-17 00:00:00-05:00,34.89356636790048,35.19965028340838,34.58748245239258,34.58748245239258,38680,0.0,0.0
1994-01-18 00:00:00-05:00,34.893569163787056,36.423988863953156,34.893569163787056,35.81182098388672,62040,0.0,0.0
1994-01-19 00:00:00-05:00,35.811825395667036,35.811825395667036,34.58748948470406,35.19965744018555,211360,0.0,0.0
1994-01-20 00:00:00-05:00,34.8935734624448,35.19965744018555,34.8935734624448,35.19965744018555,78040,0.0,0.0
1994-01-21 00:00:00-05:00,35.505741119384766,36.11790906971898,35.19965714421765,35.505741119384766,129680,0.0,0.0
1994-01-24 00:00:00-05:00,35.81182366363273,37.03615951538086,35.19965573775867,37.03615951538086,158720,0.0,0.0
1994-01-25 00:00:00-05:00,37.036155954996744,37.036155954996744,36.11790415445963,36.730072021484375,84680,0.0,0.0
1994-01-26 00:00:00-05:00,36.730072021484375,37.036155954996744,36.423988087972,36.730072021484375,78480,0.0,0.0
1994-01-27 00:00:00-05:00,36.42399215698242,36.73007612468815,35.81182422157095,36.42399215698242,64160,0.0,0.0
1994-01-28 00:00:00-05:00,36.730076418084614,36.730076418084614,35.8118245076325,36.1179084777832,81800,0.0,0.0
1994-01-31 00:00:00-05:00,36.423988863953156,36.423988863953156,35.81182098388672,35.81182098388672,30080,0.0,0.0
1994-02-01 00:00:00-05:00,35.81182509455187,36.11790906971898,35.19965714421765,35.505741119384766,60680,0.0,0.0
1994-02-02 00:00:00-05:00,35.50574053748179,36.1179084777832,34.89357259718038,36.1179084777832,147120,0.0,0.0
1994-02-03 00:00:00-05:00,36.42399335114852,36.42399335114852,35.19965744018555,35.19965744018555,110720,0.0,0.0
1994-02-04 00:00:00-05:00,35.50573419891628,35.50573419891628,34.28139853688468,34.58748245239258,287760,0.0,0.0
1994-02-07 00:00:00-05:00,33.97531462137678,35.19965028340838,33.97531462137678,34.58748245239258,75400,0.0,0.0
1994-02-08 00:00:00-05:00,34.2814037181713,34.58748767994068,32.44489994755497,33.05706787109375,374160,0.0,0.0
1994-02-09 00:00:00-05:00,33.363146790360986,34.58748245239258,33.05706287485309,34.58748245239258,111680,0.0,0.0
1994-02-10 00:00:00-05:00,34.587486816956115,35.50573867935318,33.66923495455905,33.975318908691406,51000,0.0,0.0
1994-02-11 00:00:00-05:00,34.2814073475129,34.2814073475129,33.05707137081601,33.363155364990234,95600,0.0,0.0
1994-02-14 00:00:00-05:00,34.281402587890625,34.281402587890625,33.975318636213025,34.281402587890625,38200,0.0,0.0
1994-02-15 00:00:00-05:00,34.28140286282376,34.28140286282376,33.66923495455905,33.975318908691406,81320,0.0,0.0
1994-02-16 00:00:00-05:00,34.2814073475129,34.2814073475129,32.75098737664179,33.363155364990234,228120,0.0,0.0
1994-02-17 00:00:00-05:00,33.66923935916446,33.66923935916446,33.05707137081601,33.363155364990234,102600,0.0,0.0
1994-02-18 00:00:00-05:00,33.05706678118025,34.281402587890625,33.05706678118025,34.281402587890625,198920,0.0,0.0
1994-02-22 00:00:00-05:00,34.28140286282376,34.28140286282376,33.975318908691406,33.975318908691406,85480,0.0,0.0
1994-02-23 00:00:00-05:00,33.36315183286313,33.36315183286313,33.05706787109375,33.05706787109375,89400,0.0,0.0
1994-02-24 00:00:00-05:00,33.36315183286313,33.36315183286313,33.05706787109375,33.05706787109375,81960,0.0,0.0
1994-02-25 00:00:00-05:00,33.36315183286313,33.36315183286313,33.05706787109375,33.05706787109375,214720,0.0,0.0
1994-02-28 00:00:00-05:00,33.05706815630476,33.363152120714986,32.444900227484304,32.75098419189453,119920,0.0,0.0
1994-03-01 00:00:00-05:00,32.75098737664179,33.363155364990234,32.75098737664179,33.363155364990234,161040,0.0,0.0
1994-03-02 00:00:00-05:00,33.05706787109375,33.36315183286313,32.75098390932436,33.05706787109375,70280,0.0,0.0
1994-03-03 00:00:00-05:00,33.05706787109375,33.05706787109375,32.75098390932436,33.05706787109375,27080,0.0,0.0
1994-03-04 00:00:00-05:00,32.75098390932436,33.05706787109375,32.75098390932436,33.05706787109375,14440,0.0,0.0
1994-03-07 00:00:00-05:00,33.05706626490542,36.730073627672695,33.05706626490542,34.89356994628906,174440,0.0,0.0
1994-03-08 00:00:00-05:00,35.505737840083604,36.11790573387815,34.89356994628906,34.89356994628906,84320,0.0,0.0
1994-03-09 00:00:00-05:00,35.81181811442418,35.81181811442418,34.58748245239258,34.58748245239258,71320,0.0,0.0
1994-03-10 00:00:00-05:00,34.89357164171007,34.89357164171007,33.05706787109375,33.05706787109375,173200,0.0,0.0
1994-03-11 00:00:00-05:00,33.05706731622869,33.66923522949219,33.05706731622869,33.66923522949219,26440,0.0,0.0
1994-03-14 00:00:00-05:00,33.97531975640191,33.97531975640191,33.05706787109375,33.05706787109375,83160,0.0,0.0
1994-03-15 00:00:00-05:00,33.363152120714986,33.363152120714986,32.75098419189453,32.75098419189453,158400,0.0,0.0
1994-03-16 00:00:00-05:00,33.05706678118025,34.89357049124581,32.75098282950265,34.281402587890625,310920,0.0,0.0
1994-03-17 00:00:00-05:00,34.58748948470406,35.50574141792629,33.66923755148183,35.19965744018555,124720,0.0,0.0
1994-03-18 00:00:00-05:00,35.19965389318633,35.81182178698088,34.58748599939179,34.89356994628906,138080,0.0,0.0
1994-03-21 00:00:00-05:00,34.89357105601918,35.81182292591441,33.66923522949219,33.66923522949219,74040,0.0,0.0
1994-03-22 00:00:00-05:00,33.97531462137678,34.89356636790048,33.97531462137678,34.58748245239258,75800,0.0,0.0
1994-03-23 00:00:00-05:00,34.587487099387424,35.19965501265092,33.66923522949219,33.66923522949219,78600,0.0,0.0
1994-03-24 00:00:00-05:00,33.66923935916446,33.66923935916446,32.75098737664179,33.363155364990234,107400,0.0,0.0
1994-03-25 00:00:00-05:00,33.363155364990234,33.66923935916446,33.05707137081601,33.363155364990234,37520,0.0,0.0
1994-03-28 00:00:00-05:00,33.363155364990234,33.66923935916446,33.05707137081601,33.363155364990234,157760,0.0,0.0
1994-03-29 00:00:00-05:00,33.2523078918457,33.560199631585014,33.2523078918457,33.2523078918457,217640,0.2,0.0
1994-03-30 00:00:00-05:00,33.2523078918457,33.560199631585014,32.63652441236708,33.2523078918457,193200,0.0,0.0
1994-03-31 00:00:00-05:00,32.94441604614258,33.25230778489157,31.71284909114659,32.94441604614258,152200,0.0,0.0
1994-04-04 00:00:00-04:00,32.636527637443926,32.944419407608486,30.78917701645653,31.097068786621094,98920,0.0,0.0
1994-04-05 00:00:00-04:00,31.712852693953607,32.94441978886443,31.712852693953607,32.63652801513672,99200,0.0,0.0
1994-04-06 00:00:00-04:00,32.328636241409015,32.63652801513672,32.328636241409015,32.63652801513672,58960,0.0,0.0
1994-04-07 00:00:00-04:00,33.2523080999201,33.86809158325195,32.94441635825417,33.86809158325195,208480,0.0,0.0
1994-04-08 00:00:00-04:00,33.86809511004754,33.86809511004754,32.63652801513672,32.63652801513672,90960,0.0,0.0
1994-04-11 00:00:00-04:00,32.94441604614258,32.94441604614258,32.328632568644586,32.94441604614258,53760,0.0,0.0
1994-04-12 00:00:00-04:00,32.328636241409015,32.94441978886443,32.328636241409015,32.63652801513672,101400,0.0,0.0
1994-04-13 00:00:00-04:00,32.63652409144811,32.94441582815988,32.32863235473633,32.32863235473633,71440,0.0,0.0
1994-04-14 00:00:00-04:00,32.32863224469698,32.32863224469698,31.40495703770564,32.0207405090332,85720,0.0,0.0
1994-04-15 00:00:00-04:00,32.32863224469698,32.32863224469698,31.40495703770564,32.0207405090332,31920,0.0,0.0
1994-04-18 00:00:00-04:00,31.712852478027344,32.02074424965868,31.40496070639601,31.712852478027344,17600,0.0,0.0
1994-04-19 00:00:00-04:00,31.404960556785664,31.712852326950227,31.097068786621097,31.097068786621094,57680,0.0,0.0
1994-04-20 00:00:00-04:00,31.0970664860047,31.404958233390886,29.865499496459957,29.86549949645996,95200,0.0,0.0
1994-04-21 00:00:00-04:00,29.55760620117188,31.097064857482913,29.55760620117188,30.789173126220703,152320,0.0,0.0
1994-04-22 00:00:00-04:00,30.4812813949585,31.40495658874512,30.4812813949585,30.789173126220703,269760,0.0,0.0
1994-04-25 00:00:00-04:00,31.09706893476468,32.02074424965868,30.789177163133346,31.712852478027344,44520,0.0,0.0
1994-04-26 00:00:00-04:00,30.789174531635485,30.789174531635485,28.01814882378829,29.24971580505371,187040,0.0,0.0
1994-04-28 00:00:00-04:00,28.94182777404785,28.94182777404785,28.018152419556962,28.94182777404785,106520,0.0,0.0
1994-04-29 00:00:00-04:00,28.941827712520475,28.941827712520475,28.018152359993227,28.633935928344727,82440,0.0,0.0
1994-05-02 00:00:00-04:00,28.633935989217555,28.94182777404785,28.32604420438726,28.94182777404785,78440,0.0,0.0
1994-05-03 00:00:00-04:00,28.941824059737357,29.557607550370065,28.941824059737357,29.24971580505371,168040,0.0,0.0
1994-05-04 00:00:00-04:00,29.557611343708444,31.404962052690223,28.633935989217555,28.94182777404785,307440,0.0,0.0
1994-05-05 00:00:00-04:00,28.633935989217555,29.249719558878148,28.32604420438726,28.94182777404785,222000,0.0,0.0
1994-05-06 00:00:00-04:00,28.63393179575602,28.63393179575602,27.710256576538086,27.710256576538086,187160,0.0,0.0
1994-05-09 00:00:00-04:00,27.402366462795218,27.402366462795218,26.478691188768412,26.786582946777344,68280,0.0,0.0
1994-05-10 00:00:00-04:00,27.09447649787454,27.402368276259477,26.170801162719723,26.170801162719727,46880,0.0,0.0
1994-05-11 00:00:00-04:00,26.47869294110466,26.47869294110466,26.170801162719723,26.170801162719727,62840,0.0,0.0
1994-05-12 00:00:00-04:00,26.478691188768412,27.710258220804153,26.478691188768412,26.786582946777344,64400,0.0,0.0
1994-05-13 00:00:00-04:00,27.402366886968196,28.326042175292965,27.094475124193274,28.32604217529297,41320,0.0,0.0
1994-05-16 00:00:00-04:00,28.018152359993227,29.249719496696226,28.018152359993227,28.633935928344727,99600,0.0,0.0
1994-05-17 00:00:00-04:00,28.633935989217555,29.249719558878148,28.633935989217555,28.94182777404785,68280,0.0,0.0
1994-05-18 00:00:00-04:00,28.633935989217555,28.94182777404785,28.32604420438726,28.94182777404785,40440,0.0,0.0
1994-05-19 00:00:00-04:00,28.94182561518072,28.94182561518072,28.018150329589844,28.018150329589844,55440,0.0,0.0
1994-05-20 00:00:00-04:00,28.32604209145347,28.32604209145347,28.018150329589844,28.018150329589844,23320,0.0,0.0
1994-05-23 00:00:00-04:00,28.32604420438726,28.94182777404785,27.71026063472667,28.94182777404785,92400,0.0,0.0
1994-05-24 00:00:00-04:00,28.941826025644936,29.86550132433573,28.941826025644936,29.55760955810547,96960,0.0,0.0
1994-05-25 00:00:00-04:00,29.55760620117188,30.789173126220707,29.24971446990967,30.789173126220703,271680,0.0,0.0
1994-05-26 00:00:00-04:00,30.48128501736388,30.78917678521604,29.865501481659557,30.17339324951172,80800,0.0,0.0
1994-05-27 00:00:00-04:00,29.86550132433573,29.86550132433573,29.55760955810547,29.55760955810547,86680,0.0,0.0
1994-05-31 00:00:00-04:00,29.24971580505371,29.86549929568642,29.24971580505371,29.24971580505371,31920,0.0,0.0
1994-06-01 00:00:00-04:00,29.55760620117188,30.789173126220707,29.55760620117188,30.789173126220703,206280,0.0,0.0
1994-06-02 00:00:00-04:00,31.09706697276994,31.404958724975586,30.173391716153013,31.404958724975586,252880,0.0,0.0
1994-06-03 00:00:00-04:00,31.404960920225903,32.63652801513672,30.789177372770492,32.63652801513672,349080,0.0,0.0
1994-06-06 00:00:00-04:00,32.944419564552675,33.252311336184015,31.40496070639601,31.712852478027344,135360,0.0,0.0
1994-06-07 00:00:00-04:00,31.712848773369423,32.0207405090332,31.09706530204186,32.0207405090332,43320,0.0,0.0
1994-06-08 00:00:00-04:00,31.09706893476468,31.712852478027344,30.789177163133346,31.712852478027344,74200,0.0,0.0
1994-06-09 00:00:00-04:00,31.40495703770564,32.0207405090332,31.40495703770564,32.0207405090332,282960,0.0,0.0
1994-06-10 00:00:00-04:00,31.712850477181227,31.712850477181227,31.09706697276994,31.404958724975586,16760,0.0,0.0
1994-06-13 00:00:00-04:00,31.404960556785664,31.404960556785664,30.78917701645653,31.097068786621094,58600,0.0,0.0
1994-06-14 00:00:00-04:00,31.097068632491915,31.097068632491915,29.86550155793778,30.481285095214844,46360,0.0,0.0
1994-06-15 00:00:00-04:00,30.78917686385338,30.78917686385338,30.173393326576313,30.481285095214844,119320,0.0,0.0
1994-06-16 00:00:00-04:00,30.78917356637808,32.0207405090332,30.4812818307143,32.0207405090332,296040,0.0,0.0
1994-06-17 00:00:00-04:00,31.712848773369423,32.636523980360764,31.40495703770564,32.0207405090332,153840,0.0,0.0
1994-06-20 00:00:00-04:00,31.712852478027344,31.712852478027344,30.48128539150201,31.712852478027344,51040,0.0,0.0
1994-06-21 00:00:00-04:00,31.404960556785664,31.404960556785664,30.481285246291968,31.097068786621094,125240,0.0,0.0
1994-06-22 00:00:00-04:00,31.404960556785664,31.404960556785664,30.78917701645653,31.097068786621094,38080,0.0,0.0
1994-06-23 00:00:00-04:00,31.097064857482913,31.097064857482913,30.4812813949585,30.789173126220703,82760,0.0,0.0
1994-06-24 00:00:00-04:00,30.481285095214847,30.481285095214847,29.557609789299246,30.481285095214844,197400,0.0,0.0
1994-06-27 00:00:00-04:00,30.17338966369629,30.789173126220707,29.865497932434085,30.789173126220703,14720,0.0,0.0
1994-06-28 00:00:00-04:00,30.78917356637808,32.0207405090332,30.78917356637808,32.0207405090332,47640,0.0,0.0
1994-06-29 00:00:00-04:00,32.02074222938687,32.32863398159251,30.7891752205643,31.404958724975586,120800,0.0,0.0
1994-06-30 00:00:00-04:00,30.78917356637808,32.0207405090332,29.865498359386738,32.0207405090332,87560,0.0,0.0
1994-07-01 00:00:00-04:00,31.09706627695184,31.09706627695184,29.24971580505371,29.24971580505371,186680,0.0,0.0
1994-07-05 00:00:00-04:00,29.557607749073775,29.865499496459957,29.249716001687588,29.86549949645996,39520,0.0,0.0
1994-07-06 00:00:00-04:00,29.557611343708444,29.557611343708444,28.94182777404785,28.94182777404785,57160,0.0,0.0
1994-07-07 00:00:00-04:00,29.249717945955236,30.48128501736388,28.633934410250916,30.17339324951172,278960,0.0,0.0
1994-07-08 00:00:00-04:00,29.557607749073775,29.865499496459957,29.249716001687588,29.86549949645996,34400,0.0,0.0
1994-07-11 00:00:00-04:00,30.173394913369037,30.78917848302963,28.94182777404785,28.94182777404785,79880,0.0,0.0
1994-07-12 00:00:00-04:00,29.249717791875202,29.55760955810547,28.941826025644936,29.55760955810547,74400,0.0,0.0
1994-07-13 00:00:00-04:00,29.24971580505371,29.86549929568642,28.941824059737357,29.24971580505371,51520,0.0,0.0
1994-07-14 00:00:00-04:00,28.94182777404785,29.86550312853874,28.94182777404785,28.94182777404785,137400,0.0,0.0
1994-07-15 00:00:00-04:00,28.941824254301405,29.865499496459957,28.941824254301405,29.86549949645996,37400,0.0,0.0
1994-07-18 00:00:00-04:00,29.24971580505371,29.24971580505371,28.633932314421003,29.24971580505371,62840,0.0,0.0
1994-07-19 00:00:00-04:00,29.249719558878148,29.249719558878148,28.94182777404785,28.94182777404785,112760,0.0,0.0
1994-07-20 00:00:00-04:00,28.941824059737357,29.24971580505371,28.633932314421003,29.24971580505371,14760,0.0,0.0
1994-07-21 00:00:00-04:00,29.249717791875202,29.55760955810547,28.941826025644936,29.55760955810547,33680,0.0,0.0
1994-07-22 00:00:00-04:00,29.557607749073775,29.865499496459957,29.249716001687588,29.86549949645996,40040,0.0,0.0
1994-07-25 00:00:00-04:00,29.55760955810547,29.55760955810547,29.249717791875202,29.55760955810547,41760,0.0,0.0
1994-07-26 00:00:00-04:00,28.94182777404785,29.249719558878148,28.633935989217555,28.94182777404785,122080,0.0,0.0
1994-07-27 00:00:00-04:00,28.633932314421003,29.24971580505371,28.633932314421003,29.24971580505371,88280,0.0,0.0
1994-07-28 00:00:00-04:00,28.633935928344727,29.249719496696226,28.326044144168975,28.633935928344727,236840,0.0,0.0
1994-07-29 00:00:00-04:00,28.633933853317092,28.633933853317092,28.018150329589844,28.018150329589844,90200,0.0,0.0
1994-08-01 00:00:00-04:00,28.32604005601671,28.32604005601671,27.40236483679877,27.710256576538086,45800,0.0,0.0
1994-08-02 00:00:00-04:00,27.71025856772622,28.32604209145347,27.402366805862595,28.018150329589844,167160,0.0,0.0
1994-08-03 00:00:00-04:00,28.018148316277397,28.018148316277397,27.40236483679877,27.710256576538086,381080,0.0,0.0
1994-08-04 00:00:00-04:00,28.018148316277397,28.018148316277397,27.40236483679877,27.710256576538086,41720,0.0,0.0
1994-08-05 00:00:00-04:00,27.40236483679877,27.710256576538086,27.09447309705946,27.710256576538086,42040,0.0,0.0
1994-08-08 00:00:00-04:00,27.402366886968196,28.326042175292965,26.786583361418348,28.32604217529297,372600,0.0,0.0
1994-08-09 00:00:00-04:00,28.018152359993227,28.941827712520475,28.018152359993227,28.633935928344727,80440,0.0,0.0
1994-08-10 00:00:00-04:00,28.633932314421003,29.86549929568642,28.633932314421003,29.24971580505371,132480,0.0,0.0
1994-08-11 00:00:00-04:00,28.633935989217555,29.86550312853874,28.633935989217555,28.94182777404785,39920,0.0,0.0
1994-08-12 00:00:00-04:00,28.941827712520475,28.941827712520475,28.326044144168975,28.633935928344727,42320,0.0,0.0
1994-08-15 00:00:00-04:00,28.326044144168975,28.633935928344727,27.710260575817475,28.633935928344727,78160,0.0,0.0
1994-08-16 00:00:00-04:00,28.326040569104645,29.24971580505371,28.326040569104645,29.24971580505371,59160,0.0,0.0
1994-08-17 00:00:00-04:00,29.249719558878148,29.249719558878148,28.32604420438726,28.94182777404785,50760,0.0,0.0
1994-08-18 00:00:00-04:00,29.249719558878148,29.557611343708444,28.633935989217555,28.94182777404785,103760,0.0,0.0
1994-08-19 00:00:00-04:00,28.633932314421003,29.24971580505371,28.326040569104645,29.24971580505371,94600,0.0,0.0
1994-08-22 00:00:00-04:00,29.24971580505371,29.86549929568642,28.941824059737357,29.24971580505371,88240,0.0,0.0
1994-08-23 00:00:00-04:00,29.24971580505371,29.24971580505371,28.941824059737357,29.24971580505371,32920,0.0,0.0
1994-08-24 00:00:00-04:00,28.633935989217555,29.249719558878148,28.32604420438726,28.94182777404785,35920,0.0,0.0
1994-08-25 00:00:00-04:00,29.249717945955236,30.48128501736388,28.941826178103078,30.17339324951172,600080,0.0,0.0
1994-08-26 00:00:00-04:00,30.481285095214847,31.097068632491915,30.173393326576313,30.481285095214844,226680,0.0,0.0
1994-08-29 00:00:00-04:00,30.78917678521604,30.78917678521604,29.5576097138074,30.17339324951172,120360,0.0,0.0
1994-08-30 00:00:00-04:00,29.86550155793778,30.481285095214847,29.249718020660712,30.481285095214844,108840,0.0,0.0
1994-08-31 00:00:00-04:00,30.481285095214847,30.481285095214847,30.173393326576313,30.481285095214844,160360,0.0,0.0
1994-09-01 00:00:00-04:00,30.48128501736388,30.48128501736388,29.865501481659557,30.17339324951172,89520,0.0,0.0
1994-09-02 00:00:00-04:00,30.173393326576313,30.481285095214847,30.173393326576313,30.481285095214844,104200,0.0,0.0
1994-09-06 00:00:00-04:00,30.48128299123233,30.48128299123233,29.557607749073775,29.86549949645996,94680,0.0,0.0
1994-09-07 00:00:00-04:00,30.17339324951172,30.17339324951172,29.5576097138074,30.17339324951172,37960,0.0,0.0
1994-09-08 00:00:00-04:00,30.173393090565998,30.173393090565998,29.249717791875202,29.55760955810547,43200,0.0,0.0
1994-09-09 00:00:00-04:00,29.249717791875202,29.55760955810547,28.941826025644936,29.55760955810547,43280,0.0,0.0
1994-09-12 00:00:00-04:00,29.24971580505371,29.86549929568642,28.941824059737357,29.24971580505371,29040,0.0,0.0
1994-09-13 00:00:00-04:00,29.55760955810547,29.86550132433573,28.941826025644936,29.55760955810547,107000,0.0,0.0
1994-09-14 00:00:00-04:00,29.55760620117188,31.097064857482913,29.55760620117188,30.789173126220703,220680,0.0,0.0
1994-09-15 00:00:00-04:00,30.48128539150201,31.712852478027344,30.48128539150201,31.712852478027344,75000,0.0,0.0
1994-09-16 00:00:00-04:00,31.712850477181227,31.712850477181227,30.7891752205643,31.404958724975586,174440,0.0,0.0
1994-09-19 00:00:00-04:00,31.40495658874512,31.71284832000733,30.4812813949585,30.789173126220703,123920,0.0,0.0
1994-09-20 00:00:00-04:00,30.48128501736388,30.48128501736388,29.865501481659557,30.17339324951172,50400,0.0,0.0
1994-09-21 00:00:00-04:00,29.86550132433573,29.86550132433573,28.941826025644936,29.55760955810547,56960,0.0,0.0
1994-09-22 00:00:00-04:00,29.865498359386738,32.0207405090332,29.557606623722958,32.0207405090332,321440,0.0,0.0
1994-09-23 00:00:00-04:00,31.712852478027344,32.32863602129001,31.40496070639601,31.712852478027344,144120,0.0,0.0
1994-09-26 00:00:00-04:00,31.404960920225903,32.94441978886443,30.789177372770492,32.63652801513672,147600,0.0,0.0
1994-09-27 00:00:00-04:00,32.32863398159251,32.32863398159251,31.404958724975586,31.404958724975586,24560,0.0,0.0
1994-09-28 00:00:00-04:00,32.0207405090332,32.636523980360764,31.40495703770564,32.0207405090332,113120,0.0,0.0
1994-09-29 00:00:00-04:00,32.02074409711479,32.02074409711479,31.097068786621097,31.097068786621094,70600,0.0,0.0
1994-09-30 00:00:00-04:00,31.40496070639601,32.32863602129001,31.09706893476468,31.712852478027344,190880,0.0,0.0
1994-10-03 00:00:00-04:00,32.020740618024554,32.63652409144811,31.712848881312784,32.32863235473633,120040,0.0,0.0
1994-10-04 00:00:00-04:00,32.63652779292134,32.63652779292134,31.40496070639601,31.712852478027344,84440,0.0,0.0
1994-10-05 00:00:00-04:00,31.71285309110369,35.71544619968959,31.71285309110369,34.48387908935547,548720,0.0,0.0
1994-10-06 00:00:00-04:00,35.09965833028157,35.09965833028157,33.2523078918457,33.2523078918457,182360,0.0,0.0
1994-10-07 00:00:00-04:00,33.560203689712665,34.175987243652344,33.252311912742826,34.175987243652344,74040,0.0,0.0
1994-10-10 00:00:00-04:00,33.868095600499515,35.715446269617665,33.560203822313156,34.791770935058594,91360,0.0,0.0
1994-10-11 00:00:00-04:00,35.09965854991566,35.09965854991566,33.86809158325195,33.86809158325195,42240,0.0,0.0
1994-10-12 00:00:00-04:00,33.560203689712665,34.175987243652344,33.560203689712665,34.175987243652344,27120,0.0,0.0
1994-10-13 00:00:00-04:00,34.483875066583806,34.483875066583806,33.56019984158603,33.86809158325195,39920,0.0,0.0
1994-10-14 00:00:00-04:00,33.86809614838147,37.56279754638672,33.25231258204725,37.56279754638672,441520,0.0,0.0
1994-10-17 00:00:00-04:00,36.94701379086791,38.7943644804113,36.02333844609621,36.639122009277344,370080,0.0,0.0
1994-10-18 00:00:00-04:00,36.639118097596246,36.639118097596246,36.02333460015765,36.33122634887695,97480,0.0,0.0
1994-10-19 00:00:00-04:00,36.63911799895458,36.63911799895458,35.40755100739308,36.02333450317383,272280,0.0,0.0
1994-10-20 00:00:00-04:00,35.715442755283455,36.02333450317383,35.09965925950271,36.02333450317383,123400,0.0,0.0
1994-10-21 00:00:00-04:00,36.02333818518597,36.02333818518597,35.09966284710428,35.407554626464844,113720,0.0,0.0
1994-10-24 00:00:00-04:00,35.40755435153171,35.40755435153171,34.175987243652344,34.175987243652344,153760,0.0,0.0
1994-10-25 00:00:00-04:00,34.175987311771934,34.48387908935547,33.25231197902134,34.48387908935547,245280,0.0,0.0
1994-10-26 00:00:00-04:00,34.791770866939,35.09966264452253,34.175987311771934,34.48387908935547,50240,0.0,0.0
1994-10-27 00:00:00-04:00,34.175987311771934,34.791770866939,33.868095534188406,34.48387908935547,56440,0.0,0.0
1994-10-28 00:00:00-04:00,34.791770935058594,35.407554491431306,34.483879156872234,34.791770935058594,41160,0.0,0.0
1994-10-31 00:00:00-05:00,34.79177106774372,36.33122996454654,34.79177106774372,35.407554626464844,85840,0.0,0.0
1994-11-01 00:00:00-05:00,35.09966271324495,35.407554491431306,34.175987378685875,34.791770935058594,70400,0.0,0.0
1994-11-02 00:00:00-05:00,34.48387908935547,35.09966264452253,34.175987311771934,34.48387908935547,67720,0.0,0.0
1994-11-03 00:00:00-05:00,34.791770866939,35.09966264452253,34.175987311771934,34.48387908935547,62240,0.0,0.0
1994-11-04 00:00:00-05:00,34.48387908935547,34.791770866939,33.868095534188406,34.48387908935547,122000,0.0,0.0
1994-11-07 00:00:00-05:00,33.86809158325195,34.17598332491788,33.86809158325195,33.86809158325195,66280,0.0,0.0
1994-11-08 00:00:00-05:00,33.86809532795478,33.86809532795478,33.560203552246094,33.560203552246094,16160,0.0,0.0
1994-11-09 00:00:00-05:00,33.560203552246094,34.17598710366346,32.944420000828735,33.560203552246094,152480,0.0,0.0
1994-11-10 00:00:00-05:00,33.25230778489157,33.86809126238956,32.94441604614258,32.94441604614258,49040,0.0,0.0
1994-11-11 00:00:00-05:00,32.94441604614258,33.25230778489157,32.94441604614258,32.94441604614258,70680,0.0,0.0
1994-11-14 00:00:00-05:00,32.94441978886443,33.25231156259213,32.63652801513672,32.63652801513672,90640,0.0,0.0
1994-11-15 00:00:00-05:00,32.63652801513672,32.94441978886443,32.63652801513672,32.63652801513672,130400,0.0,0.0
1994-11-16 00:00:00-05:00,32.63652801513672,33.25231156259213,32.63652801513672,32.63652801513672,51800,0.0,0.0
1994-11-17 00:00:00-05:00,32.94441978886443,32.94441978886443,32.63652801513672,32.63652801513672,59840,0.0,0.0
1994-11-18 00:00:00-05:00,32.94441582815988,33.25230756487166,32.32863235473633,32.32863235473633,44160,0.0,0.0
1994-11-21 00:00:00-05:00,32.02074409711479,32.02074409711479,30.78917701645653,31.097068786621094,86920,0.0,0.0
1994-11-22 00:00:00-05:00,30.481284856796265,30.789176623026528,29.55760955810547,29.55760955810547,158120,0.0,0.0
1994-11-23 00:00:00-05:00,29.249717791875202,30.173393090565998,29.249717791875202,29.55760955810547,84880,0.0,0.0
1994-11-25 00:00:00-05:00,29.557609789299246,30.78917686385338,29.557609789299246,30.481285095214844,75200,0.0,0.0
1994-11-28 00:00:00-05:00,30.1733934761274,31.404960556785664,30.1733934761274,31.097068786621094,70640,0.0,0.0
1994-11-29 00:00:00-05:00,31.097068632491915,31.097068632491915,30.481285095214847,30.481285095214844,27360,0.0,0.0
1994-11-30 00:00:00-05:00,30.789174738618513,30.789174738618513,29.865499496459957,29.86549949645996,37640,0.0,0.0
1994-12-01 00:00:00-05:00,29.86549929568642,30.173391041002777,29.24971580505371,29.24971580505371,27640,0.0,0.0
1994-12-02 00:00:00-05:00,29.249719558878148,29.557611343708444,28.633935989217555,28.94182777404785,70040,0.0,0.0
1994-12-05 00:00:00-05:00,29.249717791875202,30.173393090565998,29.249717791875202,29.55760955810547,67040,0.0,0.0
1994-12-06 00:00:00-05:00,29.249717791875202,29.86550132433573,29.249717791875202,29.55760955810547,34200,0.0,0.0
1994-12-07 00:00:00-05:00,30.173391041002777,30.48128278631913,29.24971580505371,29.24971580505371,43880,0.0,0.0
1994-12-08 00:00:00-05:00,29.24971746361774,29.55760922639266,28.018150412518043,28.32604217529297,98200,0.0,0.0
1994-12-09 00:00:00-05:00,28.633935928344727,29.249719496696226,28.326044144168975,28.633935928344727,48960,0.0,0.0
1994-12-12 00:00:00-05:00,28.32604420438726,28.94182777404785,28.018152419556962,28.94182777404785,35040,0.0,0.0
1994-12-13 00:00:00-05:00,28.633934259414673,29.86550132433573,28.633934259414673,29.55760955810547,452040,0.0,0.0
1994-12-14 00:00:00-05:00,36.33122528923882,36.33122528923882,31.71284919314914,33.2523078918457,1829400,0.0,0.0
1994-12-15 00:00:00-05:00,33.25230756487166,33.25230756487166,32.020740618024554,32.32863235473633,971040,0.0,0.0
1994-12-16 00:00:00-05:00,32.328632568644586,32.94441604614258,32.02074082989559,32.94441604614258,655680,0.0,0.0
1994-12-19 00:00:00-05:00,32.63652409144811,32.94441582815988,32.32863235473633,32.32863235473633,208720,0.0,0.0
1994-12-20 00:00:00-05:00,32.32863224469698,32.636523980360764,31.712848773369423,32.0207405090332,290680,0.0,0.0
1994-12-21 00:00:00-05:00,31.712850477181227,32.02074222938687,31.404958724975586,31.404958724975586,232760,0.0,0.0
1994-12-22 00:00:00-05:00,31.40496070639601,31.712852478027344,31.09706893476468,31.712852478027344,184120,0.0,0.0
1994-12-23 00:00:00-05:00,31.712850477181227,32.02074222938687,31.404958724975586,31.404958724975586,37480,0.0,0.0
1994-12-27 00:00:00-05:00,31.712850477181227,32.02074222938687,31.404958724975586,31.404958724975586,83880,0.0,0.0
1994-12-28 00:00:00-05:00,31.404958724975586,31.404958724975586,31.09706697276994,31.404958724975586,87440,0.0,0.0
1994-12-29 00:00:00-05:00,31.40496070639601,32.02074424965868,31.09706893476468,31.712852478027344,207600,0.0,0.0
1994-12-30 00:00:00-05:00,31.712852693953607,32.63652801513672,31.712852693953607,32.63652801513672,116240,0.0,0.0
1995-01-03 00:00:00-05:00,32.32863398159251,32.63652573379816,31.404958724975586,31.404958724975586,77200,0.0,0.0
1995-01-04 00:00:00-05:00,31.712852326950227,32.02074409711479,31.097068786621097,31.097068786621094,67320,0.0,0.0
1995-01-05 00:00:00-05:00,31.404960556785664,31.712852326950227,31.097068786621097,31.097068786621094,162640,0.0,0.0
1995-01-06 00:00:00-05:00,31.404958724975586,31.712850477181227,31.09706697276994,31.404958724975586,47240,0.0,0.0
1995-01-09 00:00:00-05:00,31.40496070639601,32.02074424965868,31.09706893476468,31.712852478027344,252320,0.0,0.0
1995-01-10 00:00:00-05:00,31.712852478027344,32.32863602129001,31.712852478027344,31.712852478027344,127120,0.0,0.0
1995-01-11 00:00:00-05:00,31.712850477181227,32.02074222938687,31.404958724975586,31.404958724975586,105240,0.0,0.0
1995-01-12 00:00:00-05:00,31.404958724975586,31.712850477181227,31.09706697276994,31.404958724975586,48800,0.0,0.0
1995-01-13 00:00:00-05:00,31.712848773369423,32.636523980360764,31.712848773369423,32.0207405090332,249840,0.0,0.0
1995-01-16 00:00:00-05:00,32.02074424965868,32.32863602129001,31.712852478027344,31.712852478027344,197280,0.0,0.0
1995-01-17 00:00:00-05:00,32.020740618024554,32.32863235473633,32.020740618024554,32.32863235473633,99000,0.0,0.0
1995-01-18 00:00:00-05:00,32.0207405090332,32.32863224469698,32.0207405090332,32.0207405090332,107920,0.0,0.0
1995-01-19 00:00:00-05:00,32.0207405090332,32.32863224469698,32.0207405090332,32.0207405090332,95600,0.0,0.0
1995-01-20 00:00:00-05:00,32.02074446768131,32.94441978886443,31.712852693953607,32.63652801513672,146760,0.0,0.0
1995-01-23 00:00:00-05:00,32.63652822512006,33.560203552246094,32.32863644941138,33.560203552246094,210440,0.0,0.0
1995-01-24 00:00:00-05:00,33.560203552246094,33.560203552246094,32.944420000828735,33.560203552246094,69880,0.0,0.0
1995-01-25 00:00:00-05:00,33.2523078918457,33.2523078918457,32.94441615210639,33.2523078918457,24280,0.0,0.0
1995-01-26 00:00:00-05:00,33.2523078918457,33.868091371324326,32.94441615210639,33.2523078918457,136760,0.0,0.0
1995-01-27 00:00:00-05:00,33.25231177653742,33.86809532795478,33.25231177653742,33.560203552246094,59800,0.0,0.0
1995-01-30 00:00:00-05:00,33.2523078918457,33.560199631585014,33.2523078918457,33.2523078918457,47360,0.0,0.0
1995-01-31 00:00:00-05:00,33.56019952364057,33.56019952364057,32.94441604614258,32.94441604614258,49480,0.0,0.0
1995-02-01 00:00:00-05:00,33.25230778489157,33.56019952364057,32.94441604614258,32.94441604614258,70880,0.0,0.0
1995-02-02 00:00:00-05:00,32.944420000828735,33.560203552246094,32.944420000828735,33.560203552246094,35400,0.0,0.0
1995-02-03 00:00:00-05:00,33.25231177653742,33.86809532795478,33.25231177653742,33.560203552246094,130560,0.0,0.0
1995-02-06 00:00:00-05:00,33.56019984158603,34.483875066583806,33.56019984158603,33.86809158325195,78640,0.0,0.0
1995-02-07 00:00:00-05:00,33.86809158325195,34.17598332491788,33.86809158325195,33.86809158325195,39040,0.0,0.0
1995-02-08 00:00:00-05:00,33.86809158325195,34.17598332491788,33.86809158325195,33.86809158325195,36800,0.0,0.0
1995-02-09 00:00:00-05:00,33.868095534188406,34.48387908935547,33.868095534188406,34.48387908935547,171560,0.0,0.0
1995-02-10 00:00:00-05:00,34.483879156872234,34.791770935058594,34.175987378685875,34.791770935058594,67560,0.0,0.0
1995-02-13 00:00:00-05:00,34.48387902062218,34.48387902062218,34.175987243652344,34.175987243652344,18200,0.0,0.0
1995-02-14 00:00:00-05:00,34.175987243652344,34.48387902062218,33.868095466682504,34.175987243652344,24120,0.0,0.0
1995-02-15 00:00:00-05:00,34.175987378685875,34.791770935058594,34.175987378685875,34.791770935058594,59680,0.0,0.0
1995-02-16 00:00:00-05:00,34.48387908935547,34.791770866939,34.48387908935547,34.48387908935547,29120,0.0,0.0
1995-02-17 00:00:00-05:00,34.48387902062218,34.79177079759203,34.175987243652344,34.175987243652344,40680,0.0,0.0
1995-02-21 00:00:00-05:00,34.175987311771934,34.791770866939,34.175987311771934,34.48387908935547,263800,0.0,0.0
1995-02-22 00:00:00-05:00,34.48387908935547,34.48387908935547,34.175987311771934,34.48387908935547,54880,0.0,0.0
1995-02-23 00:00:00-05:00,34.175987311771934,34.48387908935547,34.175987311771934,34.48387908935547,16640,0.0,0.0
1995-02-24 00:00:00-05:00,34.48387902062218,34.48387902062218,34.175987243652344,34.175987243652344,26960,0.0,0.0
1995-02-27 00:00:00-05:00,34.17598710366346,34.483878879372135,33.560203552246094,33.560203552246094,152880,0.0,0.0
1995-02-28 00:00:00-05:00,33.868095466682504,34.175987243652344,33.868095466682504,34.175987243652344,56720,0.0,0.0
1995-03-01 00:00:00-05:00,34.17598710366346,34.17598710366346,33.560203552246094,33.560203552246094,75360,0.0,0.0
1995-03-02 00:00:00-05:00,33.868095466682504,34.175987243652344,33.868095466682504,34.175987243652344,224440,0.0,0.0
1995-03-03 00:00:00-05:00,34.175987378685875,34.791770935058594,34.175987378685875,34.791770935058594,72280,0.0,0.0
1995-03-06 00:00:00-05:00,34.48387902062218,34.48387902062218,33.868095466682504,34.175987243652344,145200,0.0,0.0
1995-03-07 00:00:00-05:00,33.868095466682504,34.175987243652344,33.868095466682504,34.175987243652344,130320,0.0,0.0
1995-03-08 00:00:00-05:00,34.175987243652344,34.48387902062218,34.175987243652344,34.175987243652344,120360,0.0,0.0
1995-03-09 00:00:00-05:00,34.175987243652344,34.48387902062218,34.175987243652344,34.175987243652344,12480,0.0,0.0
1995-03-10 00:00:00-05:00,34.48387908935547,34.48387908935547,34.175987311771934,34.48387908935547,187000,0.0,0.0
1995-03-13 00:00:00-05:00,34.4838792232045,35.09966278076172,34.4838792232045,35.09966278076172,79440,0.0,0.0
1995-03-14 00:00:00-05:00,35.09966271324495,35.09966271324495,34.791770935058594,34.791770935058594,45080,0.0,0.0
1995-03-15 00:00:00-05:00,34.791770935058594,35.09966271324495,34.791770935058594,34.791770935058594,18640,0.0,0.0
1995-03-16 00:00:00-05:00,34.79177100198311,35.40755455954033,34.79177100198311,35.09966278076172,43880,0.0,0.0
1995-03-17 00:00:00-05:00,34.79177079759203,35.09966257456187,34.175987243652344,34.175987243652344,73680,0.0,0.0
1995-03-20 00:00:00-05:00,34.4838792232045,35.09966278076172,34.4838792232045,35.09966278076172,32920,0.0,0.0
1995-03-21 00:00:00-05:00,34.791770935058594,35.09966271324495,34.791770935058594,34.791770935058594,32360,0.0,0.0
1995-03-22 00:00:00-05:00,35.09966278076172,35.09966278076172,34.79177100198311,35.09966278076172,71800,0.0,0.0
1995-03-23 00:00:00-05:00,34.79177100198311,35.71544633831895,34.79177100198311,35.09966278076172,146240,0.0,0.0
1995-03-24 00:00:00-05:00,35.099662912303,35.71544647216797,35.099662912303,35.71544647216797,40080,0.0,0.0
1995-03-27 00:00:00-05:00,36.02333450317383,36.02333450317383,35.715442755283455,36.02333450317383,50240,0.0,0.0
1995-03-28 00:00:00-05:00,35.715442755283455,36.02333450317383,35.715442755283455,36.02333450317383,30520,0.0,0.0
1995-03-29 00:00:00-05:00,35.715442755283455,36.3312262510642,35.715442755283455,36.02333450317383,19680,0.0,0.0
1995-03-30 00:00:00-05:00,36.023338630551194,38.17858111272093,35.407555064216986,37.56279754638672,325120,0.0,0.0
1995-03-31 00:00:00-05:00,37.25489794413249,37.25489794413249,36.023331069946295,36.94700622558594,174600,0.0,0.0
1995-04-03 00:00:00-04:00,36.94700622558594,37.56278966267904,36.639114507039395,36.94700622558594,192720,0.0,0.0
1995-04-04 00:00:00-04:00,36.639118097596246,36.639118097596246,36.33122634887695,36.33122634887695,73680,0.0,0.0
1995-04-05 00:00:00-04:00,36.33122634887695,36.639118097596246,36.33122634887695,36.33122634887695,60400,0.0,0.0
1995-04-06 00:00:00-04:00,36.3312262510642,36.3312262510642,35.715442755283455,36.02333450317383,231920,0.0,0.0
1995-04-07 00:00:00-04:00,36.02333450317383,36.3312262510642,35.715442755283455,36.02333450317383,105360,0.0,0.0
1995-04-10 00:00:00-04:00,35.715442755283455,36.3312262510642,35.715442755283455,36.02333450317383,52880,0.0,0.0
1995-04-11 00:00:00-04:00,36.02333460015765,36.639118097596246,36.02333460015765,36.33122634887695,39080,0.0,0.0
1995-04-12 00:00:00-04:00,36.331222788492845,36.94700622558594,36.331222788492845,36.94700622558594,18760,0.0,0.0
1995-04-13 00:00:00-04:00,36.94700622558594,37.25489794413249,36.331222788492845,36.94700622558594,83200,0.0,0.0
1995-04-17 00:00:00-04:00,37.25489794413249,37.56278966267904,36.94700622558594,36.94700622558594,84120,0.0,0.0
1995-04-18 00:00:00-04:00,37.25489794413249,37.25489794413249,36.331222788492845,36.94700622558594,40080,0.0,0.0
1995-04-19 00:00:00-04:00,36.94700622558594,36.94700622558594,36.331222788492845,36.94700622558594,96720,0.0,0.0
1995-04-20 00:00:00-04:00,36.947009846315545,36.947009846315545,36.33122634887695,36.33122634887695,99040,0.0,0.0
1995-04-21 00:00:00-04:00,36.639122009277344,36.639122009277344,36.33123022768678,36.639122009277344,62560,0.0,0.0
1995-04-24 00:00:00-04:00,36.639118097596246,36.639118097596246,36.33122634887695,36.33122634887695,15960,0.0,0.0
1995-04-25 00:00:00-04:00,36.33122634887695,36.639118097596246,35.71544285143836,36.33122634887695,69400,0.0,0.0
1995-04-26 00:00:00-04:00,36.33123022768678,36.94701379086791,36.33123022768678,36.639122009277344,88520,0.0,0.0
1995-04-27 00:00:00-04:00,36.33122634887695,36.947009846315545,36.02333460015765,36.33122634887695,198560,0.0,0.0
1995-04-28 00:00:00-04:00,36.639114507039395,37.25489794413249,36.331222788492845,36.94700622558594,205240,0.0,0.0
1995-05-01 00:00:00-04:00,31.09706893476468,31.712852478027344,31.09706893476468,31.712852478027344,28320,0.0,0.0
1995-05-02 00:00:00-04:00,31.712848773369423,32.0207405090332,31.09706530204186,32.0207405090332,46120,0.0,0.0
1995-05-03 00:00:00-04:00,32.0207405090332,32.0207405090332,31.40495703770564,32.0207405090332,62200,0.0,0.0
1995-05-04 00:00:00-04:00,32.0207405090332,32.0207405090332,31.712848773369423,32.0207405090332,152760,0.0,0.0
1995-05-05 00:00:00-04:00,31.712848773369423,32.0207405090332,31.712848773369423,32.0207405090332,135960,0.0,0.0
1995-05-08 00:00:00-04:00,32.0207405090332,32.0207405090332,31.712848773369423,32.0207405090332,76920,0.0,0.0
1995-05-09 00:00:00-04:00,32.02074222938687,32.02074222938687,31.404958724975586,31.404958724975586,78680,0.0,0.0
1995-05-10 00:00:00-04:00,31.712852326950227,31.712852326950227,31.097068786621097,31.097068786621094,98080,0.0,0.0
1995-05-11 00:00:00-04:00,31.404958724975586,31.404958724975586,31.09706697276994,31.404958724975586,65240,0.0,0.0
1995-05-12 00:00:00-04:00,31.09706893476468,31.712852478027344,31.09706893476468,31.712852478027344,76480,0.0,0.0
1995-05-15 00:00:00-04:00,31.40496070639601,31.712852478027344,31.40496070639601,31.712852478027344,31040,0.0,0.0
1995-05-16 00:00:00-04:00,31.40496070639601,31.712852478027344,31.09706893476468,31.712852478027344,57680,0.0,0.0
1995-05-17 00:00:00-04:00,31.097068786621097,31.404960556785664,31.097068786621097,31.097068786621094,79960,0.0,0.0
1995-05-18 00:00:00-04:00,31.097064857482913,31.097064857482913,30.4812813949585,30.789173126220703,149840,0.0,0.0
1995-05-19 00:00:00-04:00,30.48128299123233,30.48128299123233,29.865499496459957,29.86549949645996,93840,0.0,0.0
1995-05-22 00:00:00-04:00,30.173391243846144,30.48128299123233,29.865499496459957,29.86549949645996,217040,0.0,0.0
1995-05-23 00:00:00-04:00,30.173393090565998,30.173393090565998,29.55760955810547,29.55760955810547,1414840,0.0,0.0
1995-05-24 00:00:00-04:00,29.86549929568642,30.173391041002777,28.941824059737357,29.24971580505371,166520,0.0,0.0
1995-05-25 00:00:00-04:00,29.249717791875202,29.55760955810547,29.249717791875202,29.55760955810547,84280,0.0,0.0
1995-05-26 00:00:00-04:00,29.557607749073775,29.865499496459957,29.557607749073775,29.86549949645996,37040,0.0,0.0
1995-05-30 00:00:00-04:00,29.55760955810547,29.86550132433573,29.55760955810547,29.55760955810547,80640,0.0,0.0
1995-05-31 00:00:00-04:00,29.55760620117188,30.789173126220707,29.55760620117188,30.789173126220703,60160,0.0,0.0
1995-06-01 00:00:00-04:00,30.48128539150201,31.712852478027344,30.48128539150201,31.712852478027344,147240,0.0,0.0
1995-06-02 00:00:00-04:00,31.712848773369423,32.32863224469698,31.40495703770564,32.0207405090332,210960,0.0,0.0
1995-06-05 00:00:00-04:00,32.32863235473633,32.63652409144811,32.020740618024554,32.32863235473633,123160,0.0,0.0
1995-06-06 00:00:00-04:00,32.0207405090332,32.32863224469698,32.0207405090332,32.0207405090332,52200,0.0,0.0
1995-06-07 00:00:00-04:00,32.02074424965868,32.02074424965868,31.40496070639601,31.712852478027344,51360,0.0,0.0
1995-06-08 00:00:00-04:00,31.712852326950227,31.712852326950227,31.097068786621097,31.097068786621094,65240,0.0,0.0
1995-06-09 00:00:00-04:00,30.78917701645653,31.404960556785664,30.78917701645653,31.097068786621094,20440,0.0,0.0
1995-06-12 00:00:00-04:00,30.78917701645653,31.097068786621097,30.78917701645653,31.097068786621094,38040,0.0,0.0
1995-06-13 00:00:00-04:00,31.097064857482913,31.40495658874512,30.4812813949585,30.789173126220703,73120,0.0,0.0
1995-06-14 00:00:00-04:00,31.09706893476468,32.32863602129001,31.09706893476468,31.712852478027344,126720,0.0,0.0
1995-06-15 00:00:00-04:00,31.712852478027344,32.32863602129001,31.40496070639601,31.712852478027344,100920,0.0,0.0
1995-06-16 00:00:00-04:00,31.40496070639601,32.02074424965868,31.40496070639601,31.712852478027344,74160,0.0,0.0
1995-06-19 00:00:00-04:00,31.712852326950227,31.712852326950227,30.78917701645653,31.097068786621094,33280,0.0,0.0
1995-06-20 00:00:00-04:00,31.404958724975586,31.712850477181227,30.7891752205643,31.404958724975586,48760,0.0,0.0
1995-06-21 00:00:00-04:00,31.40496070639601,31.712852478027344,31.09706893476468,31.712852478027344,33880,0.0,0.0
1995-06-22 00:00:00-04:00,31.712852478027344,32.02074424965868,31.40496070639601,31.712852478027344,156920,0.0,0.0
1995-06-23 00:00:00-04:00,32.02074409711479,32.02074409711479,31.097068786621097,31.097068786621094,24280,0.0,0.0
1995-06-26 00:00:00-04:00,31.40496070639601,32.32863602129001,31.09706893476468,31.712852478027344,51160,0.0,0.0
1995-06-27 00:00:00-04:00,31.40495703770564,32.636523980360764,31.40495703770564,32.0207405090332,102280,0.0,0.0
1995-06-28 00:00:00-04:00,32.0207405090332,32.32863224469698,32.0207405090332,32.0207405090332,28360,0.0,0.0
1995-06-29 00:00:00-04:00,32.0207405090332,32.32863224469698,31.712848773369423,32.0207405090332,61440,0.0,0.0
1995-06-30 00:00:00-04:00,32.328636241409015,32.94441978886443,32.328636241409015,32.63652801513672,25520,0.0,0.0
1995-07-03 00:00:00-04:00,32.32863287492232,33.86809158325195,32.32863287492232,33.86809158325195,18160,0.0,0.0
1995-07-05 00:00:00-04:00,33.868091371324326,33.868091371324326,33.2523078918457,33.2523078918457,30240,0.0,0.0
1995-07-06 00:00:00-04:00,33.56019952364057,33.56019952364057,32.94441604614258,32.94441604614258,10000,0.0,0.0
1995-07-07 00:00:00-04:00,32.94441978886443,32.94441978886443,32.328636241409015,32.63652801513672,29240,0.0,0.0
1995-07-10 00:00:00-04:00,32.63652409144811,32.63652409144811,32.020740618024554,32.32863235473633,24680,0.0,0.0
1995-07-11 00:00:00-04:00,32.32863267262776,33.2523078918457,32.32863267262776,33.2523078918457,36000,0.0,0.0
1995-07-12 00:00:00-04:00,32.944420000828735,33.560203552246094,32.944420000828735,33.560203552246094,25560,0.0,0.0
1995-07-13 00:00:00-04:00,33.56019952364057,33.56019952364057,32.63652430739358,32.94441604614258,55480,0.0,0.0
1995-07-14 00:00:00-04:00,32.63652409144811,32.63652409144811,32.020740618024554,32.32863235473633,32920,0.0,0.0
1995-07-17 00:00:00-04:00,32.32863224469698,32.32863224469698,31.40495703770564,32.0207405090332,83280,0.0,0.0
1995-07-18 00:00:00-04:00,32.32863398159251,32.63652573379816,29.557608211741726,31.404958724975586,35960,0.0,0.0
1995-07-19 00:00:00-04:00,31.71284832000733,31.71284832000733,30.4812813949585,30.789173126220703,45480,0.0,0.0
1995-07-20 00:00:00-04:00,31.097068786621097,31.404960556785664,30.78917701645653,31.097068786621094,10800,0.0,0.0
1995-07-21 00:00:00-04:00,31.404957144601006,32.32863235473633,31.404957144601006,32.32863235473633,51280,0.0,0.0
1995-07-24 00:00:00-04:00,32.328636241409015,32.94441978886443,32.02074446768131,32.63652801513672,55160,0.0,0.0
1995-07-25 00:00:00-04:00,32.32863235473633,32.63652409144811,32.32863235473633,32.32863235473633,18480,0.0,0.0
1995-07-26 00:00:00-04:00,32.636523980360764,32.944415716024544,32.0207405090332,32.0207405090332,57320,0.0,0.0
1995-07-27 00:00:00-04:00,32.0207405090332,32.0207405090332,31.712848773369423,32.0207405090332,35160,0.0,0.0
1995-07-28 00:00:00-04:00,31.40496070639601,31.712852478027344,31.40496070639601,31.712852478027344,60600,0.0,0.0
1995-07-31 00:00:00-04:00,31.404957352397595,32.94441604614258,31.404957352397595,32.94441604614258,99520,0.0,0.0
1995-08-01 00:00:00-04:00,32.944415716024544,32.944415716024544,32.0207405090332,32.0207405090332,40880,0.0,0.0
1995-08-02 00:00:00-04:00,32.02074093288845,33.560199631585014,32.02074093288845,33.2523078918457,40680,0.0,0.0
1995-08-03 00:00:00-04:00,32.94441604614258,32.94441604614258,32.328632568644586,32.94441604614258,25280,0.0,0.0
1995-08-04 00:00:00-04:00,32.63652801513672,32.94441978886443,32.328636241409015,32.63652801513672,14920,0.0,0.0
1995-08-07 00:00:00-04:00,32.328632568644586,32.94441604614258,32.328632568644586,32.94441604614258,8400,0.0,0.0
1995-08-08 00:00:00-04:00,32.63652414620205,33.25230762065869,32.48257827758789,32.48257827758789,18160,0.0,0.0
1995-08-09 00:00:00-04:00,32.94441978886443,32.94441978886443,32.63652801513672,32.63652801513672,30320,0.0,0.0
1995-08-10 00:00:00-04:00,32.63652430739358,32.94441604614258,32.63652430739358,32.94441604614258,55760,0.0,0.0
1995-08-11 00:00:00-04:00,32.328636241409015,32.94441978886443,32.02074446768131,32.63652801513672,54880,0.0,0.0
1995-08-14 00:00:00-04:00,32.328636241409015,32.94441978886443,32.328636241409015,32.63652801513672,8040,0.0,0.0
1995-08-15 00:00:00-04:00,32.328632568644586,32.94441604614258,32.02074082989559,32.94441604614258,40320,0.0,0.0
1995-08-16 00:00:00-04:00,32.63652801513672,32.94441978886443,32.328636241409015,32.63652801513672,11240,0.0,0.0
1995-08-17 00:00:00-04:00,32.328636241409015,32.94441978886443,32.328636241409015,32.63652801513672,61120,0.0,0.0
1995-08-18 00:00:00-04:00,32.94441978886443,32.94441978886443,32.328636241409015,32.63652801513672,27440,0.0,0.0
1995-08-21 00:00:00-04:00,32.63652441236708,33.2523078918457,32.63652441236708,33.2523078918457,43880,0.0,0.0
1995-08-22 00:00:00-04:00,33.2523080999201,34.17598332491788,32.94441635825417,33.86809158325195,41160,0.0,0.0
1995-08-23 00:00:00-04:00,33.86809158325195,33.86809158325195,33.56019984158603,33.86809158325195,14400,0.0,0.0
1995-08-24 00:00:00-04:00,33.868095466682504,34.175987243652344,33.560203689712665,34.175987243652344,29840,0.0,0.0
1995-08-25 00:00:00-04:00,33.868095534188406,34.48387908935547,33.868095534188406,34.48387908935547,26880,0.0,0.0
1995-08-28 00:00:00-04:00,34.48387902062218,34.48387902062218,33.560203689712665,34.175987243652344,69960,0.0,0.0
1995-08-29 00:00:00-04:00,34.175987243652344,34.175987243652344,33.868095466682504,34.175987243652344,15560,0.0,0.0
1995-08-30 00:00:00-04:00,34.175987243652344,34.175987243652344,33.868095466682504,34.175987243652344,17320,0.0,0.0
1995-08-31 00:00:00-04:00,34.175987243652344,34.175987243652344,33.868095466682504,34.175987243652344,21600,0.0,0.0
1995-09-01 00:00:00-04:00,33.868095466682504,34.175987243652344,33.868095466682504,34.175987243652344,33200,0.0,0.0
1995-09-05 00:00:00-04:00,33.868095466682504,34.175987243652344,33.868095466682504,34.175987243652344,47000,0.0,0.0
1995-09-06 00:00:00-04:00,34.175987311771934,34.48387908935547,34.175987311771934,34.48387908935547,37560,0.0,0.0
1995-09-07 00:00:00-04:00,34.48387902062218,34.48387902062218,33.868095466682504,34.175987243652344,16000,0.0,0.0
1995-09-08 00:00:00-04:00,33.86809158325195,34.483875066583806,33.86809158325195,33.86809158325195,10000,0.0,0.0
1995-09-11 00:00:00-04:00,34.17598332491788,34.17598332491788,33.56019984158603,33.86809158325195,33600,0.0,0.0
1995-09-12 00:00:00-04:00,33.86809532795478,33.86809532795478,33.25231177653742,33.560203552246094,34000,0.0,0.0
1995-09-13 00:00:00-04:00,33.560199631585014,33.560199631585014,32.94441615210639,33.2523078918457,105240,0.0,0.0
1995-09-14 00:00:00-04:00,33.25230778489157,33.25230778489157,32.94441604614258,32.94441604614258,75880,0.0,0.0
1995-09-15 00:00:00-04:00,33.25230778489157,33.25230778489157,32.328632568644586,32.94441604614258,43760,0.0,0.0
1995-09-18 00:00:00-04:00,32.020740051269534,32.020740051269534,30.4812813949585,30.789173126220703,644520,0.0,0.0
1995-09-19 00:00:00-04:00,28.018151450157166,28.018151450157166,24.6313419342041,24.6313419342041,853400,0.0,0.0
1995-09-20 00:00:00-04:00,24.9392336350453,25.247125408317466,24.01555831522881,24.323450088500977,184400,0.0,0.0
1995-09-21 00:00:00-04:00,24.323448369532453,25.247123624071662,22.47609786045404,24.939231872558594,575800,0.0,0.0
1995-09-22 00:00:00-04:00,24.6313419342041,24.939233708381654,24.6313419342041,24.6313419342041,107240,0.0,0.0
1995-09-25 00:00:00-04:00,24.939233708381654,24.939233708381654,24.6313419342041,24.6313419342041,183560,0.0,0.0
1995-09-26 00:00:00-04:00,24.939233708381654,24.939233708381654,24.015558385848998,24.6313419342041,216960,0.0,0.0
1995-09-27 00:00:00-04:00,24.631341787484978,24.631341787484978,24.01555824279785,24.01555824279785,41360,0.0,0.0
1995-09-28 00:00:00-04:00,24.01555831522881,24.631341861773137,24.01555831522881,24.323450088500977,29960,0.0,0.0
1995-09-29 00:00:00-04:00,24.01555831522881,24.631341861773137,24.01555831522881,24.323450088500977,33560,0.0,0.0
1995-10-02 00:00:00-04:00,24.631341787484978,24.631341787484978,24.01555824279785,24.01555824279785,27880,0.0,0.0
1995-10-03 00:00:00-04:00,24.015558168485565,24.323449939876408,23.091882854313045,23.707666397094727,38120,0.0,0.0
1995-10-04 00:00:00-04:00,23.399774625703884,23.707666397094727,23.399774625703884,23.707666397094727,36480,0.0,0.0
1995-10-05 00:00:00-04:00,23.091882628363535,23.091882628363535,22.476099091607175,22.78399085998535,87280,0.0,0.0
1995-10-06 00:00:00-04:00,22.783987296255013,23.707662456913997,22.783987296255013,23.399770736694336,131040,0.0,0.0
1995-10-09 00:00:00-04:00,23.091882628363535,23.091882628363535,22.783990859985355,22.78399085998535,97240,0.0,0.0
1995-10-10 00:00:00-04:00,22.476099014282227,22.78399078160116,22.476099014282227,22.476099014282227,68400,0.0,0.0
1995-10-11 00:00:00-04:00,22.78399078160116,22.78399078160116,22.168207246963295,22.476099014282227,28120,0.0,0.0
1995-10-12 00:00:00-04:00,22.476098934809364,22.78399070103963,22.1682071685791,22.1682071685791,71520,0.0,0.0
1995-10-13 00:00:00-04:00,22.16820732322899,22.783990859985355,22.16820732322899,22.78399085998535,34440,0.0,0.0
1995-10-16 00:00:00-04:00,22.78399078160116,22.93793666526063,22.476099014282227,22.476099014282227,13120,0.0,0.0
1995-10-17 00:00:00-04:00,22.476099091607175,23.399774396741716,22.476099091607175,22.78399085998535,72600,0.0,0.0
1995-10-18 00:00:00-04:00,23.091882628363535,23.091882628363535,22.783990859985355,22.78399085998535,17800,0.0,0.0
1995-10-19 00:00:00-04:00,23.091880798339844,23.091880798339844,22.783989054361978,23.091880798339844,31720,0.0,0.0
1995-10-20 00:00:00-04:00,22.78399078160116,22.78399078160116,22.476099014282227,22.476099014282227,45000,0.0,0.0
1995-10-23 00:00:00-04:00,22.476099091607175,22.783990859985355,22.476099091607175,22.78399085998535,16800,0.0,0.0
1995-10-24 00:00:00-04:00,22.78399078160116,22.78399078160116,22.476099014282227,22.476099014282227,167600,0.0,0.0
1995-10-25 00:00:00-04:00,22.78399078160116,22.78399078160116,22.168207246963295,22.476099014282227,36280,0.0,0.0
1995-10-26 00:00:00-04:00,22.168207087986907,22.168207087986907,21.55242355776505,21.860315322875977,30720,0.0,0.0
1995-10-27 00:00:00-04:00,21.55242355776505,21.860315322875977,21.24453179265412,21.860315322875977,68640,0.0,0.0
1995-10-30 00:00:00-05:00,21.552425329236016,21.860317119653672,21.24453353881836,21.24453353881836,13800,0.0,0.0
1995-10-31 00:00:00-05:00,21.244531547321994,21.552423308877387,20.9366397857666,20.9366397857666,42320,0.0,0.0
1995-11-01 00:00:00-05:00,21.244531713213238,21.86031524113246,21.244531713213238,21.55242347717285,22720,0.0,0.0
1995-11-02 00:00:00-05:00,21.860317119653672,21.860317119653672,21.24453353881836,21.24453353881836,43680,0.0,0.0
1995-11-03 00:00:00-05:00,21.24453353881836,21.552425329236016,21.24453353881836,21.24453353881836,76440,0.0,0.0
1995-11-06 00:00:00-05:00,20.9366397857666,21.244531547321994,20.628748024211212,20.9366397857666,35160,0.0,0.0
1995-11-07 00:00:00-05:00,20.9366397857666,20.9366397857666,20.628748024211212,20.9366397857666,71960,0.0,0.0
1995-11-08 00:00:00-05:00,21.244531460662383,21.244531460662383,20.628747940063473,20.628747940063477,16920,0.0,0.0
1995-11-09 00:00:00-05:00,20.628747940063473,20.936639700362928,20.012964419464566,20.628747940063477,108400,0.0,0.0
1995-11-10 00:00:00-05:00,20.32085617976402,21.244531460662383,20.32085617976402,20.628747940063477,66760,0.0,0.0
1995-11-13 00:00:00-05:00,20.320858167565387,21.552425329236016,20.320858167565387,21.24453353881836,8360,0.0,0.0
1995-11-14 00:00:00-05:00,20.936639949253625,21.86031524113246,20.936639949253625,21.55242347717285,31080,0.0,0.0
1995-11-15 00:00:00-05:00,21.24453353881836,21.552425329236016,20.9366417484007,21.24453353881836,8400,0.0,0.0
1995-11-16 00:00:00-05:00,21.24453179265412,21.860315322875977,21.24453179265412,21.860315322875977,10600,0.0,0.0
1995-11-17 00:00:00-05:00,21.55242347717285,21.86031524113246,21.55242347717285,21.55242347717285,22840,0.0,0.0
1995-11-20 00:00:00-05:00,21.86031524113246,21.86031524113246,21.244531713213238,21.55242347717285,21240,0.0,0.0
1995-11-21 00:00:00-05:00,21.244531460662383,21.244531460662383,20.32085617976402,20.628747940063477,24520,0.0,0.0
1995-11-22 00:00:00-05:00,20.320856094360348,20.62874785336581,20.01296433535489,20.32085609436035,29160,0.0,0.0
1995-11-24 00:00:00-05:00,20.32085626265582,20.9366397857666,20.32085626265582,20.9366397857666,6000,0.0,0.0
1995-11-27 00:00:00-05:00,21.552420982947716,21.552420982947716,20.012962341308594,20.012962341308594,90160,0.0,0.0
1995-11-28 00:00:00-05:00,20.320856094360348,20.62874785336581,20.01296433535489,20.32085609436035,65280,0.0,0.0
1995-11-29 00:00:00-05:00,20.628747940063473,20.628747940063473,20.32085617976402,20.628747940063477,38200,0.0,0.0
1995-11-30 00:00:00-05:00,20.9366417484007,21.860317119653672,20.9366417484007,21.24453353881836,91720,0.0,0.0
1995-12-01 00:00:00-05:00,21.552423308877387,22.16820683198817,20.9366397857666,20.9366397857666,93200,0.0,0.0
1995-12-04 00:00:00-05:00,21.55242347717285,21.86031524113246,20.936639949253625,21.55242347717285,42160,0.0,0.0
1995-12-05 00:00:00-05:00,21.552425329236016,21.552425329236016,20.9366417484007,21.24453353881836,27400,0.0,0.0
1995-12-06 00:00:00-05:00,21.552425329236016,21.552425329236016,20.9366417484007,21.24453353881836,20520,0.0,0.0
1995-12-07 00:00:00-05:00,20.93663961237127,20.93663961237127,20.320856094360348,20.32085609436035,47360,0.0,0.0
1995-12-08 00:00:00-05:00,20.32085617976402,20.936639700362928,20.32085617976402,20.628747940063477,22640,0.0,0.0
1995-12-11 00:00:00-05:00,20.936639949253625,21.55242347717285,20.628748185294015,21.55242347717285,62600,0.0,0.0
1995-12-12 00:00:00-05:00,21.552425329236016,21.552425329236016,20.9366417484007,21.24453353881836,24160,0.0,0.0
1995-12-13 00:00:00-05:00,21.24453179265412,21.860315322875977,21.24453179265412,21.860315322875977,67840,0.0,0.0
1995-12-14 00:00:00-05:00,21.86031524113246,21.86031524113246,21.244531713213238,21.55242347717285,24640,0.0,0.0
1995-12-15 00:00:00-05:00,20.936639949253625,21.55242347717285,20.936639949253625,21.55242347717285,37040,0.0,0.0
1995-12-18 00:00:00-05:00,21.39847742809969,21.39847742809969,20.628748024211212,20.9366397857666,133080,0.0,0.0
1995-12-19 00:00:00-05:00,21.24453353881836,21.552425329236016,20.9366417484007,21.24453353881836,26360,0.0,0.0
1995-12-20 00:00:00-05:00,21.24453353881836,21.24453353881836,20.9366417484007,21.24453353881836,56480,0.0,0.0
1995-12-21 00:00:00-05:00,21.24453353881836,21.552425329236016,20.9366417484007,21.24453353881836,28920,0.0,0.0
1995-12-22 00:00:00-05:00,21.24453353881836,21.860317119653672,21.24453353881836,21.24453353881836,18560,0.0,0.0
1995-12-26 00:00:00-05:00,21.244531713213238,21.86031524113246,21.244531713213238,21.55242347717285,40920,0.0,0.0
1995-12-27 00:00:00-05:00,21.55242378647263,23.091882628363535,21.55242378647263,22.78399085998535,31720,0.0,0.0
1995-12-28 00:00:00-05:00,23.091882548920097,23.091882548920097,22.168207246963295,22.476099014282227,22120,0.0,0.0
1995-12-29 00:00:00-05:00,22.476097310384116,23.091880798339844,21.860313822428385,23.091880798339844,83360,0.0,0.0
1996-01-02 00:00:00-05:00,22.476099091607175,23.091882628363535,22.476099091607175,22.78399085998535,17760,0.0,0.0
1996-01-03 00:00:00-05:00,22.476099091607175,22.783990859985355,22.476099091607175,22.78399085998535,10760,0.0,0.0
1996-01-04 00:00:00-05:00,22.78399070103963,22.78399070103963,21.860315402348835,22.1682071685791,23200,0.0,0.0
1996-01-05 00:00:00-05:00,22.168207087986907,22.168207087986907,21.55242355776505,21.860315322875977,7480,0.0,0.0
1996-01-08 00:00:00-05:00,21.86031524113246,21.86031524113246,21.55242347717285,21.55242347717285,1160,0.0,0.0
1996-01-09 00:00:00-05:00,21.860315322875977,22.168207087986907,21.55242355776505,21.860315322875977,8200,0.0,0.0
1996-01-10 00:00:00-05:00,21.552423308877387,21.860315070432776,20.9366397857666,20.9366397857666,46800,0.0,0.0
1996-01-11 00:00:00-05:00,21.552425329236016,21.552425329236016,20.9366417484007,21.24453353881836,9600,0.0,0.0
1996-01-12 00:00:00-05:00,21.244531460662383,21.244531460662383,20.628747940063473,20.628747940063477,33200,0.0,0.0
1996-01-15 00:00:00-05:00,20.936639700362928,20.936639700362928,20.628747940063473,20.628747940063477,9760,0.0,0.0
1996-01-16 00:00:00-05:00,20.628748024211212,20.9366397857666,20.628748024211212,20.9366397857666,13120,0.0,0.0
1996-01-17 00:00:00-05:00,20.936637526292067,20.936637526292067,20.012962341308594,20.012962341308594,63440,0.0,0.0
1996-01-18 00:00:00-05:00,20.012962341308594,20.320854069636418,19.70507061298077,20.012962341308594,22480,0.0,0.0
1996-01-19 00:00:00-05:00,20.01296433535489,20.320856094360348,19.70507257634943,20.32085609436035,10880,0.0,0.0
1996-01-22 00:00:00-05:00,20.62874785336581,20.62874785336581,20.320856094360348,20.32085609436035,27440,0.0,0.0
1996-01-23 00:00:00-05:00,20.320856094360348,20.62874785336581,20.01296433535489,20.32085609436035,20560,0.0,0.0
1996-01-24 00:00:00-05:00,20.012964419464566,20.628747940063473,20.012964419464566,20.628747940063477,13120,0.0,0.0
1996-01-25 00:00:00-05:00,20.628747940063473,20.936639700362928,20.628747940063473,20.628747940063477,10760,0.0,0.0
1996-01-26 00:00:00-05:00,20.936639700362928,20.936639700362928,20.32085617976402,20.628747940063477,9480,0.0,0.0
1996-01-29 00:00:00-05:00,20.628747940063473,20.936639700362928,20.628747940063473,20.628747940063477,4320,0.0,0.0
1996-01-30 00:00:00-05:00,20.93663961237127,20.93663961237127,20.320856094360348,20.32085609436035,21440,0.0,0.0
1996-01-31 00:00:00-05:00,20.628747940063473,20.628747940063473,20.32085617976402,20.628747940063477,25000,0.0,0.0
1996-02-01 00:00:00-05:00,20.62874785336581,20.62874785336581,20.320856094360348,20.32085609436035,11520,0.0,0.0
1996-02-02 00:00:00-05:00,20.62874785336581,20.62874785336581,20.320856094360348,20.32085609436035,9120,0.0,0.0
1996-02-05 00:00:00-05:00,20.320855821881977,20.320855821881977,18.781397047496977,19.397180557250977,52400,0.0,0.0
1996-02-06 00:00:00-05:00,19.397180464959913,19.397180464959913,18.78139695813579,19.08928871154785,29920,0.0,0.0
1996-02-07 00:00:00-05:00,18.78139877319336,19.089290556360464,17.857723423692047,18.78139877319336,28080,0.0,0.0
1996-02-08 00:00:00-05:00,18.165613174438477,18.473504923157773,17.85772142571918,18.165613174438477,406120,0.0,0.0
1996-02-09 00:00:00-05:00,18.78139877319336,18.78139877319336,18.473506990026255,18.78139877319336,27600,0.0,0.0
1996-02-12 00:00:00-05:00,19.08928871154785,19.397180464959913,18.47350520472373,19.08928871154785,35560,0.0,0.0
1996-02-13 00:00:00-05:00,18.781397047496977,19.397180557250977,18.781397047496977,19.397180557250977,46800,0.0,0.0
1996-02-14 00:00:00-05:00,19.705072312127978,20.320855821881977,19.08928880237398,19.397180557250977,117840,0.0,0.0
1996-02-15 00:00:00-05:00,19.705074310302734,19.705074310302734,19.397182524204254,19.705074310302734,9160,0.0,0.0
1996-02-16 00:00:00-05:00,20.012962341308594,20.012962341308594,19.70507061298077,20.012962341308594,15520,0.0,0.0
1996-02-20 00:00:00-05:00,19.397180557250977,19.397180557250977,19.08928880237398,19.397180557250977,27360,0.0,0.0
1996-02-21 00:00:00-05:00,19.08928880237398,19.397180557250977,19.08928880237398,19.397180557250977,16280,0.0,0.0
1996-02-22 00:00:00-05:00,19.08928880237398,19.705072312127978,19.08928880237398,19.397180557250977,15120,0.0,0.0
1996-02-23 00:00:00-05:00,19.705072312127978,19.705072312127978,19.08928880237398,19.397180557250977,22600,0.0,0.0
1996-02-26 00:00:00-05:00,19.08928871154785,19.397180464959913,18.47350520472373,19.08928871154785,20960,0.0,0.0
1996-02-27 00:00:00-05:00,19.397180557250977,19.397180557250977,19.08928880237398,19.397180557250977,12520,0.0,0.0
1996-02-28 00:00:00-05:00,19.397180464959913,19.705072218371978,19.08928871154785,19.08928871154785,30200,0.0,0.0
1996-02-29 00:00:00-05:00,19.397180464959913,19.397180464959913,19.08928871154785,19.08928871154785,5840,0.0,0.0
1996-03-01 00:00:00-05:00,19.089290556360464,19.705074122694672,18.78139877319336,18.78139877319336,13000,0.0,0.0
1996-03-04 00:00:00-05:00,19.08928871154785,19.397180464959913,18.78139695813579,19.08928871154785,24920,0.0,0.0
1996-03-05 00:00:00-05:00,18.78139695813579,19.08928871154785,18.78139695813579,19.08928871154785,18360,0.0,0.0
1996-03-06 00:00:00-05:00,19.08928871154785,19.08928871154785,18.47350520472373,19.08928871154785,21600,0.0,0.0
1996-03-07 00:00:00-05:00,19.08928880237398,19.397180557250977,18.781397047496977,19.397180557250977,8840,0.0,0.0
1996-03-08 00:00:00-05:00,19.08928654988607,19.39717826843262,18.47350311279297,18.47350311279297,9000,0.0,0.0
1996-03-11 00:00:00-05:00,18.47350311279297,18.78139483133952,18.319557253519697,18.47350311279297,34400,0.0,0.0
1996-03-12 00:00:00-05:00,18.78139877319336,18.78139877319336,18.16561520685915,18.78139877319336,50960,0.0,0.0
1996-03-13 00:00:00-05:00,19.089290556360464,19.089290556360464,18.473506990026255,18.78139877319336,33320,0.0,0.0
1996-03-14 00:00:00-05:00,19.08928654988607,19.08928654988607,18.165611394246422,18.47350311279297,30480,0.0,0.0
1996-03-15 00:00:00-05:00,18.47350311279297,18.78139483133952,18.47350311279297,18.47350311279297,30440,0.0,0.0
1996-03-18 00:00:00-05:00,18.47350529261998,19.397180557250977,18.47350529261998,19.397180557250977,7800,0.0,0.0
1996-03-19 00:00:00-05:00,19.08928880237398,19.397180557250977,18.781397047496977,19.397180557250977,4000,0.0,0.0
1996-03-20 00:00:00-05:00,19.089290738105774,20.012966096401215,19.089290738105774,19.705074310302734,37040,0.0,0.0
1996-03-21 00:00:00-05:00,19.705074310302734,20.012966096401215,19.397182524204254,19.705074310302734,48800,0.0,0.0
1996-03-22 00:00:00-05:00,20.012964067004976,20.012964067004976,19.397180557250977,19.397180557250977,12800,0.0,0.0
1996-03-25 00:00:00-05:00,19.397180557250977,19.397180557250977,19.08928880237398,19.397180557250977,33440,0.0,0.0
1996-03-26 00:00:00-05:00,19.08928880237398,19.397180557250977,19.08928880237398,19.397180557250977,3960,0.0,0.0
1996-03-27 00:00:00-05:00,19.397182524204254,19.705074310302734,19.089290738105774,19.705074310302734,36200,0.0,0.0
1996-03-28 00:00:00-05:00,19.705074310302734,20.012966096401215,19.397182524204254,19.705074310302734,29720,0.0,0.0
1996-03-29 00:00:00-05:00,20.012964419464566,20.628747940063473,19.70507265916511,20.628747940063477,70040,0.0,0.0
1996-04-01 00:00:00-05:00,20.628747940063473,21.244531460662383,20.32085617976402,20.628747940063477,128120,0.0,0.0
1996-04-02 00:00:00-05:00,20.936639700362928,20.936639700362928,20.012964419464566,20.628747940063477,58760,0.0,0.0
1996-04-03 00:00:00-05:00,20.628747940063473,20.628747940063473,20.012964419464566,20.628747940063477,36640,0.0,0.0
1996-04-04 00:00:00-05:00,20.936639700362928,21.55242322096184,20.628747940063473,20.628747940063477,107240,0.0,0.0
1996-04-08 00:00:00-04:00,20.62874785336581,20.62874785336581,20.01296433535489,20.32085609436035,19080,0.0,0.0
1996-04-09 00:00:00-04:00,20.628747940063473,20.628747940063473,20.012964419464566,20.628747940063477,17560,0.0,0.0
1996-04-10 00:00:00-04:00,20.628748024211212,21.552423308877387,20.32085626265582,20.9366397857666,44440,0.0,0.0
1996-04-11 00:00:00-04:00,21.55242347717285,21.86031524113246,20.936639949253625,21.55242347717285,126680,0.0,0.0
1996-04-12 00:00:00-04:00,21.552423308877387,21.552423308877387,20.628748024211212,20.9366397857666,64520,0.0,0.0
1996-04-15 00:00:00-04:00,21.24453179265412,22.168207087986907,21.24453179265412,21.860315322875977,78920,0.0,0.0
1996-04-16 00:00:00-04:00,22.168207087986907,22.168207087986907,21.24453179265412,21.860315322875977,33560,0.0,0.0
1996-04-17 00:00:00-04:00,21.86031524113246,21.86031524113246,21.244531713213238,21.55242347717285,25640,0.0,0.0
1996-04-18 00:00:00-04:00,21.860315070432776,21.860315070432776,20.628748024211212,20.9366397857666,25320,0.0,0.0
1996-04-19 00:00:00-04:00,21.24453353881836,21.24453353881836,20.628749957983043,21.24453353881836,37200,0.0,0.0
1996-04-22 00:00:00-04:00,21.24453353881836,21.24453353881836,20.9366417484007,21.24453353881836,32880,0.0,0.0
1996-04-23 00:00:00-04:00,20.9366417484007,21.24453353881836,20.9366417484007,21.24453353881836,40840,0.0,0.0
1996-04-24 00:00:00-04:00,21.552423308877387,21.552423308877387,20.32085626265582,20.9366397857666,154080,0.0,0.0
1996-04-25 00:00:00-04:00,20.9366397857666,21.244531547321994,20.9366397857666,20.9366397857666,32280,0.0,0.0
1996-04-26 00:00:00-04:00,20.9366397857666,20.9366397857666,20.32085626265582,20.9366397857666,46720,0.0,0.0
1996-04-29 00:00:00-04:00,21.244531547321994,21.244531547321994,20.9366397857666,20.9366397857666,4240,0.0,0.0
1996-04-30 00:00:00-04:00,20.9366397857666,21.244531547321994,20.628748024211212,20.9366397857666,14440,0.0,0.0
1996-05-01 00:00:00-04:00,20.936639700362928,21.244531460662383,20.012964419464566,20.628747940063477,26000,0.0,0.0
1996-05-02 00:00:00-04:00,20.936639700362928,20.936639700362928,20.32085617976402,20.628747940063477,35080,0.0,0.0
1996-05-03 00:00:00-04:00,20.628747940063473,21.244531460662383,20.628747940063473,20.628747940063477,42680,0.0,0.0
1996-05-06 00:00:00-04:00,20.936639700362928,21.244531460662383,20.32085617976402,20.628747940063477,19680,0.0,0.0
1996-05-07 00:00:00-04:00,20.628745797964243,20.628745797964243,20.012962341308594,20.012962341308594,36200,0.0,0.0
1996-05-08 00:00:00-04:00,20.320854069636418,20.628745797964243,20.012962341308594,20.012962341308594,25920,0.0,0.0
1996-05-09 00:00:00-04:00,20.320856094360348,20.320856094360348,20.01296433535489,20.32085609436035,15680,0.0,0.0
1996-05-10 00:00:00-04:00,20.012962341308594,20.320854069636418,19.70507061298077,20.012962341308594,36040,0.0,0.0
1996-05-13 00:00:00-04:00,19.705072312127978,19.705072312127978,19.08928880237398,19.397180557250977,21160,0.0,0.0
1996-05-14 00:00:00-04:00,19.705072218371978,19.705072218371978,18.78139695813579,19.08928871154785,142640,0.0,0.0
1996-05-15 00:00:00-04:00,19.089290738105774,19.705074310302734,18.781398952007294,19.705074310302734,88640,0.0,0.0
1996-05-16 00:00:00-04:00,19.397182524204254,19.705074310302734,19.089290738105774,19.705074310302734,299560,0.0,0.0
1996-05-17 00:00:00-04:00,19.70507061298077,20.012962341308594,19.397178884652945,20.012962341308594,107280,0.0,0.0
1996-05-20 00:00:00-04:00,20.320854069636418,20.320854069636418,20.012962341308594,20.012962341308594,57920,0.0,0.0
1996-05-21 00:00:00-04:00,20.012966096401215,20.012966096401215,19.397182524204254,19.705074310302734,22400,0.0,0.0
1996-05-22 00:00:00-04:00,19.705074310302734,19.705074310302734,19.397182524204254,19.705074310302734,7800,0.0,0.0
1996-05-23 00:00:00-04:00,19.705074310302734,19.705074310302734,19.397182524204254,19.705074310302734,14000,0.0,0.0
1996-05-24 00:00:00-04:00,19.705074310302734,19.705074310302734,19.397182524204254,19.705074310302734,13280,0.0,0.0
1996-05-28 00:00:00-04:00,19.397182339527568,19.397182339527568,18.78139877319336,18.78139877319336,27040,0.0,0.0
1996-05-29 00:00:00-04:00,19.397182339527568,19.397182339527568,18.78139877319336,18.78139877319336,16640,0.0,0.0
1996-05-30 00:00:00-04:00,19.08928871154785,19.08928871154785,18.78139695813579,19.08928871154785,17560,0.0,0.0
1996-05-31 00:00:00-04:00,19.089290556360464,19.089290556360464,18.78139877319336,18.78139877319336,16240,0.0,0.0
1996-06-03 00:00:00-04:00,18.47350520472373,19.08928871154785,18.47350520472373,19.08928871154785,13560,0.0,0.0
1996-06-04 00:00:00-04:00,19.089290556360464,19.089290556360464,18.473506990026255,18.78139877319336,57360,0.0,0.0
1996-06-05 00:00:00-04:00,19.08928871154785,19.08928871154785,18.47350520472373,19.08928871154785,662400,0.0,0.0
1996-06-06 00:00:00-04:00,19.397178884652945,20.012962341308594,19.397178884652945,20.012962341308594,360240,0.0,0.0
1996-06-07 00:00:00-04:00,19.397182524204254,19.705074310302734,18.781398952007294,19.705074310302734,65040,0.0,0.0
1996-06-10 00:00:00-04:00,19.705074310302734,19.705074310302734,19.397182524204254,19.705074310302734,33760,0.0,0.0
1996-06-11 00:00:00-04:00,19.397180464959913,19.397180464959913,19.08928871154785,19.08928871154785,88200,0.0,0.0
1996-06-12 00:00:00-04:00,19.397182524204254,19.705074310302734,19.089290738105774,19.705074310302734,39600,0.0,0.0
1996-06-13 00:00:00-04:00,19.70507257634943,20.320856094360348,19.08928905833851,20.32085609436035,496280,0.0,0.0
1996-06-14 00:00:00-04:00,20.32085617976402,20.936639700362928,20.012964419464566,20.628747940063477,106480,0.0,0.0
1996-06-17 00:00:00-04:00,20.628749668598175,20.628749668598175,19.705074310302734,19.705074310302734,52880,0.0,0.0
1996-06-18 00:00:00-04:00,20.01296433535489,20.320856094360348,20.01296433535489,20.32085609436035,27960,0.0,0.0
1996-06-19 00:00:00-04:00,20.012966096401215,20.320857882499695,19.243236631155014,19.705074310302734,115920,0.0,0.0
1996-06-20 00:00:00-04:00,19.705072312127978,19.705072312127978,19.08928880237398,19.397180557250977,45920,0.0,0.0
1996-06-21 00:00:00-04:00,19.089290556360464,19.397182339527568,18.78139877319336,18.78139877319336,24840,0.0,0.0
1996-06-24 00:00:00-04:00,18.78139695813579,19.397180464959913,18.78139695813579,19.08928871154785,22240,0.0,0.0
1996-06-25 00:00:00-04:00,19.397180557250977,19.705072312127978,19.08928880237398,19.397180557250977,18040,0.0,0.0
1996-06-26 00:00:00-04:00,19.397180464959913,19.705072218371978,19.08928871154785,19.08928871154785,15000,0.0,0.0
1996-06-27 00:00:00-04:00,19.397180557250977,19.705072312127978,19.08928880237398,19.397180557250977,54520,0.0,0.0
1996-06-28 00:00:00-04:00,19.08928654988607,19.08928654988607,18.165611394246422,18.47350311279297,132640,0.0,0.0
1996-07-01 00:00:00-04:00,18.47350679594895,18.47350679594895,17.5498314561515,17.857723236083984,54400,0.0,0.0
1996-07-02 00:00:00-04:00,18.165611394246422,18.47350311279297,18.165611394246422,18.47350311279297,25280,0.0,0.0
1996-07-03 00:00:00-04:00,18.165613174438477,18.78139667187707,17.85772142571918,18.165613174438477,110080,0.0,0.0
1996-07-05 00:00:00-04:00,18.165614947938085,18.165614947938085,17.54983139038086,17.54983139038086,5920,0.0,0.0
1996-07-08 00:00:00-04:00,18.165615016016467,18.165615016016467,17.5498314561515,17.857723236083984,35760,0.0,0.0
1996-07-09 00:00:00-04:00,17.857723099844794,17.857723099844794,16.934047767094203,17.241939544677734,29040,0.0,0.0
1996-07-10 00:00:00-04:00,17.241939544677734,17.549831322261266,16.934047767094203,17.241939544677734,21920,0.0,0.0
1996-07-11 00:00:00-04:00,17.241937533291903,17.241937533291903,16.934045791625977,16.934045791625977,23040,0.0,0.0
1996-07-12 00:00:00-04:00,17.241939544677734,17.241939544677734,16.934047767094203,17.241939544677734,29040,0.0,0.0
1996-07-15 00:00:00-04:00,16.934045791625977,17.241937533291903,16.62615404996005,16.934045791625977,60360,0.0,0.0
1996-07-16 00:00:00-04:00,16.62615404996005,16.934045791625977,16.318262308294123,16.934045791625977,49920,0.0,0.0
1996-07-17 00:00:00-04:00,16.934045685662163,17.241937425401474,16.62615394592285,16.62615394592285,14520,0.0,0.0
1996-07-18 00:00:00-04:00,16.62615598951067,17.549831322261266,16.62615598951067,17.241939544677734,10960,0.0,0.0
1996-07-19 00:00:00-04:00,17.857723099844794,17.857723099844794,16.934047767094203,17.241939544677734,21920,0.0,0.0
1996-07-22 00:00:00-04:00,17.241937533291903,17.241937533291903,16.934045791625977,16.934045791625977,7120,0.0,0.0
1996-07-23 00:00:00-04:00,17.241937425401474,17.241937425401474,16.31826220618354,16.62615394592285,15320,0.0,0.0
1996-07-24 00:00:00-04:00,16.31826400756836,16.93404755502377,16.010372233840656,16.31826400756836,22360,0.0,0.0
1996-07-25 00:00:00-04:00,16.626153725844162,16.626153725844162,15.70247851885282,16.0103702545166,81280,0.0,0.0
1996-07-26 00:00:00-04:00,16.010370466444225,16.62615394592285,16.010370466444225,16.62615394592285,8760,0.0,0.0
1996-07-29 00:00:00-04:00,16.31826220618354,16.62615394592285,16.31826220618354,16.62615394592285,4760,0.0,0.0
1996-07-30 00:00:00-04:00,16.31826220618354,16.62615394592285,16.010370466444225,16.62615394592285,30960,0.0,0.0
1996-07-31 00:00:00-04:00,16.318262308294123,16.934045791625977,16.318262308294123,16.934045791625977,14320,0.0,0.0
1996-08-01 00:00:00-04:00,15.394588311513264,15.394588311513264,10.46832005182902,11.08410358428955,1260880,0.0,0.0
1996-08-02 00:00:00-04:00,11.084103502546037,11.699887030465261,9.852536446707589,10.776211738586426,287560,0.0,0.0
1996-08-05 00:00:00-04:00,11.084103415994084,11.084103415994084,10.4683198928833,10.4683198928833,112320,0.0,0.0
1996-08-06 00:00:00-04:00,11.391996085643768,11.391996085643768,9.852537155151367,9.852537155151367,106040,0.0,0.0
1996-08-07 00:00:00-04:00,9.852536288174715,10.776211565191094,9.852536288174715,10.160428047180176,105440,0.0,0.0
1996-08-08 00:00:00-04:00,10.160428047180174,10.160428047180174,9.852536288174715,10.160428047180176,157120,0.0,0.0
1996-08-09 00:00:00-04:00,10.160428047180174,10.160428047180174,9.544644529169256,10.160428047180176,80800,0.0,0.0
1996-08-12 00:00:00-04:00,10.468319616010112,10.468319616010112,9.544644355773926,9.544644355773926,90680,0.0,0.0
1996-08-13 00:00:00-04:00,9.852536109185989,9.852536109185989,9.544644355773926,9.544644355773926,63760,0.0,0.0
1996-08-14 00:00:00-04:00,9.852537155151367,9.852537155151367,9.544645369052887,9.852537155151367,87600,0.0,0.0
1996-08-15 00:00:00-04:00,9.236752602361864,9.544644355773926,8.928860848949801,9.544644355773926,107600,0.0,0.0
1996-08-16 00:00:00-04:00,8.928861796855927,9.852537155151367,8.928861796855927,9.852537155151367,85560,0.0,0.0
1996-08-19 00:00:00-04:00,9.852536957839439,9.852536957839439,8.928861618041992,8.928861618041992,85240,0.0,0.0
1996-08-20 00:00:00-04:00,9.236751556396484,9.544643274943034,8.928859837849936,9.236751556396484,62440,0.0,0.0
1996-08-21 00:00:00-04:00,9.236752602361864,9.544644355773926,8.928860848949801,9.544644355773926,60080,0.0,0.0
1996-08-22 00:00:00-04:00,9.544645369052887,9.852537155151367,9.236753582954407,9.852537155151367,52360,0.0,0.0
1996-08-23 00:00:00-04:00,9.852537155151367,9.852537155151367,9.544645369052887,9.852537155151367,51120,0.0,0.0
1996-08-26 00:00:00-04:00,9.852537155151367,10.160428941249847,9.852537155151367,9.852537155151367,34680,0.0,0.0
1996-08-27 00:00:00-04:00,10.160428941249847,10.160428941249847,9.544645369052887,9.852537155151367,106600,0.0,0.0
1996-08-28 00:00:00-04:00,10.160428941249847,10.160428941249847,9.544645369052887,9.852537155151367,28560,0.0,0.0
1996-08-29 00:00:00-04:00,9.852537155151367,9.852537155151367,9.544645369052887,9.852537155151367,36760,0.0,0.0
1996-08-30 00:00:00-04:00,9.544645369052887,9.852537155151367,9.544645369052887,9.852537155151367,34240,0.0,0.0
1996-09-03 00:00:00-04:00,9.852536109185989,9.852536109185989,9.544644355773926,9.544644355773926,23360,0.0,0.0
1996-09-04 00:00:00-04:00,9.852536109185989,10.16042786259805,9.544644355773926,9.544644355773926,69480,0.0,0.0
1996-09-05 00:00:00-04:00,9.852537155151367,9.852537155151367,9.544645369052887,9.852537155151367,42560,0.0,0.0
1996-09-06 00:00:00-04:00,9.852537155151367,9.852537155151367,9.544645369052887,9.852537155151367,43680,0.0,0.0
1996-09-09 00:00:00-04:00,9.852536109185989,9.852536109185989,9.544644355773926,9.544644355773926,8760,0.0,0.0
1996-09-10 00:00:00-04:00,9.852534993489584,9.852534993489584,9.236751556396484,9.236751556396484,66160,0.0,0.0
1996-09-11 00:00:00-04:00,9.236753397974475,9.544645177906958,8.928861618041992,8.928861618041992,67680,0.0,0.0
1996-09-12 00:00:00-04:00,9.236753397974475,9.236753397974475,8.928861618041992,8.928861618041992,52600,0.0,0.0
1996-09-13 00:00:00-04:00,8.928861549922397,8.928861549922397,8.313077994755336,8.620969772338867,68360,0.0,0.0
1996-09-16 00:00:00-04:00,8.62096983810951,9.236753397974475,8.62096983810951,8.928861618041992,59240,0.0,0.0
1996-09-17 00:00:00-04:00,8.928861549922397,9.236753327505928,8.313077994755336,8.620969772338867,67000,0.0,0.0
1996-09-18 00:00:00-04:00,8.620968712700737,8.620968712700737,8.313076972961426,8.313076972961426,30000,0.0,0.0
1996-09-19 00:00:00-04:00,8.620969772338867,8.928861549922397,8.313077994755336,8.620969772338867,39760,0.0,0.0
1996-09-20 00:00:00-04:00,8.620969772338867,8.928861549922397,8.620969772338867,8.620969772338867,86000,0.0,0.0
1996-09-23 00:00:00-04:00,8.62096983810951,8.928861618041992,8.62096983810951,8.928861618041992,25680,0.0,0.0
1996-09-24 00:00:00-04:00,8.92886045244005,8.92886045244005,8.005185233222113,8.313076972961426,129880,0.0,0.0
1996-09-25 00:00:00-04:00,8.313076972961426,8.620968712700737,8.005185233222113,8.313076972961426,43720,0.0,0.0
1996-09-26 00:00:00-04:00,8.313077994755336,8.928861549922397,8.313077994755336,8.620969772338867,29960,0.0,0.0
1996-09-27 00:00:00-04:00,8.928859837849936,9.544643274943034,8.928859837849936,9.236751556396484,152240,0.0,0.0
1996-09-30 00:00:00-04:00,9.544644355773926,9.544644355773926,9.236752602361864,9.544644355773926,107600,0.0,0.0
1996-10-01 00:00:00-04:00,9.544645177906958,9.544645177906958,8.928861618041992,8.928861618041992,61160,0.0,0.0
1996-10-02 00:00:00-04:00,9.236753397974475,9.236753397974475,8.62096983810951,8.928861618041992,52120,0.0,0.0
1996-10-03 00:00:00-04:00,8.928861549922397,8.928861549922397,8.620969772338867,8.620969772338867,76880,0.0,0.0
1996-10-04 00:00:00-04:00,8.928859837849936,9.236751556396484,8.928859837849936,9.236751556396484,124480,0.0,0.0
1996-10-07 00:00:00-04:00,9.236752602361864,9.544644355773926,9.236752602361864,9.544644355773926,39840,0.0,0.0
1996-10-08 00:00:00-04:00,9.544643274943034,9.544643274943034,9.236751556396484,9.236751556396484,80080,0.0,0.0
1996-10-09 00:00:00-04:00,9.236751556396484,9.236751556396484,8.928859837849936,9.236751556396484,25760,0.0,0.0
1996-10-10 00:00:00-04:00,9.236753397974475,9.236753397974475,8.928861618041992,8.928861618041992,80640,0.0,0.0
1996-10-11 00:00:00-04:00,9.236753327505928,9.236753327505928,8.620969772338867,8.620969772338867,38160,0.0,0.0
1996-10-14 00:00:00-04:00,8.62096983810951,8.928861618041992,8.62096983810951,8.928861618041992,44720,0.0,0.0
1996-10-15 00:00:00-04:00,8.928861549922397,8.928861549922397,8.620969772338867,8.620969772338867,28880,0.0,0.0
1996-10-16 00:00:00-04:00,8.620969772338867,8.928861549922397,8.620969772338867,8.620969772338867,22840,0.0,0.0
1996-10-17 00:00:00-04:00,8.313076862922081,8.620968598585863,7.69729339159452,8.0051851272583,165440,0.0,0.0
1996-10-18 00:00:00-04:00,8.005185233222113,8.620968712700737,8.005185233222113,8.313076972961426,59160,0.0,0.0
1996-10-21 00:00:00-04:00,8.620969772338867,8.928861549922397,8.313077994755336,8.620969772338867,47800,0.0,0.0
1996-10-22 00:00:00-04:00,8.620968712700737,8.620968712700737,8.313076972961426,8.313076972961426,24720,0.0,0.0
1996-10-23 00:00:00-04:00,8.620968712700737,9.236752192179361,8.313076972961426,8.313076972961426,66640,0.0,0.0
1996-10-24 00:00:00-04:00,8.62096983810951,8.928861618041992,8.313078058177027,8.928861618041992,41440,0.0,0.0
1996-10-25 00:00:00-04:00,8.62096983810951,8.928861618041992,8.62096983810951,8.928861618041992,11920,0.0,0.0
1996-10-28 00:00:00-05:00,8.620969772338867,8.928861549922397,8.313077994755336,8.620969772338867,38040,0.0,0.0
1996-10-29 00:00:00-05:00,8.313076972961426,8.620968712700737,8.313076972961426,8.313076972961426,14840,0.0,0.0
1996-10-30 00:00:00-05:00,8.313076972961426,8.620968712700737,8.005185233222113,8.313076972961426,73360,0.0,0.0
1996-10-31 00:00:00-05:00,8.005185233222113,8.313076972961426,8.005185233222113,8.313076972961426,17000,0.0,0.0
1996-11-01 00:00:00-05:00,8.0051851272583,8.620968598585863,8.0051851272583,8.0051851272583,19520,0.0,0.0
1996-11-04 00:00:00-05:00,8.313076862922081,8.620968598585863,8.0051851272583,8.0051851272583,93960,0.0,0.0
1996-11-05 00:00:00-05:00,8.313076972961426,8.620968712700737,8.313076972961426,8.313076972961426,22200,0.0,0.0
1996-11-06 00:00:00-05:00,8.313076972961426,8.620968712700737,8.313076972961426,8.313076972961426,26160,0.0,0.0
1996-11-07 00:00:00-05:00,8.313076862922081,8.313076862922081,7.69729339159452,8.0051851272583,203600,0.0,0.0
1996-11-08 00:00:00-05:00,7.69729339159452,8.313076862922081,7.69729339159452,8.0051851272583,16480,0.0,0.0
1996-11-11 00:00:00-05:00,8.313076862922081,8.313076862922081,8.0051851272583,8.0051851272583,45240,0.0,0.0
1996-11-12 00:00:00-05:00,8.005185233222113,8.313076972961426,8.005185233222113,8.313076972961426,52520,0.0,0.0
1996-11-13 00:00:00-05:00,8.005185233222113,8.313076972961426,8.005185233222113,8.313076972961426,15640,0.0,0.0
1996-11-14 00:00:00-05:00,8.0051851272583,8.0051851272583,7.69729339159452,8.0051851272583,68480,0.0,0.0
1996-11-15 00:00:00-05:00,8.0051851272583,8.0051851272583,7.69729339159452,8.0051851272583,81080,0.0,0.0
1996-11-18 00:00:00-05:00,7.697294155756632,8.005185921986897,7.389402389526367,7.389402389526367,106440,0.0,0.0
1996-11-19 00:00:00-05:00,7.389402389526367,7.697294155756632,7.389402389526367,7.389402389526367,52520,0.0,0.0
1996-11-20 00:00:00-05:00,7.389402389526367,7.697294155756632,7.081510623296102,7.389402389526367,80960,0.0,0.0
1996-11-21 00:00:00-05:00,7.697294155756632,7.697294155756632,6.773618857065836,7.389402389526367,430280,0.0,0.0
1996-11-22 00:00:00-05:00,7.081510623296102,7.389402389526367,6.773618857065836,7.389402389526367,544840,0.0,0.0
1996-11-25 00:00:00-05:00,7.389402389526367,7.697294155756632,7.235456506411234,7.389402389526367,306640,0.0,0.0
1996-11-26 00:00:00-05:00,7.389402216131036,7.389402216131036,6.773618698120116,6.773618698120117,558160,0.0,0.0
1996-11-27 00:00:00-05:00,6.773618698120116,7.081510457125576,6.465726939114656,6.773618698120117,81800,0.0,0.0
1996-11-29 00:00:00-05:00,6.773618698120116,7.081510457125576,6.773618698120116,6.773618698120117,51720,0.0,0.0
1996-12-02 00:00:00-05:00,6.773618698120116,7.081510457125576,6.773618698120116,6.773618698120117,121360,0.0,0.0
1996-12-03 00:00:00-05:00,6.773618698120116,7.081510457125576,6.157835180109196,6.773618698120117,674160,0.0,0.0
1996-12-04 00:00:00-05:00,6.773618607293992,6.773618607293992,5.849943342662994,6.465726852416992,134720,0.0,0.0
1996-12-05 00:00:00-05:00,6.773618607293992,7.081510362170992,6.157835097539993,6.465726852416992,94720,0.0,0.0
1996-12-06 00:00:00-05:00,6.157835255498471,7.081510543823241,6.157835255498471,7.081510543823242,99840,0.0,0.0
1996-12-09 00:00:00-05:00,7.081509920266958,8.313076862922081,7.081509920266958,8.0051851272583,284120,0.0,0.0
1996-12-10 00:00:00-05:00,8.313078058177027,8.928861618041992,8.313078058177027,8.928861618041992,238480,0.0,0.0
1996-12-11 00:00:00-05:00,8.928861618041992,9.236753397974475,8.313078058177027,8.928861618041992,144720,0.0,0.0
1996-12-12 00:00:00-05:00,8.928861549922397,9.236753327505928,8.313077994755336,8.620969772338867,101400,0.0,0.0
1996-12-13 00:00:00-05:00,8.928860206604005,8.928860206604005,7.697293281555177,7.697293281555176,109880,0.0,0.0
1996-12-16 00:00:00-05:00,8.005185921986897,8.313077688217163,7.389402389526367,7.389402389526367,190080,0.0,0.0
1996-12-17 00:00:00-05:00,7.697294155756632,7.697294155756632,7.081510623296102,7.389402389526367,196080,0.0,0.0
1996-12-18 00:00:00-05:00,7.389402306598165,7.389402306598165,7.081510543823241,7.081510543823242,74480,0.0,0.0
1996-12-19 00:00:00-05:00,7.389402306598165,7.389402306598165,6.773618781048318,7.081510543823242,69160,0.0,0.0
1996-12-20 00:00:00-05:00,7.389402389526367,7.389402389526367,7.081510623296102,7.389402389526367,48400,0.0,0.0
1996-12-23 00:00:00-05:00,7.389402389526367,7.697294155756632,7.081510623296102,7.389402389526367,145200,0.0,0.0
1996-12-24 00:00:00-05:00,7.389402389526367,7.697294155756632,7.389402389526367,7.389402389526367,22440,0.0,0.0
1996-12-26 00:00:00-05:00,7.389402389526367,7.697294155756632,7.389402389526367,7.389402389526367,52080,0.0,0.0
1996-12-27 00:00:00-05:00,7.697294069373089,7.697294069373089,7.081510543823241,7.081510543823242,70640,0.0,0.0
1996-12-30 00:00:00-05:00,7.389402306598165,7.389402306598165,7.081510543823241,7.081510543823242,86840,0.0,0.0
1996-12-31 00:00:00-05:00,7.389402306598165,7.389402306598165,6.773618781048318,7.081510543823242,126160,0.0,0.0
1997-01-02 00:00:00-05:00,7.081510623296102,7.389402389526367,7.081510623296102,7.389402389526367,38720,0.0,0.0
1997-01-03 00:00:00-05:00,7.389402306598165,7.389402306598165,7.081510543823241,7.081510543823242,35720,0.0,0.0
1997-01-06 00:00:00-05:00,7.389402306598165,7.697294069373089,7.081510543823241,7.081510543823242,116480,0.0,0.0
1997-01-07 00:00:00-05:00,7.389402117047991,7.389402117047991,6.157835097539993,6.465726852416992,320000,0.0,0.0
1997-01-08 00:00:00-05:00,6.465726939114656,6.773618698120116,6.157835180109196,6.773618698120117,143320,0.0,0.0
1997-01-09 00:00:00-05:00,6.465726939114656,7.081510457125576,6.465726939114656,6.773618698120117,89160,0.0,0.0
1997-01-10 00:00:00-05:00,6.773618607293992,6.773618607293992,6.465726852416993,6.465726852416992,56480,0.0,0.0
1997-01-13 00:00:00-05:00,6.773618781048318,7.081510543823241,6.773618781048318,7.081510543823242,64720,0.0,0.0
1997-01-14 00:00:00-05:00,7.081510457125576,7.081510457125576,6.465726939114656,6.773618698120117,157200,0.0,0.0
1997-01-15 00:00:00-05:00,6.773618607293992,6.773618607293992,6.465726852416993,6.465726852416992,38280,0.0,0.0
1997-01-16 00:00:00-05:00,6.773618607293992,7.081510362170992,6.465726852416993,6.465726852416992,64800,0.0,0.0
1997-01-17 00:00:00-05:00,6.465726939114656,6.773618698120116,6.465726939114656,6.773618698120117,29920,0.0,0.0
1997-01-20 00:00:00-05:00,6.773618607293992,6.773618607293992,6.465726852416993,6.465726852416992,26800,0.0,0.0
1997-01-21 00:00:00-05:00,6.465726939114656,7.081510457125576,6.465726939114656,6.773618698120117,25160,0.0,0.0
1997-01-22 00:00:00-05:00,7.081510457125576,7.081510457125576,6.773618698120116,6.773618698120117,71960,0.0,0.0
1997-01-23 00:00:00-05:00,7.081510543823241,7.389402306598165,7.081510543823241,7.081510543823242,101680,0.0,0.0
1997-01-24 00:00:00-05:00,7.389402389526367,7.389402389526367,7.081510623296102,7.389402389526367,49160,0.0,0.0
1997-01-27 00:00:00-05:00,7.389402389526367,7.697294155756632,7.081510623296102,7.389402389526367,95000,0.0,0.0
1997-01-28 00:00:00-05:00,7.389402389526367,7.697294155756632,7.389402389526367,7.389402389526367,74400,0.0,0.0
1997-01-29 00:00:00-05:00,7.389402389526367,8.005185921986897,7.389402389526367,7.389402389526367,48720,0.0,0.0
1997-01-30 00:00:00-05:00,7.697293281555177,8.005185012817384,7.697293281555177,7.697293281555176,69160,0.0,0.0
1997-01-31 00:00:00-05:00,8.005185012817384,8.005185012817384,7.697293281555177,7.697293281555176,90480,0.0,0.0
1997-02-03 00:00:00-05:00,8.005185233222113,8.313076972961426,7.6972934934828015,8.313076972961426,78840,0.0,0.0
1997-02-04 00:00:00-05:00,8.313078058177027,9.236753397974475,8.313078058177027,8.928861618041992,597600,0.0,0.0
1997-02-05 00:00:00-05:00,9.544644355773926,9.852536109185989,9.236752602361864,9.544644355773926,416080,0.0,0.0
1997-02-06 00:00:00-05:00,9.544643274943034,9.852534993489584,9.236751556396484,9.236751556396484,131800,0.0,0.0
1997-02-07 00:00:00-05:00,9.544643274943034,9.544643274943034,8.928859837849936,9.236751556396484,118840,0.0,0.0
1997-02-10 00:00:00-05:00,9.544643274943034,9.544643274943034,8.928859837849936,9.236751556396484,61320,0.0,0.0
1997-02-11 00:00:00-05:00,9.236753397974475,9.544645177906958,8.928861618041992,8.928861618041992,81320,0.0,0.0
1997-02-12 00:00:00-05:00,8.92886045244005,9.236752192179361,8.005185233222113,8.313076972961426,74440,0.0,0.0
1997-02-13 00:00:00-05:00,8.313076862922081,8.313076862922081,8.0051851272583,8.0051851272583,53440,0.0,0.0
1997-02-14 00:00:00-05:00,8.313077994755336,8.928861549922397,8.313077994755336,8.620969772338867,59320,0.0,0.0
1997-02-18 00:00:00-05:00,8.620968712700737,8.620968712700737,8.313076972961426,8.313076972961426,66480,0.0,0.0
1997-02-19 00:00:00-05:00,8.92886045244005,8.92886045244005,8.313076972961426,8.313076972961426,32120,0.0,0.0
1997-02-20 00:00:00-05:00,8.620969772338867,8.620969772338867,8.313077994755336,8.620969772338867,54480,0.0,0.0
1997-02-21 00:00:00-05:00,8.62096983810951,8.928861618041992,8.313078058177027,8.928861618041992,139600,0.0,0.0
1997-02-24 00:00:00-05:00,8.928859837849936,9.544643274943034,8.928859837849936,9.236751556396484,63840,0.0,0.0
1997-02-25 00:00:00-05:00,9.544645369052887,9.852537155151367,9.236753582954407,9.852537155151367,107120,0.0,0.0
1997-02-26 00:00:00-05:00,9.852534993489584,9.852534993489584,8.928859837849936,9.236751556396484,108480,0.0,0.0
1997-02-27 00:00:00-05:00,9.544644355773926,9.544644355773926,8.928860848949801,9.544644355773926,105200,0.0,0.0
1997-02-28 00:00:00-05:00,9.544643274943034,9.852534993489584,9.236751556396484,9.236751556396484,340200,0.0,0.0
1997-03-03 00:00:00-05:00,9.236751556396484,9.544643274943034,9.236751556396484,9.236751556396484,20520,0.0,0.0
1997-03-04 00:00:00-05:00,9.544643274943034,9.544643274943034,9.236751556396484,9.236751556396484,21520,0.0,0.0
1997-03-05 00:00:00-05:00,9.236752602361864,9.544644355773926,9.236752602361864,9.544644355773926,20600,0.0,0.0
1997-03-06 00:00:00-05:00,9.236751556396484,9.544643274943034,8.928859837849936,9.236751556396484,52840,0.0,0.0
1997-03-07 00:00:00-05:00,9.236751556396484,9.544643274943034,9.236751556396484,9.236751556396484,26400,0.0,0.0
1997-03-10 00:00:00-05:00,8.928859837849936,9.236751556396484,8.928859837849936,9.236751556396484,27440,0.0,0.0
1997-03-11 00:00:00-05:00,9.236751556396484,9.236751556396484,8.928859837849936,9.236751556396484,18520,0.0,0.0
1997-03-12 00:00:00-05:00,9.236753397974475,9.236753397974475,8.928861618041992,8.928861618041992,13040,0.0,0.0
1997-03-13 00:00:00-05:00,9.236751556396484,9.236751556396484,8.928859837849936,9.236751556396484,14720,0.0,0.0
1997-03-14 00:00:00-05:00,8.928861549922397,8.928861549922397,8.620969772338867,8.620969772338867,33680,0.0,0.0
1997-03-17 00:00:00-05:00,8.620969772338867,8.928861549922397,8.620969772338867,8.620969772338867,23080,0.0,0.0
1997-03-18 00:00:00-05:00,8.620968712700737,8.620968712700737,8.313076972961426,8.313076972961426,18600,0.0,0.0
1997-03-19 00:00:00-05:00,8.313077994755336,8.620969772338867,8.313077994755336,8.620969772338867,18800,0.0,0.0
1997-03-20 00:00:00-05:00,8.620968712700737,8.620968712700737,8.313076972961426,8.313076972961426,23760,0.0,0.0
1997-03-21 00:00:00-05:00,8.620969772338867,8.928861549922397,8.620969772338867,8.620969772338867,39400,0.0,0.0
1997-03-24 00:00:00-05:00,8.313077994755336,8.620969772338867,8.313077994755336,8.620969772338867,22400,0.0,0.0
1997-03-25 00:00:00-05:00,8.620968712700737,8.620968712700737,8.313076972961426,8.313076972961426,27960,0.0,0.0
1997-03-26 00:00:00-05:00,8.620968712700737,8.620968712700737,8.313076972961426,8.313076972961426,14720,0.0,0.0
1997-03-27 00:00:00-05:00,8.620968712700737,8.620968712700737,8.313076972961426,8.313076972961426,29160,0.0,0.0
1997-03-31 00:00:00-05:00,8.313077994755336,8.620969772338867,8.313077994755336,8.620969772338867,23080,0.0,0.0
1997-04-01 00:00:00-05:00,8.620968712700737,8.620968712700737,8.313076972961426,8.313076972961426,17400,0.0,0.0
1997-04-02 00:00:00-05:00,8.313076744079591,8.313076744079591,7.697293281555177,7.697293281555176,43920,0.0,0.0
1997-04-03 00:00:00-05:00,8.005185921986897,8.005185921986897,7.389402389526367,7.389402389526367,47480,0.0,0.0
1997-04-04 00:00:00-05:00,7.389402389526367,7.389402389526367,6.773618857065836,7.389402389526367,80800,0.0,0.0
1997-04-07 00:00:00-04:00,7.697293281555177,8.005185012817384,7.697293281555177,7.697293281555176,45240,0.0,0.0
1997-04-08 00:00:00-04:00,8.005185233222113,8.313076972961426,7.6972934934828015,8.313076972961426,42560,0.0,0.0
1997-04-09 00:00:00-04:00,8.620969772338867,8.620969772338867,8.313077994755336,8.620969772338867,31040,0.0,0.0
1997-04-10 00:00:00-04:00,8.313077994755336,8.620969772338867,8.313077994755336,8.620969772338867,3800,0.0,0.0
1997-04-11 00:00:00-04:00,8.0051851272583,8.313076862922081,8.0051851272583,8.0051851272583,12960,0.0,0.0
1997-04-14 00:00:00-04:00,8.005185921986897,8.313077688217163,7.389402389526367,7.389402389526367,20480,0.0,0.0
1997-04-15 00:00:00-04:00,8.005185012817384,8.005185012817384,7.38940155029297,7.697293281555176,57000,0.0,0.0
1997-04-16 00:00:00-04:00,7.697293281555177,7.697293281555177,7.38940155029297,7.697293281555176,19040,0.0,0.0
1997-04-17 00:00:00-04:00,8.005185921986897,8.005185921986897,7.389402389526367,7.389402389526367,27240,0.0,0.0
1997-04-18 00:00:00-04:00,7.697293281555177,7.697293281555177,7.38940155029297,7.697293281555176,24960,0.0,0.0
1997-04-21 00:00:00-04:00,7.389402389526367,7.697294155756632,7.389402389526367,7.389402389526367,5360,0.0,0.0
1997-04-22 00:00:00-04:00,7.697293281555177,7.697293281555177,7.38940155029297,7.697293281555176,22440,0.0,0.0
1997-04-23 00:00:00-04:00,7.697293281555177,7.697293281555177,7.38940155029297,7.697293281555176,29960,0.0,0.0
1997-04-24 00:00:00-04:00,7.697293281555177,7.697293281555177,7.38940155029297,7.697293281555176,41160,0.0,0.0
1997-04-25 00:00:00-04:00,7.389402389526367,7.697294155756632,7.389402389526367,7.389402389526367,9840,0.0,0.0
1997-04-28 00:00:00-04:00,7.697294155756632,7.697294155756632,7.389402389526367,7.389402389526367,24480,0.0,0.0
1997-04-29 00:00:00-04:00,7.69729339159452,8.0051851272583,7.69729339159452,8.0051851272583,43800,0.0,0.0
1997-04-30 00:00:00-04:00,7.69729339159452,8.0051851272583,7.69729339159452,8.0051851272583,58320,0.0,0.0
1997-05-01 00:00:00-04:00,7.69729339159452,8.0051851272583,7.69729339159452,8.0051851272583,42960,0.0,0.0
1997-05-02 00:00:00-04:00,7.697293281555177,8.005185012817384,7.697293281555177,7.697293281555176,94600,0.0,0.0
1997-05-05 00:00:00-04:00,8.0051851272583,8.0051851272583,7.69729339159452,8.0051851272583,45000,0.0,0.0
1997-05-06 00:00:00-04:00,7.697293281555177,8.005185012817384,7.697293281555177,7.697293281555176,22920,0.0,0.0
1997-05-07 00:00:00-04:00,8.0051851272583,8.0051851272583,7.69729339159452,8.0051851272583,7680,0.0,0.0
1997-05-08 00:00:00-04:00,8.005185012817384,8.005185012817384,7.697293281555177,7.697293281555176,30520,0.0,0.0
1997-05-09 00:00:00-04:00,7.69729339159452,8.0051851272583,7.69729339159452,8.0051851272583,33720,0.0,0.0
1997-05-12 00:00:00-04:00,8.005185012817384,8.005185012817384,7.38940155029297,7.697293281555176,456440,0.0,0.0
1997-05-13 00:00:00-04:00,7.697294155756632,7.697294155756632,7.389402389526367,7.389402389526367,49880,0.0,0.0
1997-05-14 00:00:00-04:00,7.38940155029297,7.697293281555177,7.38940155029297,7.697293281555176,131800,0.0,0.0
1997-05-15 00:00:00-04:00,7.38940155029297,7.697293281555177,7.38940155029297,7.697293281555176,38800,0.0,0.0
1997-05-16 00:00:00-04:00,7.697293281555177,8.005185012817384,7.38940155029297,7.697293281555176,72560,0.0,0.0
1997-05-19 00:00:00-04:00,7.697293281555177,7.697293281555177,7.38940155029297,7.697293281555176,50760,0.0,0.0
1997-05-20 00:00:00-04:00,7.6972934934828015,8.313076972961426,7.6972934934828015,8.313076972961426,51520,0.0,0.0
1997-05-21 00:00:00-04:00,8.313076400756836,9.544643274943034,8.313076400756836,9.236751556396484,404240,0.0,0.0
1997-05-22 00:00:00-04:00,8.928859837849936,9.236751556396484,8.928859837849936,9.236751556396484,183320,0.0,0.0
1997-05-23 00:00:00-04:00,9.236752192179361,9.236752192179361,8.313076972961426,8.313076972961426,160760,0.0,0.0
1997-05-27 00:00:00-04:00,8.005185233222113,8.313076972961426,8.005185233222113,8.313076972961426,148240,0.0,0.0
1997-05-28 00:00:00-04:00,6.465726939114656,6.773618698120116,6.465726939114656,6.773618698120117,404960,0.0,0.0
1997-05-29 00:00:00-04:00,7.081510543823241,7.081510543823241,6.773618781048318,7.081510543823242,189920,0.0,0.0
1997-05-30 00:00:00-04:00,7.081510543823241,7.081510543823241,6.773618781048318,7.081510543823242,379200,0.0,0.0
1997-06-02 00:00:00-04:00,7.081510362170992,7.081510362170992,6.157835097539993,6.465726852416992,291960,0.0,0.0
1997-06-03 00:00:00-04:00,6.773618698120116,6.773618698120116,6.157835180109196,6.773618698120117,65440,0.0,0.0
1997-06-04 00:00:00-04:00,6.4657272577285765,6.4657272577285765,6.157835483551025,6.157835483551025,60600,0.0,0.0
1997-06-05 00:00:00-04:00,6.465726852416993,6.465726852416993,6.157835097539993,6.465726852416992,209480,0.0,0.0
1997-06-06 00:00:00-04:00,6.4657261246129085,6.4657261246129085,5.849942684173584,5.849942684173584,205320,0.0,0.0
1997-06-09 00:00:00-04:00,6.157835483551025,6.157835483551025,5.849943709373474,6.157835483551025,254240,0.0,0.0
1997-06-10 00:00:00-04:00,6.157835483551025,6.157835483551025,5.849943709373474,6.157835483551025,664040,0.0,0.0
1997-06-11 00:00:00-04:00,6.157835483551025,6.4657272577285765,5.849943709373474,6.157835483551025,169120,0.0,0.0
1997-06-12 00:00:00-04:00,6.465726852416993,6.465726852416993,6.157835097539993,6.465726852416992,189800,0.0,0.0
1997-06-13 00:00:00-04:00,6.465726852416993,6.465726852416993,6.157835097539993,6.465726852416992,119200,0.0,0.0
1997-06-16 00:00:00-04:00,6.157835097539993,6.465726852416993,6.157835097539993,6.465726852416992,80960,0.0,0.0
1997-06-17 00:00:00-04:00,6.465727018273395,7.081510543823241,6.157835255498471,7.081510543823242,2367920,0.0,0.0
1997-06-18 00:00:00-04:00,7.081510362170992,7.081510362170992,6.465726852416993,6.465726852416992,451080,0.0,0.0
1997-06-19 00:00:00-04:00,6.773618607293992,6.773618607293992,6.157835097539993,6.465726852416992,367880,0.0,0.0
1997-06-20 00:00:00-04:00,6.4657272577285765,6.773619031906128,6.157835483551025,6.157835483551025,239680,0.0,0.0
1997-06-23 00:00:00-04:00,6.4657272577285765,6.4657272577285765,6.157835483551025,6.157835483551025,267960,0.0,0.0
1997-06-24 00:00:00-04:00,6.465727294363626,6.619673182324665,6.311781406402588,6.311781406402588,258440,0.0,0.0
1997-06-25 00:00:00-04:00,6.465726896773937,6.619672775268555,6.311781018279319,6.619672775268555,222080,0.0,0.0
1997-06-26 00:00:00-04:00,6.619672729855493,6.773618607293992,6.465726852416993,6.465726852416992,107200,0.0,0.0
1997-06-27 00:00:00-04:00,6.619672729855493,6.773618607293992,6.465726852416993,6.465726852416992,158880,0.0,0.0
1997-06-30 00:00:00-04:00,6.619672775268555,6.773618653763172,6.465726896773937,6.619672775268555,90760,0.0,0.0
1997-07-01 00:00:00-04:00,6.619672818617387,6.773618698120116,6.619672818617387,6.773618698120117,113920,0.0,0.0
1997-07-02 00:00:00-04:00,6.773618698120116,6.773618698120116,6.619672818617387,6.773618698120117,83560,0.0,0.0
1997-07-03 00:00:00-04:00,6.773618698120116,6.773618698120116,6.619672818617387,6.773618698120117,117920,0.0,0.0
1997-07-07 00:00:00-04:00,6.619672775268555,6.773618653763172,6.619672775268555,6.619672775268555,85360,0.0,0.0
1997-07-08 00:00:00-04:00,6.773618607293992,6.773618607293992,6.465726852416993,6.465726852416992,82240,0.0,0.0
1997-07-09 00:00:00-04:00,6.619672818617387,6.773618698120116,6.465726939114656,6.773618698120117,76080,0.0,0.0
1997-07-10 00:00:00-04:00,6.773618698120116,6.773618698120116,6.619672818617387,6.773618698120117,64240,0.0,0.0
1997-07-11 00:00:00-04:00,6.773618698120116,6.773618698120116,6.619672818617387,6.773618698120117,84160,0.0,0.0
1997-07-14 00:00:00-04:00,6.773618607293992,6.773618607293992,6.465726852416993,6.465726852416992,86480,0.0,0.0
1997-07-15 00:00:00-04:00,6.619672729855493,6.619672729855493,6.311780974978493,6.465726852416992,208800,0.0,0.0
1997-07-16 00:00:00-04:00,6.465726852416993,6.465726852416993,6.311780974978493,6.465726852416992,72160,0.0,0.0
1997-07-17 00:00:00-04:00,6.465726896773937,6.619672775268555,6.311781018279319,6.619672775268555,69160,0.0,0.0
1997-07-18 00:00:00-04:00,6.465726852416993,6.619672729855493,6.311780974978493,6.465726852416992,48160,0.0,0.0
1997-07-21 00:00:00-04:00,6.465727294363626,6.619673182324665,6.157835518441549,6.311781406402588,98520,0.0,0.0
1997-07-22 00:00:00-04:00,6.311780974978493,6.619672729855493,6.157835097539993,6.465726852416992,56840,0.0,0.0
1997-07-23 00:00:00-04:00,6.619672775268555,6.619672775268555,6.311781018279319,6.619672775268555,50280,0.0,0.0
1997-07-24 00:00:00-04:00,6.465726852416993,6.465726852416993,6.311780974978493,6.465726852416992,29320,0.0,0.0
1997-07-25 00:00:00-04:00,6.311781018279319,6.619672775268555,6.311781018279319,6.619672775268555,32480,0.0,0.0
1997-07-28 00:00:00-04:00,6.619672729855493,6.619672729855493,6.465726852416993,6.465726852416992,49680,0.0,0.0
1997-07-29 00:00:00-04:00,6.465726852416993,6.465726852416993,6.311780974978493,6.465726852416992,38000,0.0,0.0
1997-07-30 00:00:00-04:00,6.465726852416993,6.465726852416993,6.311780974978493,6.465726852416992,50640,0.0,0.0
1997-07-31 00:00:00-04:00,6.4657272577285765,6.4657272577285765,6.157835483551025,6.157835483551025,85880,0.0,0.0
1997-08-01 00:00:00-04:00,6.157835483551025,6.311781370639801,6.157835483551025,6.157835483551025,117560,0.0,0.0
1997-08-04 00:00:00-04:00,6.157835518441549,6.311781406402588,6.157835518441549,6.311781406402588,142040,0.0,0.0
1997-08-05 00:00:00-04:00,6.465727294363626,6.465727294363626,6.311781406402588,6.311781406402588,55320,0.0,0.0
1997-08-06 00:00:00-04:00,6.311781059611927,6.773618698120116,6.311781059611927,6.773618698120117,582480,0.0,0.0
1997-08-07 00:00:00-04:00,6.773618698120116,6.773618698120116,6.619672818617387,6.773618698120117,258720,0.0,0.0
1997-08-08 00:00:00-04:00,6.619673182324665,6.619673182324665,6.311781406402588,6.311781406402588,183600,0.0,0.0
1997-08-11 00:00:00-04:00,6.465726852416993,6.465726852416993,6.311780974978493,6.465726852416992,48000,0.0,0.0
1997-08-12 00:00:00-04:00,6.311781018279319,6.619672775268555,6.311781018279319,6.619672775268555,118480,0.0,0.0
1997-08-13 00:00:00-04:00,6.619672775268555,6.773618653763172,6.465726896773937,6.619672775268555,244120,0.0,0.0
1997-08-14 00:00:00-04:00,6.619672818617387,6.773618698120116,6.465726939114656,6.773618698120117,220320,0.0,0.0
1997-08-15 00:00:00-04:00,6.773618653763172,6.773618653763172,6.619672775268555,6.619672775268555,51040,0.0,0.0
1997-08-18 00:00:00-04:00,6.773618653763172,6.773618653763172,6.465726896773937,6.619672775268555,112680,0.0,0.0
1997-08-19 00:00:00-04:00,6.773618653763172,6.773618653763172,6.465726896773937,6.619672775268555,104240,0.0,0.0
1997-08-20 00:00:00-04:00,6.619672818617387,6.773618698120116,6.465726939114656,6.773618698120117,93280,0.0,0.0
1997-08-21 00:00:00-04:00,6.773618653763172,6.773618653763172,6.465726896773937,6.619672775268555,164560,0.0,0.0
1997-08-22 00:00:00-04:00,6.619672775268555,6.619672775268555,6.465726896773937,6.619672775268555,30760,0.0,0.0
1997-08-25 00:00:00-04:00,6.465726852416993,6.619672729855493,6.465726852416993,6.465726852416992,87000,0.0,0.0
1997-08-26 00:00:00-04:00,6.619672775268555,6.619672775268555,6.465726896773937,6.619672775268555,53680,0.0,0.0
1997-08-27 00:00:00-04:00,6.619672729855493,6.619672729855493,6.465726852416993,6.465726852416992,78200,0.0,0.0
1997-08-28 00:00:00-04:00,6.465726896773937,6.619672775268555,6.465726896773937,6.619672775268555,33760,0.0,0.0
1997-08-29 00:00:00-04:00,6.619672729855493,6.619672729855493,6.465726852416993,6.465726852416992,20160,0.0,0.0
1997-09-02 00:00:00-04:00,6.465726896773937,6.619672775268555,6.465726896773937,6.619672775268555,55360,0.0,0.0
1997-09-03 00:00:00-04:00,6.465726896773937,6.619672775268555,6.465726896773937,6.619672775268555,34200,0.0,0.0
1997-09-04 00:00:00-04:00,6.619672775268555,6.619672775268555,6.465726896773937,6.619672775268555,50800,0.0,0.0
1997-09-05 00:00:00-04:00,6.465726852416993,6.619672729855493,6.465726852416993,6.465726852416992,31600,0.0,0.0
1997-09-08 00:00:00-04:00,6.619672775268555,6.619672775268555,6.465726896773937,6.619672775268555,39240,0.0,0.0
1997-09-09 00:00:00-04:00,6.619672775268555,6.619672775268555,6.465726896773937,6.619672775268555,33880,0.0,0.0
1997-09-10 00:00:00-04:00,6.619672775268555,6.619672775268555,6.465726896773937,6.619672775268555,41640,0.0,0.0
1997-09-11 00:00:00-04:00,6.619672729855493,6.619672729855493,6.465726852416993,6.465726852416992,60360,0.0,0.0
1997-09-12 00:00:00-04:00,6.465726852416993,6.619672729855493,6.311780974978493,6.465726852416992,51720,0.0,0.0
1997-09-15 00:00:00-04:00,6.619672729855493,6.619672729855493,6.311780974978493,6.465726852416992,57320,0.0,0.0
1997-09-16 00:00:00-04:00,6.465726852416993,6.619672729855493,6.465726852416993,6.465726852416992,635200,0.0,0.0
1997-09-17 00:00:00-04:00,6.465726896773937,6.619672775268555,6.465726896773937,6.619672775268555,343120,0.0,0.0
1997-09-18 00:00:00-04:00,6.619672775268555,6.619672775268555,6.465726896773937,6.619672775268555,34000,0.0,0.0
1997-09-19 00:00:00-04:00,6.619672729855493,6.619672729855493,6.465726852416993,6.465726852416992,78000,0.0,0.0
1997-09-22 00:00:00-04:00,6.465726852416993,6.619672729855493,6.465726852416993,6.465726852416992,43520,0.0,0.0
1997-09-23 00:00:00-04:00,6.619672775268555,6.619672775268555,6.465726896773937,6.619672775268555,46920,0.0,0.0
1997-09-24 00:00:00-04:00,6.619672729855493,6.619672729855493,6.465726852416993,6.465726852416992,27600,0.0,0.0
1997-09-25 00:00:00-04:00,6.465726896773937,6.619672775268555,6.465726896773937,6.619672775268555,47080,0.0,0.0
1997-09-26 00:00:00-04:00,6.465726896773937,6.619672775268555,6.465726896773937,6.619672775268555,69800,0.0,0.0
1997-09-29 00:00:00-04:00,6.619672775268555,6.619672775268555,6.465726896773937,6.619672775268555,116960,0.0,0.0
1997-09-30 00:00:00-04:00,6.619672729855493,6.619672729855493,6.465726852416993,6.465726852416992,64520,0.0,0.0
1997-10-01 00:00:00-04:00,6.465726896773937,6.619672775268555,6.465726896773937,6.619672775268555,73920,0.0,0.0
1997-10-02 00:00:00-04:00,6.465726896773937,6.619672775268555,6.465726896773937,6.619672775268555,143920,0.0,0.0
1997-10-03 00:00:00-04:00,6.619672775268555,6.619672775268555,6.465726896773937,6.619672775268555,39640,0.0,0.0
1997-10-06 00:00:00-04:00,6.465726852416993,6.619672729855493,6.465726852416993,6.465726852416992,42720,0.0,0.0
1997-10-07 00:00:00-04:00,6.465726896773937,6.619672775268555,6.465726896773937,6.619672775268555,185400,0.0,0.0
1997-10-08 00:00:00-04:00,6.465726939114656,6.927564577622847,6.465726939114656,6.773618698120117,723600,0.0,0.0
1997-10-09 00:00:00-04:00,6.773618274264865,6.9275641441345215,6.619672404395209,6.9275641441345215,292760,0.0,0.0
1997-10-10 00:00:00-04:00,6.9275641441345215,6.9275641441345215,6.773618274264865,6.9275641441345215,119400,0.0,0.0
1997-10-13 00:00:00-04:00,6.9275641441345215,7.081510014004177,6.619672404395209,6.9275641441345215,273960,0.0,0.0
1997-10-14 00:00:00-04:00,6.927564532257789,6.927564532257789,6.619672775268555,6.619672775268555,87720,0.0,0.0
1997-10-15 00:00:00-04:00,6.619672818617387,6.773618698120116,6.619672818617387,6.773618698120117,81840,0.0,0.0
1997-10-16 00:00:00-04:00,6.619672775268555,6.773618653763172,6.465726896773937,6.619672775268555,93720,0.0,0.0
1997-10-17 00:00:00-04:00,6.465726896773937,6.619672775268555,6.465726896773937,6.619672775268555,134760,0.0,0.0
1997-10-20 00:00:00-04:00,6.619672729855493,6.619672729855493,6.465726852416993,6.465726852416992,69880,0.0,0.0
1997-10-21 00:00:00-04:00,6.465726896773937,6.619672775268555,6.465726896773937,6.619672775268555,19320,0.0,0.0
1997-10-22 00:00:00-04:00,6.619672775268555,6.619672775268555,6.465726896773937,6.619672775268555,26520,0.0,0.0
1997-10-23 00:00:00-04:00,6.619673182324665,6.619673182324665,6.157835518441549,6.311781406402588,162720,0.0,0.0
1997-10-24 00:00:00-04:00,6.311781406402588,6.311781406402588,6.157835518441549,6.311781406402588,322880,0.0,0.0
1997-10-27 00:00:00-05:00,6.003888544283416,6.157834404393246,5.849942684173584,5.849942684173584,81840,0.0,0.0
1997-10-28 00:00:00-05:00,5.695997822284698,6.311781370639801,5.542051935195923,6.157835483551025,122200,0.0,0.0
1997-10-29 00:00:00-05:00,6.003889560699463,6.157835446871244,5.849943674527682,6.003889560699463,94280,0.0,0.0
1997-10-30 00:00:00-05:00,5.849943709373474,6.311781370639801,5.849943709373474,6.157835483551025,256160,0.0,0.0
1997-10-31 00:00:00-05:00,6.003888544283416,6.157834404393246,5.849942684173584,5.849942684173584,32520,0.0,0.0
1997-11-03 00:00:00-05:00,5.849943674527682,6.157835446871244,5.849943674527682,6.003889560699463,73920,0.0,0.0
1997-11-04 00:00:00-05:00,6.157835483551025,6.157835483551025,6.003889596462249,6.157835483551025,37200,0.0,0.0
1997-11-05 00:00:00-05:00,6.003889596462249,6.157835483551025,6.003889596462249,6.157835483551025,35680,0.0,0.0
1997-11-06 00:00:00-05:00,6.157834404393246,6.157834404393246,5.849942684173584,5.849942684173584,54080,0.0,0.0
1997-11-07 00:00:00-05:00,5.849943599185429,6.003889483374519,5.695997714996339,5.695997714996338,42280,0.0,0.0
1997-11-10 00:00:00-05:00,5.695997714996339,5.849943599185429,5.542051830807248,5.695997714996338,38400,0.0,0.0
1997-11-11 00:00:00-05:00,5.542050963953922,5.849942684173584,5.2341592437342594,5.849942684173584,307280,0.0,0.0
1997-11-12 00:00:00-05:00,5.542051830807248,5.849943599185429,5.542051830807248,5.695997714996338,43040,0.0,0.0
1997-11-13 00:00:00-05:00,5.542051830807248,5.849943599185429,5.542051830807248,5.695997714996338,50880,0.0,0.0
1997-11-14 00:00:00-05:00,5.695997675259908,5.695997675259908,5.388105909029642,5.542051792144775,73960,0.0,0.0
1997-11-17 00:00:00-05:00,5.695997714996339,5.849943599185429,5.695997714996339,5.695997714996338,41440,0.0,0.0
1997-11-18 00:00:00-05:00,5.542050963953922,5.849942684173584,5.542050963953922,5.849942684173584,65800,0.0,0.0
1997-11-19 00:00:00-05:00,5.695997714996339,5.849943599185429,5.695997714996339,5.695997714996338,14960,0.0,0.0
1997-11-20 00:00:00-05:00,5.695996824063753,5.849942684173584,5.542050963953922,5.849942684173584,20560,0.0,0.0
1997-11-21 00:00:00-05:00,5.695997675259908,5.695997675259908,5.542051792144775,5.542051792144775,51160,0.0,0.0
1997-11-24 00:00:00-05:00,5.542051751273019,5.542051751273019,5.388105869293213,5.388105869293213,172240,0.0,0.0
1997-11-25 00:00:00-05:00,5.234159987313406,5.542051751273019,5.234159987313406,5.388105869293213,63960,0.0,0.0
1997-11-26 00:00:00-05:00,5.23415994644165,5.388105827219347,5.23415994644165,5.23415994644165,119080,0.0,0.0
1997-11-28 00:00:00-05:00,5.234159903092817,5.234159903092817,5.080214023590087,5.080214023590088,39960,0.0,0.0
1997-12-01 00:00:00-05:00,5.0802141053336,5.542051751273019,5.0802141053336,5.388105869293213,413400,0.0,0.0
1997-12-02 00:00:00-05:00,5.388105869293213,5.542051751273019,5.388105869293213,5.388105869293213,38560,0.0,0.0
1997-12-03 00:00:00-05:00,5.542051751273019,5.542051751273019,5.234159987313406,5.388105869293213,67280,0.0,0.0
1997-12-04 00:00:00-05:00,5.23415994644165,5.388105827219347,5.23415994644165,5.23415994644165,26760,0.0,0.0
1997-12-05 00:00:00-05:00,5.234159987313406,5.388105869293213,5.0802141053336,5.388105869293213,47880,0.0,0.0
1997-12-08 00:00:00-05:00,5.23415994644165,5.23415994644165,5.080214065663955,5.23415994644165,37800,0.0,0.0
1997-12-09 00:00:00-05:00,5.080214023590087,5.234159903092817,4.772322264584628,5.080214023590088,114040,0.0,0.0
1997-12-10 00:00:00-05:00,4.926268054592994,5.080213931299025,4.464430424474901,4.772322177886963,242480,0.0,0.0
1997-12-11 00:00:00-05:00,4.310484886169434,4.618376663752964,4.310484886169434,4.310484886169434,264360,0.0,0.0
1997-12-12 00:00:00-05:00,4.310484886169434,4.618376663752964,4.310484886169434,4.310484886169434,159880,0.0,0.0
1997-12-15 00:00:00-05:00,4.310484237670899,4.310484237670899,3.540754909515381,3.848646640777588,188640,0.0,0.0
1997-12-16 00:00:00-05:00,3.694701108065518,4.002592867070978,3.232863469557328,3.3868093490600586,909240,0.0,0.0
1997-12-17 00:00:00-05:00,3.540755311648051,3.848647077878316,3.386809428532918,3.6947011947631836,339920,0.0,0.0
1997-12-18 00:00:00-05:00,3.694700775146485,3.8486466407775883,3.3868090438842775,3.848646640777588,277560,0.0,0.0
1997-12-19 00:00:00-05:00,3.540755228562788,3.848646987568248,3.386809349060058,3.3868093490600586,171800,0.0,0.0
1997-12-22 00:00:00-05:00,3.6947013310023715,4.310484886169434,3.6947013310023715,4.310484886169434,305440,0.0,0.0
1997-12-23 00:00:00-05:00,4.310484919054755,4.6183766989872375,4.310484919054755,4.464430809020996,603840,0.0,0.0
1997-12-24 00:00:00-05:00,4.464430809020996,4.6183766989872375,4.464430809020996,4.464430809020996,245320,0.0,0.0
1997-12-26 00:00:00-05:00,4.464429918924968,4.618375778198242,4.464429918924968,4.618375778198242,18160,0.0,0.0
1997-12-29 00:00:00-05:00,4.464430167124822,4.618376034956712,4.00259256362915,4.00259256362915,164480,0.0,0.0
1997-12-30 00:00:00-05:00,4.002592616611056,4.3104843563503685,4.002592616611056,4.156538486480713,105000,0.0,0.0
1997-12-31 00:00:00-05:00,4.002593108585902,4.310484886169434,4.002593108585902,4.310484886169434,120000,0.0,0.0
1998-01-02 00:00:00-05:00,4.310484919054755,4.464430809020996,4.156539029088513,4.464430809020996,40080,0.0,0.0
1998-01-05 00:00:00-05:00,4.310484919054755,4.464430809020996,4.310484919054755,4.464430809020996,10920,0.0,0.0
1998-01-06 00:00:00-05:00,4.3104843563503685,4.464430226220025,4.156538486480713,4.156538486480713,230800,0.0,0.0
1998-01-07 00:00:00-05:00,4.1565384314610405,4.3104842992929315,3.84864669579726,4.00259256362915,62000,0.0,0.0
1998-01-08 00:00:00-05:00,3.848647219794137,4.310484886169434,3.848647219794137,4.310484886169434,89160,0.0,0.0
1998-01-09 00:00:00-05:00,4.3104843563503685,4.3104843563503685,4.002592616611056,4.156538486480713,92680,0.0,0.0
1998-01-12 00:00:00-05:00,4.002592506408692,4.156538372039796,3.8486466407775883,3.848646640777588,48120,0.0,0.0
1998-01-13 00:00:00-05:00,4.002592506408692,4.002592506408692,3.8486466407775883,3.848646640777588,25480,0.0,0.0
1998-01-14 00:00:00-05:00,4.156538997377668,4.4644307749611984,4.002593108585902,4.310484886169434,70960,0.0,0.0
1998-01-15 00:00:00-05:00,4.3104842992929315,4.3104842992929315,3.84864669579726,4.00259256362915,69800,0.0,0.0
1998-01-16 00:00:00-05:00,4.002592616611056,4.156538486480713,3.8486467467414007,4.156538486480713,62440,0.0,0.0
1998-01-20 00:00:00-05:00,4.464430898427963,5.234160363674164,4.464430898427963,4.926268577575684,186000,0.0,0.0
1998-01-21 00:00:00-05:00,4.926268223353794,5.388105869293213,4.926268223353794,5.388105869293213,255520,0.0,0.0
1998-01-22 00:00:00-05:00,5.388105827219347,5.388105827219347,5.23415994644165,5.23415994644165,165560,0.0,0.0
1998-01-23 00:00:00-05:00,5.388105782595547,5.388105782595547,5.080214023590087,5.080214023590088,49560,0.0,0.0
1998-01-26 00:00:00-05:00,5.234159903092817,5.234159903092817,4.9262681440873575,5.080214023590088,112040,0.0,0.0
1998-01-27 00:00:00-05:00,5.234159215291341,5.234159215291341,4.618375778198242,4.618375778198242,454440,0.0,0.0
1998-01-28 00:00:00-05:00,4.926268577575684,5.080214470624924,4.7723226845264435,4.926268577575684,345080,0.0,0.0
1998-01-29 00:00:00-05:00,4.926268577575684,5.234160363674164,4.7723226845264435,4.926268577575684,263760,0.0,0.0
1998-01-30 00:00:00-05:00,5.234160363674164,5.234160363674164,4.926268577575684,4.926268577575684,77520,0.0,0.0
1998-02-02 00:00:00-05:00,5.080214470624924,5.080214470624924,4.926268577575684,4.926268577575684,64200,0.0,0.0
1998-02-03 00:00:00-05:00,5.080214065663955,5.23415994644165,4.9262681848862595,5.23415994644165,47000,0.0,0.0
1998-02-04 00:00:00-05:00,5.388105827219347,5.388105827219347,5.23415994644165,5.23415994644165,57800,0.0,0.0
1998-02-05 00:00:00-05:00,5.388105869293213,5.388105869293213,5.234159987313406,5.388105869293213,124320,0.0,0.0
1998-02-06 00:00:00-05:00,5.388105827219347,5.388105827219347,5.23415994644165,5.23415994644165,37320,0.0,0.0
1998-02-09 00:00:00-05:00,5.388105827219347,5.388105827219347,5.23415994644165,5.23415994644165,95920,0.0,0.0
1998-02-10 00:00:00-05:00,5.388105827219347,5.388105827219347,5.23415994644165,5.23415994644165,73080,0.0,0.0
1998-02-11 00:00:00-05:00,5.080214065663955,5.23415994644165,5.080214065663955,5.23415994644165,22160,0.0,0.0
1998-02-12 00:00:00-05:00,5.234159903092817,5.234159903092817,5.080214023590087,5.080214023590088,22000,0.0,0.0
1998-02-13 00:00:00-05:00,5.080214470624924,5.080214470624924,4.926268577575684,4.926268577575684,75400,0.0,0.0
1998-02-17 00:00:00-05:00,5.234159903092817,5.234159903092817,5.080214023590087,5.080214023590088,45240,0.0,0.0
1998-02-18 00:00:00-05:00,4.926268577575684,5.234160363674164,4.926268577575684,4.926268577575684,32760,0.0,0.0
1998-02-19 00:00:00-05:00,5.080214470624924,5.080214470624924,4.926268577575684,4.926268577575684,28840,0.0,0.0
1998-02-20 00:00:00-05:00,4.926268577575684,5.080214470624924,4.926268577575684,4.926268577575684,52240,0.0,0.0
1998-02-23 00:00:00-05:00,5.080214470624924,5.080214470624924,4.926268577575684,4.926268577575684,25160,0.0,0.0
1998-02-24 00:00:00-05:00,4.772322177886963,4.926268054592994,4.618376301180932,4.772322177886963,134440,0.0,0.0
1998-02-25 00:00:00-05:00,4.618376791477203,4.926268577575684,4.618376791477203,4.926268577575684,50240,0.0,0.0
1998-02-26 00:00:00-05:00,4.926268577575684,4.926268577575684,4.7723226845264435,4.926268577575684,33600,0.0,0.0
1998-02-27 00:00:00-05:00,4.772322177886963,4.926268054592994,4.772322177886963,4.772322177886963,29080,0.0,0.0
1998-03-02 00:00:00-05:00,4.772322177886963,4.926268054592994,4.772322177886963,4.772322177886963,38320,0.0,0.0
1998-03-03 00:00:00-05:00,4.926268577575684,4.926268577575684,4.618376791477203,4.926268577575684,151280,0.0,0.0
1998-03-04 00:00:00-05:00,4.926268054592994,4.926268054592994,4.618376301180932,4.772322177886963,47240,0.0,0.0
1998-03-05 00:00:00-05:00,4.464430424474901,4.772322177886963,4.31048454776887,4.772322177886963,106840,0.0,0.0
1998-03-06 00:00:00-05:00,4.7723226845264435,4.926268577575684,4.618376791477203,4.926268577575684,56160,0.0,0.0
1998-03-09 00:00:00-05:00,4.464430424474901,4.772322177886963,4.31048454776887,4.772322177886963,135480,0.0,0.0
1998-03-10 00:00:00-05:00,4.772322177886963,4.926268054592994,4.618376301180932,4.772322177886963,31320,0.0,0.0
1998-03-11 00:00:00-05:00,4.618375778198242,4.926267496744792,4.618375778198242,4.618375778198242,38200,0.0,0.0
1998-03-12 00:00:00-05:00,4.618376301180932,4.772322177886963,4.618376301180932,4.772322177886963,21600,0.0,0.0
1998-03-13 00:00:00-05:00,4.7723226845264435,4.926268577575684,4.618376791477203,4.926268577575684,48960,0.0,0.0
1998-03-16 00:00:00-05:00,4.772322177886963,4.926268054592994,4.772322177886963,4.772322177886963,45200,0.0,0.0
1998-03-17 00:00:00-05:00,4.7723226845264435,4.926268577575684,4.618376791477203,4.926268577575684,510000,0.0,0.0
1998-03-18 00:00:00-05:00,4.926267496744792,4.926267496744792,4.618375778198242,4.618375778198242,489000,0.0,0.0
1998-03-19 00:00:00-05:00,4.618376301180932,4.772322177886963,4.618376301180932,4.772322177886963,20920,0.0,0.0
1998-03-20 00:00:00-05:00,4.772322177886963,4.926268054592994,4.618376301180932,4.772322177886963,54000,0.0,0.0
1998-03-23 00:00:00-05:00,4.926267496744792,4.926267496744792,4.618375778198242,4.618375778198242,43360,0.0,0.0
1998-03-24 00:00:00-05:00,4.772322177886963,4.772322177886963,4.618376301180932,4.772322177886963,54680,0.0,0.0
1998-03-25 00:00:00-05:00,4.772322177886963,4.772322177886963,4.618376301180932,4.772322177886963,48920,0.0,0.0
1998-03-26 00:00:00-05:00,4.464430898427963,4.926268577575684,4.464430898427963,4.926268577575684,107400,0.0,0.0
1998-03-27 00:00:00-05:00,4.772321637471517,4.926267496744792,4.618375778198242,4.618375778198242,39760,0.0,0.0
1998-03-30 00:00:00-05:00,4.618375778198242,4.772321637471517,4.464429918924968,4.618375778198242,66640,0.0,0.0
1998-03-31 00:00:00-05:00,4.618376301180932,4.772322177886963,4.464430424474901,4.772322177886963,40880,0.0,0.0
1998-04-01 00:00:00-05:00,4.772321637471517,4.772321637471517,4.464429918924968,4.618375778198242,80240,0.0,0.0
1998-04-02 00:00:00-05:00,4.464430424474901,4.926268054592994,4.464430424474901,4.772322177886963,80480,0.0,0.0
1998-04-03 00:00:00-05:00,4.772322177886963,4.926268054592994,4.618376301180932,4.772322177886963,66360,0.0,0.0
1998-04-06 00:00:00-04:00,4.7723226845264435,4.926268577575684,4.7723226845264435,4.926268577575684,20240,0.0,0.0
1998-04-07 00:00:00-04:00,4.926268054592994,4.926268054592994,4.772322177886963,4.772322177886963,18480,0.0,0.0
1998-04-08 00:00:00-04:00,4.7723226845264435,4.926268577575684,4.7723226845264435,4.926268577575684,35640,0.0,0.0
1998-04-09 00:00:00-04:00,4.926268054592994,4.926268054592994,4.772322177886963,4.772322177886963,53440,0.0,0.0
1998-04-13 00:00:00-04:00,4.926268054592994,4.926268054592994,4.618376301180932,4.772322177886963,95480,0.0,0.0
1998-04-14 00:00:00-04:00,4.772322177886963,4.926268054592994,4.618376301180932,4.772322177886963,117400,0.0,0.0
1998-04-15 00:00:00-04:00,4.926268054592994,4.926268054592994,4.618376301180932,4.772322177886963,59240,0.0,0.0
1998-04-16 00:00:00-04:00,4.618376301180932,4.772322177886963,4.618376301180932,4.772322177886963,36240,0.0,0.0
1998-04-17 00:00:00-04:00,4.618376301180932,4.926268054592994,4.618376301180932,4.772322177886963,50680,0.0,0.0
1998-04-20 00:00:00-04:00,4.6183763850818975,5.234159903092817,4.6183763850818975,5.080214023590088,137560,0.0,0.0
1998-04-21 00:00:00-04:00,4.926268577575684,4.926268577575684,4.7723226845264435,4.926268577575684,115280,0.0,0.0
1998-04-22 00:00:00-04:00,4.926268577575684,4.926268577575684,4.7723226845264435,4.926268577575684,46600,0.0,0.0
1998-04-23 00:00:00-04:00,4.9262681848862595,5.23415994644165,4.9262681848862595,5.23415994644165,66400,0.0,0.0
1998-04-24 00:00:00-04:00,5.23415994644165,5.542051707997042,5.080214065663955,5.23415994644165,139200,0.0,0.0
1998-04-27 00:00:00-04:00,5.234160129840558,6.003889560699463,5.234160129840558,6.003889560699463,257880,0.0,0.0
1998-04-28 00:00:00-04:00,6.003889560699463,6.157835446871244,5.849943674527682,6.003889560699463,375080,0.0,0.0
1998-04-29 00:00:00-04:00,6.0038892201014935,6.465726852416993,5.849943342662994,6.465726852416992,315520,0.0,0.0
1998-04-30 00:00:00-04:00,6.4657272577285765,6.773619031906128,6.003889596462249,6.157835483551025,433400,0.0,0.0
1998-05-01 00:00:00-04:00,6.003889596462249,6.4657272577285765,5.849943709373474,6.157835483551025,83440,0.0,0.0
1998-05-04 00:00:00-04:00,6.311781370639801,6.4657272577285765,6.157835483551025,6.157835483551025,57360,0.0,0.0
1998-05-05 00:00:00-04:00,6.311781370639801,6.311781370639801,6.157835483551025,6.157835483551025,55720,0.0,0.0
1998-05-06 00:00:00-04:00,6.157835446871244,6.157835446871244,6.003889560699463,6.003889560699463,76120,0.0,0.0
1998-05-07 00:00:00-04:00,6.157835446871244,6.157835446871244,5.849943674527682,6.003889560699463,42720,0.0,0.0
1998-05-08 00:00:00-04:00,6.157835483551025,6.311781370639801,6.003889596462249,6.157835483551025,51240,0.0,0.0
1998-05-11 00:00:00-04:00,6.157835446871244,6.311781333043025,6.003889560699463,6.003889560699463,69120,0.0,0.0
1998-05-12 00:00:00-04:00,6.157835446871244,6.157835446871244,5.849943674527682,6.003889560699463,21880,0.0,0.0
1998-05-13 00:00:00-04:00,5.849942684173584,6.003888544283416,5.849942684173584,5.849942684173584,65640,0.0,0.0
1998-05-14 00:00:00-04:00,6.003889560699463,6.003889560699463,5.849943674527682,6.003889560699463,30560,0.0,0.0
1998-05-15 00:00:00-04:00,5.849942684173584,6.003888544283416,5.849942684173584,5.849942684173584,19120,0.0,0.0
1998-05-18 00:00:00-04:00,6.003888544283416,6.003888544283416,5.849942684173584,5.849942684173584,43800,0.0,0.0
1998-05-19 00:00:00-04:00,5.849942684173584,5.849942684173584,5.542050963953922,5.849942684173584,83920,0.0,0.0
1998-05-20 00:00:00-04:00,5.849943599185429,5.849943599185429,5.695997714996339,5.695997714996338,35440,0.0,0.0
1998-05-21 00:00:00-04:00,5.695997588774738,5.695997588774738,5.23415994644165,5.23415994644165,106720,0.0,0.0
1998-05-22 00:00:00-04:00,5.23416002591451,5.542051792144775,5.23416002591451,5.542051792144775,81600,0.0,0.0
1998-05-26 00:00:00-04:00,5.542051792144775,5.695997675259908,5.542051792144775,5.542051792144775,28960,0.0,0.0
1998-05-27 00:00:00-04:00,5.388105827219347,5.542051707997042,5.23415994644165,5.23415994644165,37560,0.0,0.0
1998-05-28 00:00:00-04:00,5.542051707997042,5.695997588774738,5.23415994644165,5.23415994644165,52760,0.0,0.0
1998-05-29 00:00:00-04:00,5.23415994644165,5.388105827219347,5.080214065663955,5.23415994644165,28120,0.0,0.0
1998-06-01 00:00:00-04:00,5.23415994644165,5.388105827219347,5.23415994644165,5.23415994644165,16960,0.0,0.0
1998-06-02 00:00:00-04:00,5.23415994644165,5.388105827219347,5.23415994644165,5.23415994644165,29240,0.0,0.0
1998-06-03 00:00:00-04:00,5.388106256723404,5.388106256723404,4.926268577575684,4.926268577575684,46200,0.0,0.0
1998-06-04 00:00:00-04:00,4.926268577575684,5.080214470624924,4.7723226845264435,4.926268577575684,78160,0.0,0.0
1998-06-05 00:00:00-04:00,5.0802141053336,5.388105869293213,4.926268223353794,5.388105869293213,41840,0.0,0.0
1998-06-08 00:00:00-04:00,5.388105782595547,5.388105782595547,5.080214023590087,5.080214023590088,47680,0.0,0.0
1998-06-09 00:00:00-04:00,5.080214065663955,5.23415994644165,5.080214065663955,5.23415994644165,29280,0.0,0.0
1998-06-10 00:00:00-04:00,5.234159903092817,5.388105782595547,5.080214023590087,5.080214023590088,38560,0.0,0.0
1998-06-11 00:00:00-04:00,5.080214065663955,5.23415994644165,4.9262681848862595,5.23415994644165,106840,0.0,0.0
1998-06-12 00:00:00-04:00,5.080214065663955,5.23415994644165,4.9262681848862595,5.23415994644165,59560,0.0,0.0
1998-06-15 00:00:00-04:00,5.080214023590087,5.234159903092817,4.9262681440873575,5.080214023590088,18200,0.0,0.0
1998-06-16 00:00:00-04:00,4.926268577575684,5.080214470624924,4.926268577575684,4.926268577575684,20840,0.0,0.0
1998-06-17 00:00:00-04:00,4.9262681848862595,5.23415994644165,4.9262681848862595,5.23415994644165,44760,0.0,0.0
1998-06-18 00:00:00-04:00,5.234159903092817,5.234159903092817,5.080214023590087,5.080214023590088,25280,0.0,0.0
1998-06-19 00:00:00-04:00,5.234159903092817,5.388105782595547,5.080214023590087,5.080214023590088,317280,0.0,0.0
1998-06-22 00:00:00-04:00,5.234159903092817,5.234159903092817,5.080214023590087,5.080214023590088,508200,0.0,0.0
1998-06-23 00:00:00-04:00,5.388105909029642,5.542051792144775,5.23416002591451,5.542051792144775,284040,0.0,0.0
1998-06-24 00:00:00-04:00,5.54205190218412,6.157835446871244,5.54205190218412,6.003889560699463,122000,0.0,0.0
1998-06-25 00:00:00-04:00,6.003888544283416,6.003888544283416,5.849942684173584,5.849942684173584,43000,0.0,0.0
1998-06-26 00:00:00-04:00,5.695997714996339,5.849943599185429,5.542051830807248,5.695997714996338,41400,0.0,0.0
1998-06-29 00:00:00-04:00,5.695996824063753,5.849942684173584,5.542050963953922,5.849942684173584,72280,0.0,0.0
1998-06-30 00:00:00-04:00,5.695997714996339,6.157835367563609,5.695997714996339,5.695997714996338,185160,0.0,0.0
1998-07-01 00:00:00-04:00,5.849943599185429,5.849943599185429,5.542051830807248,5.695997714996338,34840,0.0,0.0
1998-07-02 00:00:00-04:00,5.695997675259908,5.84994355837504,5.542051792144775,5.542051792144775,65800,0.0,0.0
1998-07-06 00:00:00-04:00,5.542051792144775,5.695997675259908,5.542051792144775,5.542051792144775,36840,0.0,0.0
1998-07-07 00:00:00-04:00,5.695997633252825,5.695997633252825,5.388105869293213,5.388105869293213,36720,0.0,0.0
1998-07-08 00:00:00-04:00,5.388105909029642,5.542051792144775,5.388105909029642,5.542051792144775,33360,0.0,0.0
1998-07-09 00:00:00-04:00,5.388105869293213,5.542051751273019,5.234159987313406,5.388105869293213,62480,0.0,0.0
1998-07-10 00:00:00-04:00,5.542051751273019,5.542051751273019,5.388105869293213,5.388105869293213,81760,0.0,0.0
1998-07-13 00:00:00-04:00,5.388105909029642,5.542051792144775,5.388105909029642,5.542051792144775,55760,0.0,0.0
1998-07-14 00:00:00-04:00,5.542051792144775,5.695997675259908,5.388105909029642,5.542051792144775,28640,0.0,0.0
1998-07-15 00:00:00-04:00,5.542051792144775,5.542051792144775,5.388105909029642,5.542051792144775,38960,0.0,0.0
1998-07-16 00:00:00-04:00,5.388105909029642,5.542051792144775,5.388105909029642,5.542051792144775,36680,0.0,0.0
1998-07-17 00:00:00-04:00,5.388105909029642,5.542051792144775,5.388105909029642,5.542051792144775,20480,0.0,0.0
1998-07-20 00:00:00-04:00,5.542051792144775,5.542051792144775,5.388105909029642,5.542051792144775,31960,0.0,0.0
1998-07-21 00:00:00-04:00,5.388105869293213,5.542051751273019,5.388105869293213,5.388105869293213,26880,0.0,0.0
1998-07-22 00:00:00-04:00,5.542051792144775,5.695997675259908,5.542051792144775,5.542051792144775,68200,0.0,0.0
1998-07-23 00:00:00-04:00,5.695997675259908,5.695997675259908,5.388105909029642,5.542051792144775,30040,0.0,0.0
1998-07-24 00:00:00-04:00,5.54205190218412,6.003889560699463,5.54205190218412,6.003889560699463,99800,0.0,0.0
1998-07-27 00:00:00-04:00,6.003888544283416,6.003888544283416,5.695996824063753,5.849942684173584,20280,0.0,0.0
1998-07-28 00:00:00-04:00,5.8499435152326305,5.8499435152326305,5.388105869293213,5.388105869293213,34760,0.0,0.0
1998-07-29 00:00:00-04:00,5.849943599185429,5.849943599185429,5.542051830807248,5.695997714996338,22960,0.0,0.0
1998-07-30 00:00:00-04:00,5.542051751273019,5.695997633252825,5.388105869293213,5.388105869293213,25640,0.0,0.0
1998-07-31 00:00:00-04:00,5.695997588774738,5.695997588774738,5.23415994644165,5.23415994644165,78800,0.0,0.0
1998-08-03 00:00:00-04:00,5.388105827219347,5.388105827219347,5.080214065663955,5.23415994644165,46200,0.0,0.0
1998-08-04 00:00:00-04:00,5.23415994644165,5.23415994644165,5.080214065663955,5.23415994644165,109160,0.0,0.0
1998-08-05 00:00:00-04:00,5.080214065663955,5.23415994644165,5.080214065663955,5.23415994644165,61040,0.0,0.0
1998-08-06 00:00:00-04:00,5.080214065663955,5.23415994644165,5.080214065663955,5.23415994644165,16320,0.0,0.0
1998-08-07 00:00:00-04:00,5.23415994644165,5.23415994644165,5.080214065663955,5.23415994644165,16160,0.0,0.0
1998-08-10 00:00:00-04:00,5.080214470624924,5.234160363674164,4.926268577575684,4.926268577575684,34600,0.0,0.0
1998-08-11 00:00:00-04:00,4.926268577575684,4.926268577575684,4.7723226845264435,4.926268577575684,52920,0.0,0.0
1998-08-12 00:00:00-04:00,4.772322177886963,5.080213931299025,4.772322177886963,4.772322177886963,95160,0.0,0.0
1998-08-13 00:00:00-04:00,4.7723226845264435,4.926268577575684,4.7723226845264435,4.926268577575684,38120,0.0,0.0
1998-08-14 00:00:00-04:00,4.772321637471517,4.926267496744792,4.618375778198242,4.618375778198242,25640,0.0,0.0
1998-08-17 00:00:00-04:00,4.772321637471517,4.772321637471517,4.618375778198242,4.618375778198242,51760,0.0,0.0
1998-08-18 00:00:00-04:00,4.772322177886963,4.772322177886963,4.618376301180932,4.772322177886963,27320,0.0,0.0
1998-08-19 00:00:00-04:00,4.926268054592994,4.926268054592994,4.772322177886963,4.772322177886963,38560,0.0,0.0
1998-08-20 00:00:00-04:00,4.772322177886963,4.926268054592994,4.772322177886963,4.772322177886963,20120,0.0,0.0
1998-08-21 00:00:00-04:00,4.772322177886963,4.772322177886963,4.618376301180932,4.772322177886963,21720,0.0,0.0
1998-08-24 00:00:00-04:00,4.618375778198242,4.772321637471517,4.618375778198242,4.618375778198242,100320,0.0,0.0
1998-08-25 00:00:00-04:00,4.618375778198242,4.772321637471517,4.618375778198242,4.618375778198242,56120,0.0,0.0
1998-08-26 00:00:00-04:00,4.6183766989872375,4.6183766989872375,4.464430809020996,4.464430809020996,303280,0.0,0.0
1998-08-27 00:00:00-04:00,4.4644307749611984,4.618376663752964,4.002593108585902,4.310484886169434,551080,0.0,0.0
1998-08-28 00:00:00-04:00,4.1565388441085815,4.310484727223714,3.540755311648051,3.6947011947631836,137520,0.0,0.0
1998-08-31 00:00:00-04:00,3.6947011947631836,3.848647077878316,2.7710258960723877,2.7710258960723877,434960,0.0,0.0
1998-09-01 00:00:00-04:00,3.386809390524159,3.5407552719116206,2.9249717463617735,3.540755271911621,399720,0.0,0.0
1998-09-02 00:00:00-04:00,3.6947011532990826,3.6947011532990826,3.5407552719116206,3.540755271911621,65600,0.0,0.0
1998-09-03 00:00:00-04:00,3.5407552719116206,3.5407552719116206,3.386809390524159,3.540755271911621,35400,0.0,0.0
1998-09-04 00:00:00-04:00,3.386809349060058,3.540755228562788,3.386809349060058,3.3868093490600586,36560,0.0,0.0
1998-09-08 00:00:00-04:00,3.5407552719116206,3.6947011532990826,3.386809390524159,3.540755271911621,55000,0.0,0.0
1998-09-09 00:00:00-04:00,3.540755228562788,3.540755228562788,3.386809349060058,3.3868093490600586,43720,0.0,0.0
1998-09-10 00:00:00-04:00,3.386809390524159,3.5407552719116206,3.2328635091366973,3.540755271911621,56440,0.0,0.0
1998-09-11 00:00:00-04:00,3.540755228562788,3.540755228562788,3.232863469557328,3.3868093490600586,35600,0.0,0.0
1998-09-14 00:00:00-04:00,3.386809349060058,3.694701108065518,3.386809349060058,3.3868093490600586,186320,0.0,0.0
1998-09-15 00:00:00-04:00,3.5407552719116206,3.6947011532990826,3.386809390524159,3.540755271911621,64520,0.0,0.0
1998-09-16 00:00:00-04:00,3.6947011947631836,3.848647077878316,3.386809428532918,3.6947011947631836,235800,0.0,0.0
1998-09-17 00:00:00-04:00,3.5407552719116206,3.6947011532990826,3.386809390524159,3.540755271911621,184440,0.0,0.0
1998-09-18 00:00:00-04:00,3.5407552719116206,3.5407552719116206,3.386809390524159,3.540755271911621,78360,0.0,0.0
1998-09-21 00:00:00-04:00,3.5407552719116206,3.5407552719116206,3.386809390524159,3.540755271911621,32440,0.0,0.0
1998-09-22 00:00:00-04:00,3.6947011947631836,3.6947011947631836,3.540755311648051,3.6947011947631836,13160,0.0,0.0
1998-09-23 00:00:00-04:00,3.6947008279653697,4.00259256362915,3.540754960133479,4.00259256362915,177640,0.0,0.0
1998-09-24 00:00:00-04:00,3.8486466407775883,4.002592506408692,3.8486466407775883,3.848646640777588,83360,0.0,0.0
1998-09-25 00:00:00-04:00,3.848647077878316,4.002592960993448,3.6947011947631836,3.6947011947631836,113920,0.0,0.0
1998-09-28 00:00:00-04:00,3.6947008279653697,4.00259256362915,3.6947008279653697,4.00259256362915,30000,0.0,0.0
1998-09-29 00:00:00-04:00,4.00259256362915,4.1565384314610405,3.84864669579726,4.00259256362915,56000,0.0,0.0
1998-09-30 00:00:00-04:00,4.00259256362915,4.00259256362915,3.84864669579726,4.00259256362915,19760,0.0,0.0
1998-10-01 00:00:00-04:00,4.002592960993448,4.002592960993448,3.6947011947631836,3.6947011947631836,37120,0.0,0.0
1998-10-02 00:00:00-04:00,3.8486466407775883,3.8486466407775883,3.540754909515381,3.848646640777588,27160,0.0,0.0
1998-10-05 00:00:00-04:00,3.6947011532990826,3.6947011532990826,3.5407552719116206,3.540755271911621,12720,0.0,0.0
1998-10-06 00:00:00-04:00,3.6947008279653697,4.00259256362915,3.6947008279653697,4.00259256362915,36520,0.0,0.0
1998-10-07 00:00:00-04:00,3.6947011947631836,4.002592960993448,3.6947011947631836,3.6947011947631836,88800,0.0,0.0
1998-10-08 00:00:00-04:00,3.6947011947631836,3.848647077878316,3.6947011947631836,3.6947011947631836,114920,0.0,0.0
1998-10-09 00:00:00-04:00,3.6947011947631836,3.848647077878316,3.6947011947631836,3.6947011947631836,27720,0.0,0.0
1998-10-12 00:00:00-04:00,3.694700775146485,3.8486466407775883,3.694700775146485,3.848646640777588,16360,0.0,0.0
1998-10-13 00:00:00-04:00,3.8486466407775883,3.8486466407775883,3.540754909515381,3.848646640777588,31680,0.0,0.0
1998-10-14 00:00:00-04:00,3.6947011947631836,3.848647077878316,3.6947011947631836,3.6947011947631836,341880,0.0,0.0
1998-10-15 00:00:00-04:00,3.540755311648051,3.848647077878316,3.540755311648051,3.6947011947631836,561360,0.0,0.0
1998-10-16 00:00:00-04:00,3.84864669579726,4.00259256362915,3.6947008279653697,4.00259256362915,75120,0.0,0.0
1998-10-19 00:00:00-04:00,4.002593108585902,4.310484886169434,4.002593108585902,4.310484886169434,19080,0.0,0.0
1998-10-20 00:00:00-04:00,4.1565384314610405,4.3104842992929315,4.00259256362915,4.00259256362915,22040,0.0,0.0
1998-10-21 00:00:00-04:00,4.156538486480713,4.156538486480713,4.002592616611056,4.156538486480713,21440,0.0,0.0
1998-10-22 00:00:00-04:00,4.002593108585902,4.310484886169434,4.002593108585902,4.310484886169434,10960,0.0,0.0
1998-10-23 00:00:00-04:00,4.156538997377668,4.310484886169434,4.156538997377668,4.310484886169434,45640,0.0,0.0
1998-10-26 00:00:00-05:00,4.002592616611056,4.3104843563503685,4.002592616611056,4.156538486480713,63200,0.0,0.0
1998-10-27 00:00:00-05:00,4.156538997377668,4.310484886169434,4.156538997377668,4.310484886169434,14400,0.0,0.0
1998-10-28 00:00:00-05:00,4.156539029088513,4.6183766989872375,4.156539029088513,4.464430809020996,34160,0.0,0.0
1998-10-29 00:00:00-05:00,4.156538486480713,4.464430226220025,4.156538486480713,4.156538486480713,118280,0.0,0.0
1998-10-30 00:00:00-05:00,4.1565384314610405,4.3104842992929315,4.00259256362915,4.00259256362915,35320,0.0,0.0
1998-11-02 00:00:00-05:00,4.1565384314610405,4.3104842992929315,4.00259256362915,4.00259256362915,72440,0.0,0.0
1998-11-03 00:00:00-05:00,4.002592506408692,4.156538372039796,3.8486466407775883,3.848646640777588,832080,0.0,0.0
1998-11-04 00:00:00-05:00,4.156538486480713,4.156538486480713,4.002592616611056,4.156538486480713,49440,0.0,0.0
1998-11-05 00:00:00-05:00,4.156538486480713,4.3104843563503685,4.002592616611056,4.156538486480713,35840,0.0,0.0
1998-11-06 00:00:00-05:00,4.002592616611056,4.3104843563503685,4.002592616611056,4.156538486480713,29360,0.0,0.0
1998-11-09 00:00:00-05:00,4.3104843563503685,4.3104843563503685,4.002592616611056,4.156538486480713,74240,0.0,0.0
1998-11-10 00:00:00-05:00,4.002592506408692,4.156538372039796,3.8486466407775883,3.848646640777588,429800,0.0,0.0
1998-11-11 00:00:00-05:00,3.84864669579726,4.00259256362915,3.6947008279653697,4.00259256362915,119800,0.0,0.0
1998-11-12 00:00:00-05:00,3.8486466407775883,4.002592506408692,3.8486466407775883,3.848646640777588,16000,0.0,0.0
1998-11-13 00:00:00-05:00,3.8486466407775883,4.002592506408692,3.694700775146485,3.848646640777588,50200,0.0,0.0
1998-11-16 00:00:00-05:00,3.694700775146485,3.8486466407775883,3.694700775146485,3.848646640777588,30720,0.0,0.0
1998-11-17 00:00:00-05:00,4.002592960993448,4.002592960993448,3.6947011947631836,3.6947011947631836,32160,0.0,0.0
1998-11-18 00:00:00-05:00,3.6947011947631836,3.848647077878316,3.6947011947631836,3.6947011947631836,54120,0.0,0.0
1998-11-19 00:00:00-05:00,3.6947011947631836,3.848647077878316,3.6947011947631836,3.6947011947631836,28280,0.0,0.0
1998-11-20 00:00:00-05:00,3.8486470346865445,3.8486470346865445,3.5407552719116206,3.540755271911621,62360,0.0,0.0
1998-11-23 00:00:00-05:00,3.694701108065518,3.848646987568248,3.386809349060058,3.3868093490600586,233320,0.0,0.0
1998-11-24 00:00:00-05:00,3.540755181085496,3.8486469359624955,3.2328634262084965,3.232863426208496,212000,0.0,0.0
1998-11-25 00:00:00-05:00,3.2328635091366973,3.5407552719116206,3.2328635091366973,3.540755271911621,73520,0.0,0.0
1998-11-27 00:00:00-05:00,3.386809390524159,3.5407552719116206,3.386809390524159,3.540755271911621,26480,0.0,0.0
1998-11-30 00:00:00-05:00,3.540755181085496,3.540755181085496,3.2328634262084965,3.232863426208496,181400,0.0,0.0
1998-12-01 00:00:00-05:00,3.2328634262084965,3.386809303646996,3.2328634262084965,3.232863426208496,42520,0.0,0.0
1998-12-02 00:00:00-05:00,3.232863469557328,3.386809349060058,3.078917590054598,3.3868093490600586,172160,0.0,0.0
1998-12-03 00:00:00-05:00,3.386809303646996,3.386809303646996,3.2328634262084965,3.232863426208496,94400,0.0,0.0
1998-12-04 00:00:00-05:00,3.0789175487699967,3.386809303646996,3.0789175487699967,3.232863426208496,40720,0.0,0.0
1998-12-07 00:00:00-05:00,3.232863469557328,3.386809349060058,3.078917590054598,3.3868093490600586,46480,0.0,0.0
1998-12-08 00:00:00-05:00,3.386809515953064,3.386809515953064,2.924971854686737,3.0789177417755127,230280,0.0,0.0
1998-12-09 00:00:00-05:00,3.0789177417755127,3.2328636288642882,3.0789177417755127,3.0789177417755127,86520,0.0,0.0
1998-12-10 00:00:00-05:00,3.0789175487699967,3.2328634262084965,3.0789175487699967,3.232863426208496,78600,0.0,0.0
1998-12-11 00:00:00-05:00,3.078917590054598,3.386809349060058,3.078917590054598,3.3868093490600586,120920,0.0,0.0
1998-12-14 00:00:00-05:00,3.2328636288642882,3.386809515953064,3.0789177417755127,3.0789177417755127,40640,0.0,0.0
1998-12-15 00:00:00-05:00,3.0789175487699967,3.2328634262084965,3.0789175487699967,3.232863426208496,28200,0.0,0.0
1998-12-16 00:00:00-05:00,3.0789175487699967,3.2328634262084965,3.0789175487699967,3.232863426208496,95520,0.0,0.0
1998-12-17 00:00:00-05:00,3.0789177417755127,3.2328636288642882,3.0789177417755127,3.0789177417755127,238720,0.0,0.0
1998-12-18 00:00:00-05:00,3.232863469557328,3.386809349060058,3.232863469557328,3.3868093490600586,187000,0.0,0.0
1998-12-21 00:00:00-05:00,3.2328634262084965,3.540755181085496,3.2328634262084965,3.232863426208496,71480,0.0,0.0
1998-12-22 00:00:00-05:00,3.2328634262084965,3.386809303646996,3.2328634262084965,3.232863426208496,76800,0.0,0.0
1998-12-23 00:00:00-05:00,3.2328634262084965,3.386809303646996,3.0789175487699967,3.232863426208496,141120,0.0,0.0
1998-12-24 00:00:00-05:00,3.2328634262084965,3.386809303646996,3.2328634262084965,3.232863426208496,42080,0.0,0.0
1998-12-28 00:00:00-05:00,3.2328636288642882,3.386809515953064,3.0789177417755127,3.0789177417755127,114960,0.0,0.0
1998-12-29 00:00:00-05:00,3.0789177417755127,3.386809515953064,3.0789177417755127,3.0789177417755127,151240,0.0,0.0
1998-12-30 00:00:00-05:00,3.078917590054598,3.386809349060058,3.078917590054598,3.3868093490600586,194280,0.0,0.0
1998-12-31 00:00:00-05:00,3.232863469557328,3.386809349060058,3.078917590054598,3.3868093490600586,336480,0.0,0.0
1999-01-04 00:00:00-05:00,3.386809303646996,3.386809303646996,3.0789175487699967,3.232863426208496,105880,0.0,0.0
1999-01-05 00:00:00-05:00,3.386809428532918,3.6947011947631836,3.2328635454177856,3.6947011947631836,64200,0.0,0.0
1999-01-06 00:00:00-05:00,3.6947011947631836,3.6947011947631836,3.540755311648051,3.6947011947631836,50080,0.0,0.0
1999-01-07 00:00:00-05:00,3.540755228562788,3.694701108065518,3.386809349060058,3.3868093490600586,58720,0.0,0.0
1999-01-08 00:00:00-05:00,3.386809390524159,3.6947011532990826,3.386809390524159,3.540755271911621,56440,0.0,0.0
1999-01-11 00:00:00-05:00,3.5407552719116206,3.6947011532990826,3.5407552719116206,3.540755271911621,42920,0.0,0.0
1999-01-12 00:00:00-05:00,3.386809390524159,3.5407552719116206,3.386809390524159,3.540755271911621,78880,0.0,0.0
1999-01-13 00:00:00-05:00,3.386809349060058,3.540755228562788,3.232863469557328,3.3868093490600586,80720,0.0,0.0
1999-01-14 00:00:00-05:00,3.386809390524159,3.5407552719116206,3.386809390524159,3.540755271911621,29480,0.0,0.0
1999-01-15 00:00:00-05:00,3.386809428532918,3.6947011947631836,3.386809428532918,3.6947011947631836,82120,0.0,0.0
1999-01-19 00:00:00-05:00,3.694700775146485,3.8486466407775883,3.540754909515381,3.848646640777588,114240,0.0,0.0
1999-01-20 00:00:00-05:00,3.694700775146485,4.002592506408692,3.694700775146485,3.848646640777588,71720,0.0,0.0
1999-01-21 00:00:00-05:00,3.8486467467414007,4.156538486480713,3.6947008768717446,4.156538486480713,65160,0.0,0.0
1999-01-22 00:00:00-05:00,4.1565384314610405,4.1565384314610405,3.84864669579726,4.00259256362915,32920,0.0,0.0
1999-01-25 00:00:00-05:00,3.84864669579726,4.00259256362915,3.6947008279653697,4.00259256362915,55120,0.0,0.0
1999-01-26 00:00:00-05:00,3.8486466407775883,4.002592506408692,3.8486466407775883,3.848646640777588,40320,0.0,0.0
1999-01-27 00:00:00-05:00,4.002592616611056,4.156538486480713,3.8486467467414007,4.156538486480713,118440,0.0,0.0
1999-01-28 00:00:00-05:00,4.310484886169434,4.618376663752964,4.156538997377668,4.310484886169434,346160,0.0,0.0
1999-01-29 00:00:00-05:00,4.310484886169434,4.310484886169434,4.002593108585902,4.310484886169434,38040,0.0,0.0
1999-02-01 00:00:00-05:00,4.310484886169434,4.310484886169434,4.002593108585902,4.310484886169434,448160,0.0,0.0
1999-02-02 00:00:00-05:00,4.310484886169434,4.618376663752964,4.310484886169434,4.310484886169434,139400,0.0,0.0
1999-02-03 00:00:00-05:00,4.310484919054755,4.464430809020996,4.310484919054755,4.464430809020996,32920,0.0,0.0
1999-02-04 00:00:00-05:00,4.3104843563503685,4.3104843563503685,4.002592616611056,4.156538486480713,111720,0.0,0.0
1999-02-05 00:00:00-05:00,4.3104843563503685,4.3104843563503685,4.156538486480713,4.156538486480713,184480,0.0,0.0
1999-02-08 00:00:00-05:00,4.3104843563503685,4.3104843563503685,4.156538486480713,4.156538486480713,26160,0.0,0.0
1999-02-09 00:00:00-05:00,4.310484919054755,4.772322588953479,4.310484919054755,4.464430809020996,1116320,0.0,0.0
1999-02-10 00:00:00-05:00,4.9262681848862595,5.542051707997042,4.9262681848862595,5.23415994644165,3151480,0.0,0.0
1999-02-11 00:00:00-05:00,5.23415994644165,5.695997588774738,4.9262681848862595,5.23415994644165,819280,0.0,0.0
1999-02-12 00:00:00-05:00,5.234160363674164,5.234160363674164,4.7723226845264435,4.926268577575684,265360,0.0,0.0
1999-02-16 00:00:00-05:00,5.080214023590087,5.080214023590087,4.464430505579168,5.080214023590088,313400,0.0,0.0
1999-02-17 00:00:00-05:00,5.080213931299025,5.234159808005056,4.772322177886963,4.772322177886963,128160,0.0,0.0
1999-02-18 00:00:00-05:00,4.926268054592994,4.926268054592994,4.464430424474901,4.772322177886963,110120,0.0,0.0
1999-02-19 00:00:00-05:00,4.464429918924968,4.772321637471517,4.310484059651693,4.618375778198242,105560,0.0,0.0
1999-02-22 00:00:00-05:00,4.618375778198242,4.618375778198242,4.310484059651693,4.618375778198242,100200,0.0,0.0
1999-02-23 00:00:00-05:00,4.926267496744792,5.080213356018067,4.618375778198242,4.618375778198242,425840,0.0,0.0
1999-02-24 00:00:00-05:00,4.772321637471517,4.772321637471517,4.464429918924968,4.618375778198242,127440,0.0,0.0
1999-02-25 00:00:00-05:00,4.6183766989872375,4.6183766989872375,4.310484919054755,4.464430809020996,68880,0.0,0.0
1999-02-26 00:00:00-05:00,4.6183766989872375,4.6183766989872375,4.310484919054755,4.464430809020996,163800,0.0,0.0
1999-03-01 00:00:00-05:00,4.310484919054755,4.464430809020996,4.310484919054755,4.464430809020996,126920,0.0,0.0
1999-03-02 00:00:00-05:00,4.3104843563503685,4.464430226220025,4.156538486480713,4.156538486480713,125440,0.0,0.0
1999-03-03 00:00:00-05:00,4.3104843563503685,4.3104843563503685,4.002592616611056,4.156538486480713,156560,0.0,0.0
1999-03-04 00:00:00-05:00,4.310484886169434,4.310484886169434,4.156538997377668,4.310484886169434,108240,0.0,0.0
1999-03-05 00:00:00-05:00,4.156539029088513,4.464430809020996,4.156539029088513,4.464430809020996,192960,0.0,0.0
1999-03-08 00:00:00-05:00,4.4644307749611984,4.4644307749611984,4.156538997377668,4.310484886169434,157680,0.0,0.0
1999-03-09 00:00:00-05:00,4.156538997377668,4.310484886169434,4.156538997377668,4.310484886169434,40720,0.0,0.0
1999-03-10 00:00:00-05:00,4.156538997377668,4.4644307749611984,4.156538997377668,4.310484886169434,60360,0.0,0.0
1999-03-11 00:00:00-05:00,4.156538486480713,4.3104843563503685,4.156538486480713,4.156538486480713,102720,0.0,0.0
1999-03-12 00:00:00-05:00,4.1565384314610405,4.1565384314610405,4.00259256362915,4.00259256362915,67480,0.0,0.0
1999-03-15 00:00:00-05:00,4.00259256362915,4.1565384314610405,3.84864669579726,4.00259256362915,144480,0.0,0.0
1999-03-16 00:00:00-05:00,4.002592616611056,4.156538486480713,3.8486467467414007,4.156538486480713,71880,0.0,0.0
1999-03-17 00:00:00-05:00,4.156538486480713,4.3104843563503685,4.002592616611056,4.156538486480713,63600,0.0,0.0
1999-03-18 00:00:00-05:00,4.3104843563503685,4.3104843563503685,4.002592616611056,4.156538486480713,162640,0.0,0.0
1999-03-19 00:00:00-05:00,4.156538997377668,4.4644307749611984,4.156538997377668,4.310484886169434,351120,0.0,0.0
1999-03-22 00:00:00-05:00,4.310484886169434,4.4644307749611984,4.156538997377668,4.310484886169434,85920,0.0,0.0
1999-03-23 00:00:00-05:00,4.1565384314610405,4.1565384314610405,4.00259256362915,4.00259256362915,68600,0.0,0.0
1999-03-24 00:00:00-05:00,3.84864669579726,4.1565384314610405,3.84864669579726,4.00259256362915,72040,0.0,0.0
1999-03-25 00:00:00-05:00,4.002593108585902,4.310484886169434,4.002593108585902,4.310484886169434,52920,0.0,0.0
1999-03-26 00:00:00-05:00,4.310484886169434,4.310484886169434,4.156538997377668,4.310484886169434,34160,0.0,0.0
1999-03-29 00:00:00-05:00,4.156538486480713,4.3104843563503685,4.156538486480713,4.156538486480713,29560,0.0,0.0
1999-03-30 00:00:00-05:00,4.156538486480713,4.3104843563503685,4.002592616611056,4.156538486480713,115040,0.0,0.0
1999-03-31 00:00:00-05:00,4.156538997377668,4.310484886169434,4.156538997377668,4.310484886169434,55120,0.0,0.0
1999-04-01 00:00:00-05:00,4.310484886169434,4.310484886169434,4.156538997377668,4.310484886169434,22600,0.0,0.0
1999-04-05 00:00:00-04:00,4.156538997377668,4.4644307749611984,4.156538997377668,4.310484886169434,85080,0.0,0.0
1999-04-06 00:00:00-04:00,4.4644307749611984,4.4644307749611984,4.310484886169434,4.310484886169434,69680,0.0,0.0
1999-04-07 00:00:00-04:00,4.3104843563503685,4.3104843563503685,4.156538486480713,4.156538486480713,49920,0.0,0.0
1999-04-08 00:00:00-04:00,4.310484886169434,4.310484886169434,4.156538997377668,4.310484886169434,53160,0.0,0.0
1999-04-09 00:00:00-04:00,4.156538997377668,4.310484886169434,4.156538997377668,4.310484886169434,83040,0.0,0.0
1999-04-12 00:00:00-04:00,4.310484919054755,4.772322588953479,4.310484919054755,4.464430809020996,140840,0.0,0.0
1999-04-13 00:00:00-04:00,4.464430424474901,4.926268054592994,4.464430424474901,4.772322177886963,108280,0.0,0.0
1999-04-14 00:00:00-04:00,4.772322177886963,4.772322177886963,4.464430424474901,4.772322177886963,56960,0.0,0.0
1999-04-15 00:00:00-04:00,4.772322304108564,5.23415994644165,4.618376423330869,5.23415994644165,132280,0.0,0.0
1999-04-16 00:00:00-04:00,5.234160363674164,5.234160363674164,4.7723226845264435,4.926268577575684,62280,0.0,0.0
1999-04-19 00:00:00-04:00,4.926268577575684,5.234160363674164,4.7723226845264435,4.926268577575684,182440,0.0,0.0
1999-04-20 00:00:00-04:00,4.7723226845264435,4.926268577575684,4.7723226845264435,4.926268577575684,62400,0.0,0.0
1999-04-21 00:00:00-04:00,4.772322264584628,5.080214023590087,4.772322264584628,5.080214023590088,46000,0.0,0.0
1999-04-22 00:00:00-04:00,5.080214065663955,5.388105827219347,5.080214065663955,5.23415994644165,78240,0.0,0.0
1999-04-23 00:00:00-04:00,5.23415994644165,5.23415994644165,5.080214065663955,5.23415994644165,33240,0.0,0.0
1999-04-26 00:00:00-04:00,5.234159903092817,5.388105782595547,5.080214023590087,5.080214023590088,32880,0.0,0.0
1999-04-27 00:00:00-04:00,5.23415994644165,5.23415994644165,5.080214065663955,5.23415994644165,27720,0.0,0.0
1999-04-28 00:00:00-04:00,4.926268577575684,5.080214470624924,4.926268577575684,4.926268577575684,31600,0.0,0.0
1999-04-29 00:00:00-04:00,4.926268577575684,5.080214470624924,4.926268577575684,4.926268577575684,27200,0.0,0.0
1999-04-30 00:00:00-04:00,5.080214065663955,5.388105827219347,4.9262681848862595,5.23415994644165,93480,0.0,0.0
1999-05-03 00:00:00-04:00,5.234160062429067,6.157835367563609,5.080214178239977,5.695997714996338,518240,0.0,0.0
1999-05-04 00:00:00-04:00,5.695997822284698,6.4657272577285765,5.695997822284698,6.157835483551025,227200,0.0,0.0
1999-05-05 00:00:00-04:00,6.003889596462249,6.311781370639801,6.003889596462249,6.157835483551025,114120,0.0,0.0
1999-05-06 00:00:00-04:00,6.157835518441549,6.311781406402588,6.0038896304805105,6.311781406402588,81560,0.0,0.0
1999-05-07 00:00:00-04:00,6.003889560699463,6.157835446871244,6.003889560699463,6.003889560699463,55080,0.0,0.0
1999-05-10 00:00:00-04:00,6.157835518441549,6.311781406402588,6.0038896304805105,6.311781406402588,68080,0.0,0.0
1999-05-11 00:00:00-04:00,6.311781370639801,6.311781370639801,6.157835483551025,6.157835483551025,69720,0.0,0.0
1999-05-12 00:00:00-04:00,6.157835518441549,6.311781406402588,6.0038896304805105,6.311781406402588,65560,0.0,0.0
1999-05-13 00:00:00-04:00,6.311781406402588,6.311781406402588,6.157835518441549,6.311781406402588,31280,0.0,0.0
1999-05-14 00:00:00-04:00,6.4657272577285765,6.4657272577285765,6.003889596462249,6.157835483551025,37960,0.0,0.0
1999-05-17 00:00:00-04:00,6.003889560699463,6.157835446871244,6.003889560699463,6.003889560699463,38440,0.0,0.0
1999-05-18 00:00:00-04:00,6.003888544283416,6.157834404393246,5.849942684173584,5.849942684173584,42920,0.0,0.0
1999-05-19 00:00:00-04:00,6.003889560699463,6.003889560699463,5.695997788355901,6.003889560699463,19880,0.0,0.0
1999-05-20 00:00:00-04:00,5.849943674527682,6.157835446871244,5.849943674527682,6.003889560699463,63560,0.0,0.0
1999-05-21 00:00:00-04:00,6.157835483551025,6.157835483551025,6.003889596462249,6.157835483551025,40840,0.0,0.0
1999-05-24 00:00:00-04:00,6.003889560699463,6.157835446871244,6.003889560699463,6.003889560699463,36160,0.0,0.0
1999-05-25 00:00:00-04:00,5.849943674527682,6.4657272192148065,5.849943674527682,6.003889560699463,207080,0.0,0.0
1999-05-26 00:00:00-04:00,6.157835483551025,6.311781370639801,6.157835483551025,6.157835483551025,78040,0.0,0.0
1999-05-27 00:00:00-04:00,6.157835483551025,6.311781370639801,6.003889596462249,6.157835483551025,28000,0.0,0.0
1999-05-28 00:00:00-04:00,6.157835446871244,6.157835446871244,6.003889560699463,6.003889560699463,41360,0.0,0.0
1999-06-01 00:00:00-04:00,6.003889596462249,6.157835483551025,6.003889596462249,6.157835483551025,23960,0.0,0.0
1999-06-02 00:00:00-04:00,6.157835518441549,6.311781406402588,6.157835518441549,6.311781406402588,76200,0.0,0.0
1999-06-03 00:00:00-04:00,6.311781406402588,6.311781406402588,6.157835518441549,6.311781406402588,46600,0.0,0.0
1999-06-04 00:00:00-04:00,6.1578351397847015,6.619672775268555,6.1578351397847015,6.619672775268555,74120,0.0,0.0
1999-06-07 00:00:00-04:00,6.465727018273395,7.081510543823241,6.465727018273395,7.081510543823242,170520,0.0,0.0
1999-06-08 00:00:00-04:00,6.773618274264865,7.235455883873833,6.773618274264865,6.9275641441345215,295760,0.0,0.0
1999-06-09 00:00:00-04:00,6.927564662435779,7.235456425210703,6.927564662435779,7.081510543823242,233480,0.0,0.0
1999-06-10 00:00:00-04:00,7.081510543823241,7.235456425210703,6.927564662435779,7.081510543823242,65400,0.0,0.0
1999-06-11 00:00:00-04:00,7.081510014004177,7.081510014004177,6.773618274264865,6.9275641441345215,176320,0.0,0.0
1999-06-14 00:00:00-04:00,6.773618653763172,6.927564532257789,6.619672775268555,6.619672775268555,116320,0.0,0.0
1999-06-15 00:00:00-04:00,6.619672775268555,6.773618653763172,6.619672775268555,6.619672775268555,85360,0.0,0.0
1999-06-16 00:00:00-04:00,6.773618698120116,6.773618698120116,6.619672818617387,6.773618698120117,104560,0.0,0.0
1999-06-17 00:00:00-04:00,6.773618698120116,6.773618698120116,6.465726939114656,6.773618698120117,74000,0.0,0.0
1999-06-18 00:00:00-04:00,6.773618653763172,6.773618653763172,6.465726896773937,6.619672775268555,103480,0.0,0.0
1999-06-21 00:00:00-04:00,6.619672729855493,6.773618607293992,6.465726852416993,6.465726852416992,55360,0.0,0.0
1999-06-22 00:00:00-04:00,6.465726896773937,6.619672775268555,6.465726896773937,6.619672775268555,39520,0.0,0.0
1999-06-23 00:00:00-04:00,6.619672775268555,6.773618653763172,6.465726896773937,6.619672775268555,39400,0.0,0.0
1999-06-24 00:00:00-04:00,6.465726939114656,6.773618698120116,6.465726939114656,6.773618698120117,113360,0.0,0.0
1999-06-25 00:00:00-04:00,6.619672818617387,6.927564577622847,6.619672818617387,6.773618698120117,92720,0.0,0.0
1999-06-28 00:00:00-04:00,6.9275641441345215,7.081510014004177,6.773618274264865,6.9275641441345215,49920,0.0,0.0
1999-06-29 00:00:00-04:00,6.927564662435779,7.081510543823241,6.773618781048318,7.081510543823242,167760,0.0,0.0
1999-06-30 00:00:00-04:00,6.773618781048318,7.081510543823241,6.773618781048318,7.081510543823242,127320,0.0,0.0
1999-07-01 00:00:00-04:00,6.773618698120116,6.927564577622847,6.773618698120116,6.773618698120117,33280,0.0,0.0
1999-07-02 00:00:00-04:00,6.773618274264865,6.9275641441345215,6.773618274264865,6.9275641441345215,19880,0.0,0.0
1999-07-06 00:00:00-04:00,6.773619266266519,7.389402835927111,6.773619266266519,7.235456943511963,249640,0.0,0.0
1999-07-07 00:00:00-04:00,6.927565158681667,7.235456943511963,6.927565158681667,7.235456943511963,69440,0.0,0.0
1999-07-08 00:00:00-04:00,7.081511051096815,7.235456943511963,7.081511051096815,7.235456943511963,62760,0.0,0.0
1999-07-09 00:00:00-04:00,7.389402389526367,7.389402389526367,7.081510623296102,7.389402389526367,106560,0.0,0.0
1999-07-12 00:00:00-04:00,7.389402835927111,7.389402835927111,6.927565158681667,7.235456943511963,210640,0.0,0.0
1999-07-13 00:00:00-04:00,7.081510543823241,7.235456425210703,6.927564662435779,7.081510543823242,101920,0.0,0.0
1999-07-14 00:00:00-04:00,7.081511051096815,7.235456943511963,6.927565158681667,7.235456943511963,53960,0.0,0.0
1999-07-15 00:00:00-04:00,7.081509819030762,7.697293281555177,7.081509819030762,7.697293281555176,308800,0.0,0.0
1999-07-16 00:00:00-04:00,7.697293281555177,7.85123914718628,7.543347415924073,7.697293281555176,266320,0.0,0.0
1999-07-19 00:00:00-04:00,7.8512396812438965,8.005185557346717,7.697293805141075,7.8512396812438965,182240,0.0,0.0
1999-07-20 00:00:00-04:00,7.851240038871765,7.851240038871765,7.235456506411234,7.389402389526367,99920,0.0,0.0
1999-07-21 00:00:00-04:00,7.389402389526367,7.389402389526367,7.235456506411234,7.389402389526367,83880,0.0,0.0
1999-07-22 00:00:00-04:00,7.389402835927111,7.543348728342259,7.235456943511963,7.235456943511963,171680,0.0,0.0
1999-07-23 00:00:00-04:00,7.235456506411234,7.389402389526367,7.235456506411234,7.389402389526367,39720,0.0,0.0
1999-07-26 00:00:00-04:00,7.38940242845185,7.54334831237793,7.081510660599689,7.54334831237793,170880,0.0,0.0
1999-07-27 00:00:00-04:00,7.23545617683261,7.8512396812438965,7.23545617683261,7.8512396812438965,164920,0.0,0.0
1999-07-28 00:00:00-04:00,7.85123925942641,8.0051851272583,7.5433475237626295,8.0051851272583,514240,0.0,0.0
1999-07-29 00:00:00-04:00,8.005185557346717,8.005185557346717,7.697293805141075,7.8512396812438965,53440,0.0,0.0
1999-07-30 00:00:00-04:00,7.85123925942641,8.0051851272583,7.69729339159452,8.0051851272583,131920,0.0,0.0
1999-08-02 00:00:00-04:00,8.005185557346717,8.005185557346717,7.697293805141075,7.8512396812438965,177760,0.0,0.0
1999-08-03 00:00:00-04:00,7.697293805141075,7.8512396812438965,7.697293805141075,7.8512396812438965,93280,0.0,0.0
1999-08-04 00:00:00-04:00,7.697294155756632,7.697294155756632,7.235456506411234,7.389402389526367,79000,0.0,0.0
1999-08-05 00:00:00-04:00,7.081510543823241,7.235456425210703,6.927564662435779,7.081510543823242,124720,0.0,0.0
1999-08-06 00:00:00-04:00,6.927564662435779,7.081510543823241,6.927564662435779,7.081510543823242,72040,0.0,0.0
1999-08-09 00:00:00-04:00,7.081510457125576,7.081510457125576,6.773618698120116,6.773618698120117,150800,0.0,0.0
1999-08-10 00:00:00-04:00,6.619672775268555,6.773618653763172,6.003889261290085,6.619672775268555,231480,0.0,0.0
1999-08-11 00:00:00-04:00,6.619672818617387,6.773618698120116,6.619672818617387,6.773618698120117,40080,0.0,0.0
1999-08-12 00:00:00-04:00,6.773618274264865,6.9275641441345215,6.619672404395209,6.9275641441345215,58920,0.0,0.0
1999-08-13 00:00:00-04:00,6.773618274264865,6.9275641441345215,6.773618274264865,6.9275641441345215,25360,0.0,0.0
1999-08-16 00:00:00-04:00,6.773618274264865,6.9275641441345215,6.773618274264865,6.9275641441345215,36400,0.0,0.0
1999-08-17 00:00:00-04:00,6.927564532257789,7.081510410752407,6.619672775268555,6.619672775268555,83400,0.0,0.0
1999-08-18 00:00:00-04:00,6.619672818617387,6.773618698120116,6.619672818617387,6.773618698120117,97000,0.0,0.0
1999-08-19 00:00:00-04:00,6.619672818617387,6.773618698120116,6.465726939114656,6.773618698120117,13080,0.0,0.0
1999-08-20 00:00:00-04:00,6.619672775268555,6.773618653763172,6.619672775268555,6.619672775268555,21840,0.0,0.0
1999-08-23 00:00:00-04:00,6.619672818617387,6.773618698120116,6.619672818617387,6.773618698120117,28000,0.0,0.0
1999-08-24 00:00:00-04:00,6.619672775268555,6.773618653763172,6.619672775268555,6.619672775268555,15600,0.0,0.0
1999-08-25 00:00:00-04:00,6.619672404395209,6.9275641441345215,6.619672404395209,6.9275641441345215,38840,0.0,0.0
1999-08-26 00:00:00-04:00,6.9275641441345215,6.9275641441345215,6.773618274264865,6.9275641441345215,20480,0.0,0.0
1999-08-27 00:00:00-04:00,6.9275641441345215,6.9275641441345215,6.773618274264865,6.9275641441345215,27680,0.0,0.0
1999-08-30 00:00:00-04:00,6.773618274264865,6.9275641441345215,6.619672404395209,6.9275641441345215,44080,0.0,0.0
1999-08-31 00:00:00-04:00,6.6196728996608565,7.081510543823241,6.6196728996608565,7.081510543823242,110720,0.0,0.0
1999-09-01 00:00:00-04:00,6.773618274264865,6.9275641441345215,6.773618274264865,6.9275641441345215,43280,0.0,0.0
1999-09-02 00:00:00-04:00,6.9275641441345215,6.9275641441345215,6.773618274264865,6.9275641441345215,150840,0.0,0.0
1999-09-03 00:00:00-04:00,6.773619266266519,7.235456943511963,6.773619266266519,7.235456943511963,45680,0.0,0.0
1999-09-07 00:00:00-04:00,6.927564577622847,6.927564577622847,6.619672818617387,6.773618698120117,55600,0.0,0.0
1999-09-08 00:00:00-04:00,6.9275641441345215,6.9275641441345215,6.773618274264865,6.9275641441345215,14080,0.0,0.0
1999-09-09 00:00:00-04:00,6.773618698120116,6.927564577622847,6.619672818617387,6.773618698120117,197520,0.0,0.0
1999-09-10 00:00:00-04:00,6.773618698120116,6.773618698120116,6.619672818617387,6.773618698120117,41400,0.0,0.0
1999-09-13 00:00:00-04:00,6.619672775268555,6.619672775268555,6.465726896773937,6.619672775268555,62760,0.0,0.0
1999-09-14 00:00:00-04:00,6.311781018279319,6.619672775268555,6.1578351397847015,6.619672775268555,226720,0.0,0.0
1999-09-15 00:00:00-04:00,6.619672701680671,6.619672701680671,6.311780948114128,6.3502678871154785,218160,0.0,0.0
1999-09-16 00:00:00-04:00,6.311780974978493,6.465726852416993,6.157835097539993,6.465726852416992,40200,0.0,0.0
1999-09-17 00:00:00-04:00,6.1578351397847015,6.619672775268555,6.1578351397847015,6.619672775268555,85960,0.0,0.0
1999-09-20 00:00:00-04:00,6.4657272577285765,6.4657272577285765,6.157835483551025,6.157835483551025,53480,0.0,0.0
1999-09-21 00:00:00-04:00,6.157835097539993,6.465726852416993,6.157835097539993,6.465726852416992,68240,0.0,0.0
1999-09-22 00:00:00-04:00,6.311781370639801,6.4657272577285765,6.157835483551025,6.157835483551025,36800,0.0,0.0
1999-09-23 00:00:00-04:00,6.157835483551025,6.311781370639801,5.849943709373474,6.157835483551025,78240,0.0,0.0
1999-09-24 00:00:00-04:00,6.003889596462249,6.157835483551025,6.003889596462249,6.157835483551025,17840,0.0,0.0
1999-09-27 00:00:00-04:00,6.157835483551025,6.157835483551025,6.003889596462249,6.157835483551025,30400,0.0,0.0
1999-09-28 00:00:00-04:00,6.003888544283416,6.003888544283416,5.542050963953922,5.849942684173584,179600,0.0,0.0
1999-09-29 00:00:00-04:00,5.695997788355901,6.003889560699463,5.54205190218412,6.003889560699463,178400,0.0,0.0
1999-09-30 00:00:00-04:00,6.157835180109196,6.773618698120116,6.003889300606467,6.773618698120117,136680,0.0,0.0
1999-10-01 00:00:00-04:00,6.773618607293992,6.773618607293992,6.311780974978493,6.465726852416992,29040,0.0,0.0
1999-10-04 00:00:00-04:00,6.157835097539993,6.619672729855493,6.157835097539993,6.465726852416992,43680,0.0,0.0
1999-10-05 00:00:00-04:00,6.465726896773937,6.619672775268555,6.311781018279319,6.619672775268555,58800,0.0,0.0
1999-10-06 00:00:00-04:00,6.465726896773937,6.619672775268555,6.311781018279319,6.619672775268555,59840,0.0,0.0
1999-10-07 00:00:00-04:00,6.619672775268555,6.619672775268555,6.311781018279319,6.619672775268555,42240,0.0,0.0
1999-10-08 00:00:00-04:00,6.619672775268555,6.619672775268555,6.465726896773937,6.619672775268555,11080,0.0,0.0
1999-10-11 00:00:00-04:00,6.465726896773937,6.619672775268555,6.465726896773937,6.619672775268555,19600,0.0,0.0
1999-10-12 00:00:00-04:00,6.465727294363626,6.465727294363626,6.311781406402588,6.311781406402588,33120,0.0,0.0
1999-10-13 00:00:00-04:00,6.311781370639801,6.4657272577285765,6.157835483551025,6.157835483551025,44520,0.0,0.0
1999-10-14 00:00:00-04:00,6.157835483551025,6.311781370639801,6.157835483551025,6.157835483551025,38840,0.0,0.0
1999-10-15 00:00:00-04:00,6.157835518441549,6.311781406402588,6.157835518441549,6.311781406402588,42520,0.0,0.0
1999-10-18 00:00:00-04:00,6.157835518441549,6.311781406402588,6.0038896304805105,6.311781406402588,23200,0.0,0.0
1999-10-19 00:00:00-04:00,6.157835483551025,6.4657272577285765,6.157835483551025,6.157835483551025,35040,0.0,0.0
1999-10-20 00:00:00-04:00,6.311781406402588,6.465727294363626,6.157835518441549,6.311781406402588,29800,0.0,0.0
1999-10-21 00:00:00-04:00,6.311781018279319,6.619672775268555,6.1578351397847015,6.619672775268555,109120,0.0,0.0
1999-10-22 00:00:00-04:00,6.465726939114656,6.773618698120116,6.465726939114656,6.773618698120117,28880,0.0,0.0
1999-10-25 00:00:00-04:00,6.619672404395209,6.9275641441345215,6.619672404395209,6.9275641441345215,121240,0.0,0.0
1999-10-26 00:00:00-04:00,6.927564577622847,6.927564577622847,6.773618698120116,6.773618698120117,50400,0.0,0.0
1999-10-27 00:00:00-04:00,6.773618274264865,7.081510014004177,6.773618274264865,6.9275641441345215,82520,0.0,0.0
1999-10-28 00:00:00-04:00,7.081510543823241,7.081510543823241,6.927564662435779,7.081510543823242,44240,0.0,0.0
1999-10-29 00:00:00-04:00,7.081510623296102,7.389402389526367,6.927564740180969,7.389402389526367,206920,0.0,0.0
1999-11-01 00:00:00-05:00,7.389402389526367,7.389402389526367,7.081510623296102,7.389402389526367,58720,0.0,0.0
1999-11-02 00:00:00-05:00,7.081511051096815,7.389402835927111,7.081511051096815,7.235456943511963,214560,0.0,0.0
1999-11-03 00:00:00-05:00,7.235456943511963,7.389402835927111,7.235456943511963,7.235456943511963,38680,0.0,0.0
1999-11-04 00:00:00-05:00,7.235456943511963,7.389402835927111,7.235456943511963,7.235456943511963,171680,0.0,0.0
1999-11-05 00:00:00-05:00,7.235456506411234,7.389402389526367,7.235456506411234,7.389402389526367,90320,0.0,0.0
1999-11-08 00:00:00-05:00,7.38940242845185,7.54334831237793,7.2354565445257695,7.54334831237793,182000,0.0,0.0
1999-11-09 00:00:00-05:00,7.389402052935432,7.8512396812438965,7.23545617683261,7.8512396812438965,449040,0.0,0.0
1999-11-10 00:00:00-05:00,7.697293281555177,7.85123914718628,7.38940155029297,7.697293281555176,103880,0.0,0.0
1999-11-11 00:00:00-05:00,7.697293281555177,7.697293281555177,7.543347415924073,7.697293281555176,157080,0.0,0.0
1999-11-12 00:00:00-05:00,7.5433482726414995,7.697294155756632,7.235456506411234,7.389402389526367,159240,0.0,0.0
1999-11-15 00:00:00-05:00,7.389402052935432,7.8512396812438965,7.389402052935432,7.8512396812438965,185200,0.0,0.0
1999-11-16 00:00:00-05:00,7.6972934934828015,8.313076972961426,7.6972934934828015,8.313076972961426,536480,0.0,0.0
1999-11-17 00:00:00-05:00,8.159131154147062,8.467022895812988,8.159131154147062,8.467022895812988,261280,0.0,0.0
1999-11-18 00:00:00-05:00,8.467022895812988,8.467022895812988,8.313077024980025,8.467022895812988,74240,0.0,0.0
1999-11-19 00:00:00-05:00,8.313077994755336,8.620969772338867,8.313077994755336,8.620969772338867,346800,0.0,0.0
1999-11-22 00:00:00-05:00,9.236753363358348,9.54464514213696,8.620969805801124,8.77491569519043,357160,0.0,0.0
1999-11-23 00:00:00-05:00,8.620968964140294,9.082806587219238,8.620968964140294,9.082806587219238,144920,0.0,0.0
1999-11-24 00:00:00-05:00,8.92886071285959,9.082806587219238,8.92886071285959,9.082806587219238,188440,0.0,0.0
1999-11-26 00:00:00-05:00,9.082806587219238,9.082806587219238,8.92886071285959,9.082806587219238,40680,0.0,0.0
1999-11-29 00:00:00-05:00,9.082806587219238,9.082806587219238,8.774914838499942,9.082806587219238,108400,0.0,0.0
1999-11-30 00:00:00-05:00,8.928859837849936,9.236751556396484,8.928859837849936,9.236751556396484,220360,0.0,0.0
1999-12-01 00:00:00-05:00,9.082807508008234,9.236753397974475,8.928861618041992,8.928861618041992,138520,0.0,0.0
1999-12-02 00:00:00-05:00,8.92886071285959,9.082806587219238,8.92886071285959,9.082806587219238,40760,0.0,0.0
1999-12-03 00:00:00-05:00,9.082806587219238,9.082806587219238,8.92886071285959,9.082806587219238,46600,0.0,0.0
1999-12-06 00:00:00-05:00,9.082807508008234,9.082807508008234,8.62096983810951,8.928861618041992,160360,0.0,0.0
1999-12-07 00:00:00-05:00,8.77491572807575,8.928861618041992,8.77491572807575,8.928861618041992,32720,0.0,0.0
1999-12-08 00:00:00-05:00,8.77491572807575,8.928861618041992,8.77491572807575,8.928861618041992,54240,0.0,0.0
1999-12-09 00:00:00-05:00,8.928861618041992,9.082807508008234,8.77491572807575,8.928861618041992,116520,0.0,0.0
1999-12-10 00:00:00-05:00,8.774914838499942,9.082806587219238,8.774914838499942,9.082806587219238,120800,0.0,0.0
1999-12-13 00:00:00-05:00,9.082807508008234,9.082807508008234,8.62096983810951,8.928861618041992,101080,0.0,0.0
1999-12-14 00:00:00-05:00,8.77491569519043,8.928861584579737,8.77491569519043,8.77491569519043,354200,0.0,0.0
1999-12-15 00:00:00-05:00,8.774915661130633,8.774915661130633,8.620969772338867,8.620969772338867,514720,0.0,0.0
1999-12-16 00:00:00-05:00,8.467023777511885,8.620969664375737,8.005186116920328,8.15913200378418,262560,0.0,0.0
1999-12-17 00:00:00-05:00,8.159130995090191,8.159130995090191,7.85123925942641,8.0051851272583,97960,0.0,0.0
1999-12-20 00:00:00-05:00,7.697294439588274,8.620969772338867,7.543348550796508,8.620969772338867,109520,0.0,0.0
1999-12-21 00:00:00-05:00,8.620969805801124,8.77491569519043,8.313078027022513,8.77491569519043,60160,0.0,0.0
1999-12-22 00:00:00-05:00,8.620969772338867,8.620969772338867,8.467023883547101,8.620969772338867,38080,0.0,0.0
1999-12-23 00:00:00-05:00,8.313077994755336,8.620969772338867,7.851240328380039,8.620969772338867,110600,0.0,0.0
1999-12-27 00:00:00-05:00,8.313076972961426,8.467022842831081,8.15913110309177,8.313076972961426,65240,0.0,0.0
1999-12-28 00:00:00-05:00,8.15913210596357,8.774915661130633,8.005186217171804,8.620969772338867,67600,0.0,0.0
1999-12-29 00:00:00-05:00,8.620968119303386,9.236751556396484,8.620968119303386,9.236751556396484,124200,0.0,0.0
1999-12-30 00:00:00-05:00,8.928859837849936,9.236751556396484,8.928859837849936,9.236751556396484,86280,0.0,0.0
1999-12-31 00:00:00-05:00,8.92886071285959,9.082806587219238,8.92886071285959,9.082806587219238,98240,0.0,0.0
2000-01-03 00:00:00-05:00,9.082807508008234,9.082807508008234,8.62096983810951,8.928861618041992,52280,0.0,0.0
2000-01-04 00:00:00-05:00,8.774915661130633,8.774915661130633,8.313077994755336,8.620969772338867,66160,0.0,0.0
2000-01-05 00:00:00-05:00,8.467023883547101,8.620969772338867,8.313077994755336,8.620969772338867,24000,0.0,0.0
2000-01-06 00:00:00-05:00,8.467022895812988,8.620968766645952,8.313077024980025,8.467022895812988,38520,0.0,0.0
2000-01-07 00:00:00-05:00,8.467023916411819,8.77491569519043,8.313078027022513,8.77491569519043,79440,0.0,0.0
2000-01-10 00:00:00-05:00,8.928861549922397,8.928861549922397,8.620969772338867,8.620969772338867,136720,0.0,0.0
2000-01-11 00:00:00-05:00,8.467022842831081,8.620968712700737,8.313076972961426,8.313076972961426,38720,0.0,0.0
2000-01-12 00:00:00-05:00,8.313076972961426,8.467022842831081,8.313076972961426,8.313076972961426,38240,0.0,0.0
2000-01-13 00:00:00-05:00,8.313078027022513,8.77491569519043,8.159132137633208,8.77491569519043,269160,0.0,0.0
2000-01-14 00:00:00-05:00,8.620969805801124,8.77491569519043,8.620969805801124,8.77491569519043,47680,0.0,0.0
2000-01-18 00:00:00-05:00,8.620969772338867,8.774915661130633,8.313077994755336,8.620969772338867,95760,0.0,0.0
2000-01-19 00:00:00-05:00,8.620969772338867,8.620969772338867,8.467023883547101,8.620969772338867,51560,0.0,0.0
2000-01-20 00:00:00-05:00,8.467022895812988,8.620968766645952,8.467022895812988,8.467022895812988,121120,0.0,0.0
2000-01-21 00:00:00-05:00,8.467022895812988,8.467022895812988,8.159131154147062,8.467022895812988,201360,0.0,0.0
2000-01-24 00:00:00-05:00,8.313076972961426,8.313076972961426,8.15913110309177,8.313076972961426,98920,0.0,0.0
2000-01-25 00:00:00-05:00,8.15913200378418,8.313077890648033,8.005186116920328,8.15913200378418,92000,0.0,0.0
2000-01-26 00:00:00-05:00,8.15913200378418,8.15913200378418,7.697294343192623,8.15913200378418,165760,0.0,0.0
2000-01-27 00:00:00-05:00,8.313076862922081,8.313076862922081,7.85123925942641,8.0051851272583,747200,0.0,0.0
2000-01-28 00:00:00-05:00,8.15913110309177,8.313076972961426,8.15913110309177,8.313076972961426,66560,0.0,0.0
2000-01-31 00:00:00-05:00,8.005186116920328,8.15913200378418,7.851240230056476,8.15913200378418,84600,0.0,0.0
2000-02-01 00:00:00-05:00,8.15913200378418,8.313077890648033,8.005186116920328,8.15913200378418,56920,0.0,0.0
2000-02-02 00:00:00-05:00,8.15913110309177,8.467022842831081,8.15913110309177,8.313076972961426,108880,0.0,0.0
2000-02-03 00:00:00-05:00,8.467022895812988,8.467022895812988,8.313077024980025,8.467022895812988,41520,0.0,0.0
2000-02-04 00:00:00-05:00,8.313076972961426,8.467022842831081,8.15913110309177,8.313076972961426,43080,0.0,0.0
2000-02-07 00:00:00-05:00,8.313078145511813,9.39069938659668,8.159132253928261,9.39069938659668,984160,0.0,0.0
2000-02-08 00:00:00-05:00,9.544644529169256,10.468319806185635,9.544644529169256,10.160428047180176,797360,0.0,0.0
2000-02-09 00:00:00-05:00,10.160428941249847,10.160428941249847,9.544645369052887,9.852537155151367,169440,0.0,0.0
2000-02-10 00:00:00-05:00,9.852536109185989,9.852536109185989,9.544644355773926,9.544644355773926,165760,0.0,0.0
2000-02-11 00:00:00-05:00,9.698590232479956,9.698590232479956,9.544644355773926,9.544644355773926,136080,0.0,0.0
2000-02-14 00:00:00-05:00,9.23675264630999,9.698590278625488,9.082806768871489,9.698590278625488,209120,0.0,0.0
2000-02-15 00:00:00-05:00,9.852537155151367,10.006483048200607,8.774915903806686,9.852537155151367,1317000,0.0,0.0
2000-02-16 00:00:00-05:00,9.54464440118699,9.852536156063989,9.390698523748489,9.698590278625488,627160,0.0,0.0
2000-02-17 00:00:00-05:00,9.698590278625488,9.698590278625488,9.390698523748489,9.698590278625488,250080,0.0,0.0
2000-02-18 00:00:00-05:00,9.698590278625488,9.698590278625488,9.54464440118699,9.698590278625488,622880,0.0,0.0
2000-02-22 00:00:00-05:00,9.698590278625488,9.852536156063989,9.390698523748489,9.698590278625488,487280,0.0,0.0
2000-02-23 00:00:00-05:00,9.698591169763784,9.698591169763784,9.082807603429575,9.39069938659668,150760,0.0,0.0
2000-02-24 00:00:00-05:00,9.39069741566976,9.544643274943034,8.928859837849936,9.236751556396484,124360,0.0,0.0
2000-02-25 00:00:00-05:00,9.39069741566976,9.39069741566976,9.082805697123211,9.236751556396484,136080,0.0,0.0
2000-02-28 00:00:00-05:00,9.236753397974475,9.390699287940716,8.62096983810951,8.928861618041992,277720,0.0,0.0
2000-02-29 00:00:00-05:00,8.928861796855927,9.852537155151367,8.928861796855927,9.852537155151367,531800,0.0,0.0
2000-03-01 00:00:00-05:00,9.852535306490385,10.006481170654297,9.698589442326472,10.006481170654297,1121560,0.0,0.0
2000-03-02 00:00:00-05:00,10.006482250550215,10.4683198928833,9.852536369772519,10.4683198928833,1215560,0.0,0.0
2000-03-03 00:00:00-05:00,10.468319850181464,10.468319850181464,10.314373970031737,10.314373970031738,373680,0.0,0.0
2000-03-06 00:00:00-05:00,10.468320013771596,10.930157661437988,10.31437413121613,10.930157661437988,1474720,0.0,0.0
2000-03-07 00:00:00-05:00,11.084104455035664,11.54594214066215,10.46832087420035,10.62226676940918,841360,0.0,0.0
2000-03-08 00:00:00-05:00,10.776211654438693,10.776211654438693,10.314374012105606,10.4683198928833,297880,0.0,0.0
2000-03-09 00:00:00-05:00,10.622265856606619,10.776211738586426,10.622265856606619,10.776211738586426,186000,0.0,0.0
2000-03-10 00:00:00-05:00,10.622266620397568,10.776212513446808,9.852537155151367,9.852537155151367,210280,0.0,0.0
2000-03-13 00:00:00-05:00,10.006482209732283,10.468319850181464,9.5446445692831,10.314373970031738,345440,0.0,0.0
2000-03-14 00:00:00-05:00,10.314373970031737,10.468319850181464,10.16042808988201,10.314373970031738,1464080,0.0,0.0
2000-03-15 00:00:00-05:00,10.160428047180174,10.314373926682904,10.160428047180174,10.160428047180176,1439400,0.0,0.0
2000-03-16 00:00:00-05:00,10.314374012105606,10.4683198928833,10.16042813132791,10.4683198928833,720320,0.0,0.0
2000-03-17 00:00:00-05:00,10.468319850181464,10.622265730331192,10.314373970031737,10.314373970031738,171640,0.0,0.0
2000-03-20 00:00:00-05:00,10.468319806185635,10.468319806185635,10.160428047180174,10.160428047180176,337640,0.0,0.0
2000-03-21 00:00:00-05:00,10.160428047180174,10.314373926682904,9.852536288174715,10.160428047180176,115400,0.0,0.0
2000-03-22 00:00:00-05:00,10.160427034818209,10.160427034818209,9.236751849834736,10.006481170654297,375200,0.0,0.0
2000-03-23 00:00:00-05:00,9.852536109185989,10.00648198589202,9.390698479067895,9.544644355773926,455960,0.0,0.0
2000-03-24 00:00:00-05:00,9.698590278625488,9.698590278625488,9.390698523748489,9.698590278625488,170760,0.0,0.0
2000-03-27 00:00:00-05:00,9.698590278625488,9.698590278625488,9.390698523748489,9.698590278625488,137200,0.0,0.0
2000-03-28 00:00:00-05:00,9.544645369052887,9.852537155151367,9.236753582954407,9.852537155151367,120560,0.0,0.0
2000-03-29 00:00:00-05:00,9.698590232479956,9.698590232479956,9.236752602361864,9.544644355773926,115320,0.0,0.0
2000-03-30 00:00:00-05:00,9.39069938659668,9.544645278180232,9.39069938659668,9.39069938659668,182000,0.0,0.0
2000-03-31 00:00:00-05:00,9.698590488994823,10.622265773660997,9.390698727439432,10.4683198928833,781600,0.0,0.0
2000-04-03 00:00:00-04:00,10.314373970031737,10.468319850181464,10.006482209732283,10.314373970031738,128480,0.0,0.0
2000-04-04 00:00:00-04:00,10.622265730331192,10.77621161048092,9.698590449432828,10.314373970031738,279800,0.0,0.0
2000-04-05 00:00:00-04:00,10.16042808988201,10.314373970031737,10.006482209732283,10.314373970031738,249760,0.0,0.0
2000-04-06 00:00:00-04:00,10.314374092647007,10.776211738586426,10.314374092647007,10.776211738586426,347440,0.0,0.0
2000-04-07 00:00:00-04:00,10.776211778882525,11.391995309104383,10.776211778882525,10.930157661437988,304280,0.0,0.0
2000-04-10 00:00:00-04:00,11.084103543993454,11.084103543993454,10.930157661437988,10.930157661437988,161360,0.0,0.0
2000-04-11 00:00:00-04:00,10.930157701174418,11.238049467404682,10.776211818059284,11.08410358428955,123000,0.0,0.0
2000-04-12 00:00:00-04:00,10.930157661437988,11.084103543993454,10.930157661437988,10.930157661437988,243880,0.0,0.0
2000-04-13 00:00:00-04:00,10.93015762056623,11.084103502546037,10.622265856606619,10.776211738586426,318120,0.0,0.0
2000-04-14 00:00:00-04:00,10.622265730331192,10.77621161048092,10.006482209732283,10.314373970031738,232200,0.0,0.0
2000-04-17 00:00:00-04:00,10.006481170654297,10.314372898982121,10.006481170654297,10.006481170654297,178720,0.0,0.0
2000-04-18 00:00:00-04:00,10.160428248660665,11.084103543993454,10.160428248660665,10.930157661437988,902680,0.0,0.0
2000-04-19 00:00:00-04:00,11.08410380436824,12.62356266608605,11.08410380436824,12.007779121398926,557200,0.0,0.0
2000-04-20 00:00:00-04:00,12.007779121398926,12.161725007570707,11.853833235227146,12.007779121398926,301000,0.0,0.0
2000-04-24 00:00:00-04:00,12.007779084242783,12.007779084242783,11.699887312851942,11.853833198547363,245680,0.0,0.0
2000-04-25 00:00:00-04:00,13.547237396240233,13.547237396240233,12.931453878229313,13.547237396240234,2313120,0.0,0.0
2000-04-26 00:00:00-04:00,13.855130287908738,14.624859748348113,13.855130287908738,14.316967964172363,593560,0.0,0.0
2000-04-27 00:00:00-04:00,14.009076179996613,14.316967964172363,13.701184395820864,14.316967964172363,218520,0.0,0.0
2000-04-28 00:00:00-04:00,14.316966157210501,14.624857902526855,13.701182666577791,14.624857902526855,296520,0.0,0.0
2000-05-01 00:00:00-04:00,14.316965503692629,15.394586563110353,14.316965503692629,15.394586563110352,1178760,0.0,0.0
2000-05-02 00:00:00-04:00,15.08669662475586,15.39458839260802,14.7788048569037,15.08669662475586,505400,0.0,0.0
2000-05-03 00:00:00-04:00,15.0866967380637,15.702480278392832,14.932750852981417,15.548534393310547,1698880,0.0,0.0
2000-05-04 00:00:00-04:00,15.486955265776285,15.517744441254965,14.60946376463389,15.502349853515625,1783600,0.0,0.1
2000-05-05 00:00:00-04:00,15.148274335510798,15.502349853515625,14.994328458117396,15.502349853515625,545200,0.0,0.0
2000-05-08 00:00:00-04:00,15.563928271926313,15.918003791465685,15.563928271926313,15.733268737792969,759200,0.0,0.0
2000-05-09 00:00:00-04:00,15.671689398629326,16.164316177368164,15.671689398629326,16.164316177368164,1178400,0.0,0.0
2000-05-10 00:00:00-04:00,16.1335285504659,16.41063114007314,15.779453019301096,16.256685256958008,697200,0.0,0.0
2000-05-11 00:00:00-04:00,16.379842926925374,17.349702047598587,16.379842926925374,17.226545333862305,1042400,0.0,0.0
2000-05-12 00:00:00-04:00,17.2265449214626,17.488252931886965,17.011020677583712,17.087993621826172,709200,0.0,0.0
2000-05-15 00:00:00-04:00,17.149571115982752,18.227192281259946,17.118781939831976,18.134824752807617,666000,0.0,0.0
2000-05-16 00:00:00-04:00,18.319559428932507,18.381137779954127,17.919300147291963,18.150218963623047,953200,0.0,0.0
2000-05-17 00:00:00-04:00,18.150220443660096,18.150220443660096,17.611409828284266,17.934696197509766,785600,0.0,0.0
2000-05-18 00:00:00-04:00,17.980880268421792,17.980880268421792,17.36509669758543,17.53443717956543,915600,0.0,0.0
2000-05-19 00:00:00-04:00,17.472859493401,17.472859493401,16.56457869154139,16.9648380279541,741200,0.0,0.0
2000-05-22 00:00:00-04:00,16.903259161965384,16.903259161965384,16.010372976724952,16.2874755859375,735200,0.0,0.0
2000-05-23 00:00:00-04:00,16.225896867594326,16.61076159405529,16.102740155126817,16.37984275817871,538800,0.0,0.0
2000-05-24 00:00:00-04:00,16.441420624221582,16.472209801420497,15.918004611839995,15.933399200439453,632800,0.0,0.0
2000-05-25 00:00:00-04:00,15.887215038044259,15.918004214474578,15.409982803374325,15.871820449829102,686400,0.0,0.0
2000-05-26 00:00:00-04:00,15.79484702945301,16.857073584065347,15.70247950296498,16.826284408569336,850800,0.0,0.0
2000-05-30 00:00:00-04:00,16.84167961279551,17.73456573486328,16.810890436172485,17.73456573486328,488400,0.0,0.0
2000-05-31 00:00:00-04:00,17.64219895736031,17.73456649116848,17.39588553387186,17.703777313232422,435200,0.0,0.0
2000-06-01 00:00:00-04:00,17.688379602817744,17.688379602817744,17.30351494653363,17.519039154052734,217200,0.0,0.0
2000-06-02 00:00:00-04:00,17.765354830468922,17.98087906584723,17.33430635971231,17.426673889160156,477200,0.0,0.0
2000-06-05 00:00:00-04:00,16.995623978944582,17.19575360913143,16.410629675321488,16.47220802307129,851200,0.0,0.0
2000-06-06 00:00:00-04:00,16.364447017173983,16.364447017173983,15.702479734259137,16.34905242919922,569200,0.0,0.0
2000-06-07 00:00:00-04:00,16.256685256958008,16.50299866994222,16.22589608033498,16.256685256958008,518800,0.0,0.0
2000-06-08 00:00:00-04:00,16.133526976370927,16.133526976370927,15.82563524018064,16.087343215942383,305600,0.0,0.0
2000-06-09 00:00:00-04:00,16.025765995604065,16.16431728663234,15.825636353007663,16.041160583496094,3116000,0.0,0.0
2000-06-12 00:00:00-04:00,15.918003699022854,15.918003699022854,15.409982304373187,15.425376892089844,2849200,0.0,0.0
2000-06-13 00:00:00-04:00,15.394588093181234,15.640901502672133,15.163669271783515,15.409982681274414,1518400,0.0,0.0
2000-06-14 00:00:00-04:00,15.425378110259773,15.948794133961202,15.425378110259773,15.764059066772461,593200,0.0,0.0
2000-06-15 00:00:00-04:00,15.764056865985577,16.0103702545166,15.70247851885282,16.0103702545166,328400,0.0,0.0
2000-06-16 00:00:00-04:00,16.0719521454026,16.718524932861328,16.025768374869838,16.718524932861328,446800,0.0,0.0
2000-06-19 00:00:00-04:00,16.687733271443253,17.734565247880653,16.441419865222688,17.365095138549805,668400,0.0,0.0
2000-06-20 00:00:00-04:00,17.365095009674896,18.65824038273579,17.365095009674896,18.227191925048828,1509600,0.0,0.0
2000-06-21 00:00:00-04:00,18.196402048984897,18.53508296698631,18.150218287439248,18.41192626953125,941200,0.0,0.0
2000-06-22 00:00:00-04:00,18.38113780279417,18.38113780279417,17.888510994009067,18.227191925048828,412400,0.0,0.0
2000-06-23 00:00:00-04:00,18.211798881081975,18.319561004638672,18.042458401207163,18.319561004638672,958800,0.0,0.0
2000-06-26 00:00:00-04:00,18.55047720244244,18.78139600579235,18.381136746652512,18.50429344177246,2898800,0.0,0.0
2000-06-27 00:00:00-04:00,18.65824119516667,18.65824119516667,18.350349426269528,18.35034942626953,370400,0.0,0.0
2000-06-28 00:00:00-04:00,18.350347625933857,18.658239364624023,18.273374691261317,18.658239364624023,466400,0.0,0.0
2000-06-29 00:00:00-04:00,18.596663081276105,19.95138688189887,18.535084726702344,19.350997924804688,1516400,0.0,0.0
2000-06-30 00:00:00-04:00,19.412575023152545,19.443364198447,18.96613198138298,18.993072509765625,588400,0.0,0.0
2000-07-03 00:00:00-04:00,18.93534550300011,19.212448120117188,18.781399604601738,19.212448120117188,125600,0.0,0.0
2000-07-05 00:00:00-04:00,19.45875945175676,20.059148390537228,19.4433648635829,19.997570037841797,940000,0.0,0.0
2000-07-06 00:00:00-04:00,20.02836000636596,20.305462604455574,19.951387062452177,20.1207275390625,672400,0.0,0.0
2000-07-07 00:00:00-04:00,20.12072825173075,20.30546332366707,19.859020233154297,19.859020233154297,837200,0.0,0.0
2000-07-10 00:00:00-04:00,19.92059822730076,20.182306241106104,19.889809049206015,19.951387405395508,1357600,0.0,0.0
2000-07-11 00:00:00-04:00,19.935991265052973,21.552422989246455,19.935991265052973,21.182952880859375,7168800,0.0,0.0
2000-07-12 00:00:00-04:00,21.429267042510364,22.6454395255264,21.429267042510364,22.63004493713379,2967600,0.0,0.0
2000-07-13 00:00:00-04:00,22.383730937359115,22.383730937359115,21.798736593741754,21.875709533691406,1088000,0.0,0.0
2000-07-14 00:00:00-04:00,21.81413089551145,22.414519819241125,21.675579605419987,22.19899559020996,1118800,0.0,0.0
2000-07-17 00:00:00-04:00,22.214392269657708,23.430564819417206,22.198997680420245,23.12267303466797,1141600,0.0,0.0
2000-07-18 00:00:00-04:00,23.184248042466056,24.631339221743485,22.599253735949645,24.508182525634766,1791200,0.0,0.0
2000-07-19 00:00:00-04:00,24.600552282962703,25.493438410879996,23.70766615504541,24.261871337890625,1268400,0.0,0.0
2000-07-20 00:00:00-04:00,24.754497925637676,25.247124750028473,24.5389736899667,24.816076278686523,2084400,0.0,0.0
2000-07-21 00:00:00-04:00,24.754498477457425,25.24712531282971,23.769244806712848,23.93858528137207,1641600,0.0,0.0
2000-07-24 00:00:00-04:00,23.892401943851077,24.385028788054193,23.892401943851077,24.154109954833984,730400,0.0,0.0
2000-07-25 00:00:00-04:00,24.15410891538616,24.15410891538616,22.830174328564485,23.107276916503906,726800,0.0,0.0
2000-07-26 00:00:00-04:00,23.153460430414185,23.769243952499668,23.153460430414185,23.584508895874023,905600,0.0,0.0
2000-07-27 00:00:00-04:00,23.522927700444914,24.16950032048332,23.430560183296567,24.092527389526367,989600,0.0,0.0
2000-07-28 00:00:00-04:00,24.138712226646735,25.108571200038792,23.75384755466576,24.985414505004883,1990400,0.0,0.0
2000-07-31 00:00:00-04:00,24.692919408395394,24.754497761034784,23.769244118804544,24.200292587280273,785200,0.0,0.0
2000-08-01 00:00:00-04:00,24.26186905092406,25.493436007823757,24.26186905092406,25.37027931213379,1164800,0.0,0.0
2000-08-02 00:00:00-04:00,25.308703980794768,25.75514705588178,25.000812204872688,25.24712562561035,975200,0.0,0.0
2000-08-03 00:00:00-04:00,25.185546099446118,25.21633527560681,24.631340928553662,25.139362335205078,635600,0.0,0.0
2000-08-04 00:00:00-04:00,25.216334133504706,26.60184699798299,25.123966609206157,26.355533599853516,817200,0.0,0.0
2000-08-07 00:00:00-04:00,26.417112350463867,26.84816080373484,26.386323175230228,26.417112350463867,919600,0.0,0.0
2000-08-08 00:00:00-04:00,26.447900973942563,26.540268497716518,25.524225736203007,25.893695831298828,815200,0.0,0.0
2000-08-09 00:00:00-04:00,25.862907587095748,26.725004506665606,25.8013292356979,26.47869110107422,454400,0.0,0.0
2000-08-10 00:00:00-04:00,26.49408528854797,26.971317504669404,26.324744824762945,26.417112350463867,500000,0.0,0.0
2000-08-11 00:00:00-04:00,26.41711304088141,26.58645350909219,26.04764292842153,26.155405044555664,238400,0.0,0.0
2000-08-14 00:00:00-04:00,26.478691935127706,26.84816205515274,26.478691935127706,26.755794525146484,343200,0.0,0.0
2000-08-15 00:00:00-04:00,26.84816349536233,27.0790823327651,26.14001239399383,26.30935287475586,291600,0.0,0.0
2000-08-16 00:00:00-04:00,26.355535849201758,26.52487632486836,25.86290901089892,26.186195373535156,680400,0.0,0.0
2000-08-17 00:00:00-04:00,26.06303799186968,26.971318701568624,26.06303799186968,26.52487564086914,972000,0.0,0.0
2000-08-18 00:00:00-04:00,26.601846449187573,27.679467543772716,26.555662687991067,27.002105712890625,1124800,0.0,0.0
2000-08-21 00:00:00-04:00,27.833414831826854,27.956571534622547,27.648679777633312,27.80262565612793,728000,0.0,0.0
2000-08-22 00:00:00-04:00,27.75644146978159,27.95657110877613,27.494733480327184,27.664073944091797,447600,0.0,0.0
2000-08-23 00:00:00-04:00,27.617889480211247,28.095121684161388,27.463943607969266,27.84880828857422,529200,0.0,0.0
2000-08-24 00:00:00-04:00,27.987361589720884,28.23367500305176,27.956572413054523,28.233675003051758,435200,0.0,0.0
2000-08-25 00:00:00-04:00,28.264462220041374,28.310645981838828,28.079727172851562,28.079727172851562,170400,0.0,0.0
2000-08-28 00:00:00-04:00,28.079727995181514,28.44919810038127,28.079727995181514,28.279857635498047,614400,0.0,0.0
2000-08-29 00:00:00-04:00,28.32604064443567,28.572354041343804,27.86420302523291,28.310646057128906,398400,0.0,0.0
2000-08-30 00:00:00-04:00,28.249069255218917,28.55696101821858,28.11051796186907,28.40301513671875,359200,0.0,0.0
2000-08-31 00:00:00-04:00,28.356830451832334,29.988656742762966,28.356830451832334,29.14195442199707,1109600,0.0,0.0
2000-09-01 00:00:00-04:00,29.265113301393463,30.296550750732422,29.249718712597357,30.296550750732422,768800,0.0,0.0
2000-09-05 00:00:00-04:00,30.050236247032355,30.85075483558035,29.819317423412745,30.496679306030273,1148000,0.0,0.0
2000-09-06 00:00:00-04:00,30.48128549129732,30.789177263936686,30.2965504277137,30.542863845825195,1131600,0.0,0.0
2000-09-07 00:00:00-04:00,30.55825619709521,31.004699234735394,29.98865645941636,30.712202072143555,945200,0.0,0.0
2000-09-08 00:00:00-04:00,30.542862446344852,31.035489259995575,30.542862446344852,30.98930549621582,792800,0.0,0.0
2000-09-11 00:00:00-04:00,31.127854951034635,31.32798458227274,30.95851449383316,31.22022247314453,1316800,0.0,0.0
2000-09-12 00:00:00-04:00,31.281804677197698,31.49732892202091,31.15864796587015,31.37417221069336,726800,0.0,0.0
2000-09-13 00:00:00-04:00,31.37417460698858,32.54416345396166,31.37417460698858,32.128509521484375,1170000,0.0,0.0
2000-09-14 00:00:00-04:00,32.12850484182668,32.267056132471836,31.543510503547136,31.774429321289062,704400,0.0,0.0
2000-09-15 00:00:00-04:00,31.743642822693786,32.17469131883124,31.52811857462506,31.820615768432617,822800,0.0,0.0
2000-09-18 00:00:00-04:00,32.14389843592828,32.6365252318812,27.89499232083431,28.695510864257812,4360000,0.0,0.0
2000-09-19 00:00:00-04:00,28.818668126934654,29.434451633920435,28.818668126934654,29.295900344848633,1203200,0.0,0.0
2000-09-20 00:00:00-04:00,29.357478892636735,29.40366265597072,28.44919821373502,28.664722442626953,848000,0.0,0.0
2000-09-21 00:00:00-04:00,28.326041918122364,28.326041918122364,27.094474878204,27.402366638183594,1517200,0.0,0.0
2000-09-22 00:00:00-04:00,27.002110723976617,28.264467097617487,26.663429745682727,27.340791702270508,1697200,0.0,0.0
2000-09-25 00:00:00-04:00,27.710257329718022,28.141305777069192,27.34078723198845,27.679468154907227,711600,0.0,0.0
2000-09-26 00:00:00-04:00,27.66407456870795,27.833415036296035,27.1560531659437,27.17144775390625,547600,0.0,0.0
2000-09-27 00:00:00-04:00,27.279208179380074,30.050233840942386,27.279208179380074,30.050233840942383,1444800,0.0,0.0
2000-09-28 00:00:00-04:00,29.55760955810547,29.80392297108968,28.633934259414673,29.55760955810547,2306400,0.0,0.0
2000-09-29 00:00:00-04:00,29.311293854842855,30.388914952447372,29.06498046110468,29.496028900146484,1234000,0.0,0.0
2000-10-02 00:00:00-04:00,29.557607741582963,31.404958225431898,28.95721883433206,31.03548812866211,1350400,0.0,0.0
2000-10-03 00:00:00-04:00,31.15864594144175,31.774429458071033,30.57365160064393,30.91233253479004,1028000,0.0,0.0
2000-10-04 00:00:00-04:00,30.789177592207746,30.80457218100385,29.803923909257097,30.296550750732422,1103200,0.0,0.0
2000-10-05 00:00:00-04:00,30.296547233081256,30.57364979923749,30.050233840942386,30.050233840942383,610800,0.0,0.0
2000-10-06 00:00:00-04:00,30.050234947675538,30.111813297978152,29.4344514446494,29.927078247070312,724800,0.0,0.0
2000-10-09 00:00:00-04:00,29.74234536133488,29.773134538727565,27.494735411668785,27.818021774291992,1602000,0.0,0.0
2000-10-10 00:00:00-04:00,27.525524641889117,28.57235667524955,27.09447615756423,28.048940658569336,1624400,0.0,0.0
2000-10-11 00:00:00-04:00,27.771838932652628,28.695514285179875,26.663428509619926,28.633935928344727,1278400,0.0,0.0
2000-10-12 00:00:00-04:00,28.449198566634077,28.695511974137403,26.678820950203924,28.572355270385742,2603200,0.0,0.0
2000-10-13 00:00:00-04:00,28.510775807960744,29.957867020675813,28.295251584790414,29.86549949645996,3027600,0.0,0.0
2000-10-16 00:00:00-04:00,29.249717540340143,30.050236125654717,29.12656083490713,30.034841537475586,4340400,0.0,0.0
2000-10-17 00:00:00-04:00,30.050237364426664,30.666020916976393,29.803923943406772,30.450496673583984,1763600,0.0,0.0
2000-10-18 00:00:00-04:00,30.3581257782301,30.3581257782301,29.188137157973767,29.496028900146484,2275200,0.0,0.0
2000-10-19 00:00:00-04:00,29.803919586181642,31.03548651123047,29.803919586181642,30.789173126220703,1678800,0.0,0.0
2000-10-20 00:00:00-04:00,30.296547322333616,30.31194190938765,28.911034487470797,29.18813705444336,2501600,0.0,0.0
2000-10-23 00:00:00-04:00,29.172745579570186,29.29590228914093,27.71025965341759,27.818021774291992,2665600,0.0,0.0
2000-10-24 00:00:00-04:00,30.54286170551795,33.12915241445294,30.173391604241523,32.26705551147461,5497600,0.0,0.0
2000-10-25 00:00:00-04:00,32.020743487531064,33.49862395618634,31.71285172322788,31.743640899658203,1472400,0.0,0.0
2000-10-26 00:00:00-04:00,31.774433262300807,33.15994634059881,31.774433262300807,32.54416275024414,1370800,0.0,0.0
2000-10-27 00:00:00-04:00,32.944417997848156,33.129153052041694,31.281802510106285,31.774429321289062,2077200,0.0,0.0
2000-10-30 00:00:00-05:00,31.589693020828722,32.821260000198265,31.589693020828722,32.605735778808594,1622400,0.0,0.0
2000-10-31 00:00:00-05:00,32.94441689817413,33.221519470214844,32.26705505540793,33.221519470214844,1644400,0.0,0.0
2000-11-01 00:00:00-05:00,33.31388699422842,33.868092138309855,31.77442826066888,33.221519470214844,2356400,0.0,0.0
2000-11-02 00:00:00-05:00,33.00600051879883,33.4678382126253,32.63653036373765,33.00600051879883,1299600,0.0,0.0
2000-11-03 00:00:00-05:00,33.067574207668365,33.25230925910785,32.60573657906964,32.7288932800293,832000,0.0,0.0
2000-11-06 00:00:00-05:00,32.421004557071775,33.22152318811058,32.02074524155237,32.75968551635742,1079600,0.0,0.0
2000-11-07 00:00:00-05:00,32.82125831850999,34.45308448256349,32.75967997269665,34.2375602722168,1640800,0.0,0.0
2000-11-08 00:00:00-05:00,34.22217197851701,36.26965235330008,34.22217197851701,35.22282028198242,1946000,0.0,0.0
2000-11-09 00:00:00-05:00,35.284397814242325,35.284397814242325,33.5602038547331,34.945716857910156,1387200,0.0,0.0
2000-11-10 00:00:00-05:00,34.54545708091892,36.300440194655444,34.3299328388811,36.208072662353516,874800,0.0,0.0
2000-11-13 00:00:00-05:00,36.208067956632064,36.208067956632064,33.005993919651,33.74493408203125,1800400,0.0,0.0
2000-11-14 00:00:00-05:00,33.92967414855957,36.19267873106332,31.77443168903219,35.71544647216797,1977600,0.0,0.0
2000-11-15 00:00:00-05:00,35.777021201182215,37.439636644266415,35.31518357810327,36.33122634887695,1843600,0.0,0.0
2000-11-16 00:00:00-05:00,36.36201512186151,37.932263022974915,36.14649090014006,37.43963623046875,1574400,0.0,0.0
2000-11-17 00:00:00-05:00,37.439637559542504,37.50121591079176,36.14649218330831,36.76227569580078,941200,0.0,0.0
2000-11-20 00:00:00-05:00,36.70069992404514,36.70069992404514,34.268354878743494,34.63782501220703,1360000,0.0,0.0
2000-11-21 00:00:00-05:00,34.7301953286073,35.284400573212736,32.667320251464844,32.667320251464844,1512800,0.0,0.0
2000-11-22 00:00:00-05:00,32.667320367114826,33.88349299152674,32.036142169635234,33.51402282714844,1184800,0.0,0.0
2000-11-24 00:00:00-05:00,33.575598295404674,34.360722327071635,33.575598295404674,34.252960205078125,232400,0.0,0.0
2000-11-27 00:00:00-05:00,34.483874244411496,34.66860928500655,32.88283722592096,33.74493408203125,992400,0.0,0.0
2000-11-28 00:00:00-05:00,33.68336092559985,34.05283106372343,32.69810722393697,33.06757736206055,838000,0.0,0.0
2000-11-29 00:00:00-05:00,33.12915443296243,34.3299323352724,32.82126266313936,34.05282974243164,775200,0.0,0.0
2000-11-30 00:00:00-05:00,33.99124938991696,35.315183922314084,33.683357638196696,34.99189758300781,1128400,0.0,0.0
2000-12-01 00:00:00-05:00,34.94571379673334,35.068870497338565,33.92967101674021,34.91492462158203,709600,0.0,0.0
2000-12-04 00:00:00-05:00,34.91492453294177,37.40884771386618,34.36071938162523,37.100955963134766,1423200,0.0,0.0
2000-12-05 00:00:00-05:00,37.43963609513581,37.80910618817991,34.206772780999906,34.71479415893555,1741200,0.0,0.0
2000-12-06 00:00:00-05:00,34.79177163049938,35.77702534038963,34.206777240252045,34.45309066772461,1349200,0.0,0.0
2000-12-07 00:00:00-05:00,34.51466762180059,35.623078000377596,34.437694678843854,34.976505279541016,817200,0.0,0.0
2000-12-08 00:00:00-05:00,35.31518211622932,36.931613730093346,34.85334451226817,36.39280319213867,1029600,0.0,0.0
2000-12-11 00:00:00-05:00,36.82385514497467,38.54804903136145,36.63912008571895,38.0400276184082,1390000,0.0,0.0
2000-12-12 00:00:00-05:00,38.39410604749407,38.42489522636135,37.07017135620117,37.07017135620117,936400,0.0,0.0
2000-12-13 00:00:00-05:00,37.53200696915894,38.42489310706346,37.10095848879124,38.086212158203125,2025600,0.0,0.0
2000-12-14 00:00:00-05:00,38.10160387853149,39.286987110308026,37.73213378031543,38.67120361328125,1186000,0.0,0.0
2000-12-15 00:00:00-05:00,38.42489173485376,38.68659973144531,36.577541170678096,38.68659973144531,1672400,0.0,0.0
2000-12-18 00:00:00-05:00,39.28698836464918,41.07276056304233,38.91751825463681,40.33382034301758,1828800,0.0,0.0
2000-12-19 00:00:00-05:00,40.58013679422609,40.88802857566939,40.149088300205484,40.21066665649414,1122000,0.0,0.0
2000-12-20 00:00:00-05:00,40.14908816988694,40.14908816988694,38.67120762375613,39.59488296508789,1234000,0.0,0.0
2000-12-21 00:00:00-05:00,39.61027471091001,40.54934457385813,39.61027471091001,40.33382034301758,1186400,0.0,0.0
2000-12-22 00:00:00-05:00,40.81104891214892,41.011178537142484,39.7180332679533,40.87262725830078,718400,0.0,0.0
2000-12-26 00:00:00-05:00,41.242104441718716,42.027228490441246,40.70329382004639,41.750125885009766,998400,0.0,0.0
2000-12-27 00:00:00-05:00,41.78091390295462,43.35116195678712,41.50381130521948,43.35116195678711,2126000,0.0,0.0
2000-12-28 00:00:00-05:00,43.10484727223714,45.07535457611084,43.10484727223714,44.3364143371582,1250800,0.0,0.0
2000-12-29 00:00:00-05:00,44.5827290578322,44.5827290578322,41.7501247254285,43.35116195678711,1165600,0.0,0.0
2001-01-02 00:00:00-05:00,43.08945118092201,43.10484576869655,36.45438385009765,36.454383850097656,2699200,0.0,0.0
2001-01-03 00:00:00-05:00,35.34597378625509,38.794361472719,35.34597378625509,37.37805938720703,3658400,0.0,0.0
2001-01-04 00:00:00-05:00,37.19332414757904,37.254902498816755,31.897585941135667,34.11440658569336,3702800,0.0,0.0
2001-01-05 00:00:00-05:00,34.2375644048055,34.36072111129761,30.789176623026528,32.513370513916016,3762800,0.0,0.0
2001-01-08 00:00:00-05:00,32.513371514836585,34.36072216908867,32.513371514836585,33.560203552246094,1639200,0.0,0.0
2001-01-09 00:00:00-05:00,33.49862045582039,35.93096513965293,33.12915037726354,35.16123580932617,1533600,0.0,0.0
2001-01-10 00:00:00-05:00,34.976505564994554,36.66991032386313,34.976505564994554,36.208072662353516,1446800,0.0,0.0
2001-01-11 00:00:00-05:00,35.961759278170646,37.10095884434557,35.961759278170646,36.36201858520508,1580800,0.0,0.0
2001-01-12 00:00:00-05:00,36.392810314438194,36.392810314438194,31.528119933997218,33.23691940307617,2382400,0.0,0.0
2001-01-16 00:00:00-05:00,33.12915571841448,34.46848496911247,32.88284229299876,33.06757736206055,1916000,0.0,0.0
2001-01-17 00:00:00-05:00,33.2523098239651,34.66861190905991,31.40495927818926,32.005348205566406,2807200,0.0,0.0
2001-01-18 00:00:00-05:00,32.0515317200672,32.0515317200672,29.465240976084832,31.158645629882812,4117600,0.0,0.0
2001-01-19 00:00:00-05:00,31.46653899044767,31.589695698825157,29.43445330221915,29.850107192993164,2761200,0.0,0.0
2001-01-22 00:00:00-05:00,30.20418289592189,31.281804100159672,30.17339371865795,30.542863845825195,1904400,0.0,0.0
2001-01-23 00:00:00-05:00,30.666022775744302,32.89823828903894,30.004055416629342,32.39021682739258,2132400,0.0,0.0
2001-01-24 00:00:00-05:00,32.513366589443294,35.345970496856914,32.513366589443294,34.2375602722168,2795200,0.0,0.0
2001-01-25 00:00:00-05:00,33.99124746949133,34.42229589754647,33.28309648054359,33.74493408203125,1384400,0.0,0.0
2001-01-26 00:00:00-05:00,33.99125311016722,35.484528269445406,33.89888557454177,35.06887435913086,766400,0.0,0.0
2001-01-29 00:00:00-05:00,35.34596797927415,36.023329734974524,34.50850403924026,34.55776596069336,1032400,0.0,0.0
2001-01-30 00:00:00-05:00,34.311456325513525,35.64154714158063,34.23756155607777,34.90260696411133,1460800,0.0,0.0
2001-01-31 00:00:00-05:00,35.148924398137794,35.40755424167896,33.49862523038844,33.55281448364258,1245600,0.0,0.0
2001-02-01 00:00:00-05:00,34.11440804313403,34.23510296975624,33.129154381238465,33.414878845214844,1201600,0.0,0.0
2001-02-02 00:00:00-05:00,33.414880871603756,33.84346383511457,32.34095416467334,32.574951171875,1520800,0.0,0.0
2001-02-05 00:00:00-05:00,32.390211446258235,32.82125988755825,32.24488744521797,32.796627044677734,998400,0.0,0.0
2001-02-06 00:00:00-05:00,32.759685139921515,34.36072238360189,32.759685139921515,33.17841720581055,1100800,0.0,0.0
2001-02-07 00:00:00-05:00,33.00599933894599,34.607036620312776,32.98136649277788,33.624244689941406,1102400,0.0,0.0
2001-02-08 00:00:00-05:00,33.744938929931934,33.806517285643494,32.722739728497956,32.833580017089844,692000,0.0,0.0
2001-02-09 00:00:00-05:00,32.63652737699034,33.375467619488234,32.3163191868857,33.129154205322266,1108800,0.0,0.0
2001-02-12 00:00:00-05:00,33.12915108678864,34.70063172394213,32.75968100031888,34.28682327270508,1100400,0.0,0.0
2001-02-13 00:00:00-05:00,34.409975462807886,34.59471048185493,33.99124350465663,34.471553802490234,786000,0.0,0.0
2001-02-14 00:00:00-05:00,34.65629509428843,35.222816673594544,33.75725267557789,35.163700103759766,1214000,0.0,0.0
2001-02-15 00:00:00-05:00,35.96176265337033,36.932238219476844,34.53807125448098,34.705562591552734,2072800,0.0,0.0
2001-02-16 00:00:00-05:00,34.97650472145278,35.956831054943144,34.66861295453858,35.77702331542969,1094000,0.0,0.0
2001-02-20 00:00:00-05:00,35.90017380451731,36.33122220354239,35.7154387763637,36.08244705200195,1826800,0.0,0.0
2001-02-21 00:00:00-05:00,36.084912949901515,36.749958375446354,36.02333460015765,36.33122634887695,1500000,0.0,0.0
2001-02-22 00:00:00-05:00,36.24501666131687,36.43714081982217,35.91249581395509,36.269649505615234,1290800,0.0,0.0
2001-02-23 00:00:00-05:00,36.14649430748557,36.575081010406514,34.976505564994554,36.208072662353516,1276800,0.0,0.0
2001-02-26 00:00:00-05:00,36.20807291106528,39.040677254447935,36.08491620048343,38.092369079589844,2412400,0.0,0.0
2001-02-27 00:00:00-05:00,38.424891451915364,39.90277189237365,38.30173474854384,39.33625030517578,2556000,0.0,0.0
2001-02-28 00:00:00-05:00,39.397825378307715,39.592415058170445,38.40272095159053,39.53329849243164,1586000,0.0,0.0
2001-03-01 00:00:00-05:00,39.41014148996155,39.841189912508014,37.30416130240294,37.919944763183594,1682400,0.0,0.0
2001-03-02 00:00:00-05:00,37.43963354913265,39.28698388872802,37.43963354913265,38.84608459472656,1114000,0.0,0.0
2001-03-05 00:00:00-05:00,39.08993865404999,39.08993865404999,37.83374247830844,38.23276901245117,739200,0.0,0.0
2001-03-06 00:00:00-05:00,38.235227448001844,38.658886790232685,37.341112375345176,37.43963623046875,1336400,0.0,0.0
2001-03-07 00:00:00-05:00,37.19331879810312,37.43963216762698,35.099655157150295,35.78933334350586,1583200,0.0,0.0
2001-03-08 00:00:00-05:00,35.96175760146928,35.96175760146928,33.62178022329148,34.99374771118164,3369600,0.0,0.0
2001-03-09 00:00:00-05:00,35.05039838031863,35.65386547255207,34.853346904083715,35.07502746582031,773600,0.0,0.0
2001-03-12 00:00:00-05:00,34.91492579533504,35.035620719025545,33.62178039550781,33.62178039550781,1737200,0.0,0.0
2001-03-13 00:00:00-05:00,33.86809077576129,34.66860928500655,33.2769401492347,33.74493408203125,1598800,0.0,0.0
2001-03-14 00:00:00-05:00,33.22767913854257,34.3360895380136,32.897620054949,33.17841720581055,1493600,0.0,0.0
2001-03-15 00:00:00-05:00,33.42472815738327,33.6217796321912,30.912332189303996,31.331064224243164,2680000,0.0,0.0
2001-03-16 00:00:00-05:00,30.66109275817871,30.66109275817871,30.66109275817871,30.66109275817871,2636000,0.0,0.0
2001-03-19 00:00:00-05:00,30.55517932187306,31.380328871140406,30.518231934456452,31.281803131103516,1198800,0.0,0.0
2001-03-20 00:00:00-05:00,31.343381046764012,31.503485137189163,30.29654906681315,30.567493438720703,1258000,0.0,0.0
2001-03-21 00:00:00-05:00,30.666017794653456,30.666017794653456,27.710257043361555,27.757057189941406,2137600,0.0,0.0
2001-03-22 00:00:00-05:00,27.587101151429973,27.757058000946117,24.50818361220788,27.54276466369629,4296800,0.0,0.0
2001-03-23 00:00:00-05:00,28.079729384734854,29.69308300896772,27.95903633724585,29.311296463012695,2256400,0.0,0.0
2001-03-26 00:00:00-05:00,28.695512749175197,29.311296284565223,27.956572506707168,28.537872314453125,2041600,0.0,0.0
2001-03-27 00:00:00-05:00,28.523092994636272,29.434451839656443,26.97131779449691,28.991086959838867,2126800,0.0,0.0
2001-03-28 00:00:00-05:00,28.744774220977988,28.744774220977988,27.710258649743118,28.32604217529297,2371600,0.0,0.0
2001-03-29 00:00:00-05:00,28.32604284404731,29.54529350173263,28.32604284404731,29.138877868652344,1354800,0.0,0.0
2001-03-30 00:00:00-05:00,29.43445135104681,29.803921451687565,28.875320758934862,29.619186401367188,1462800,0.0,0.0
2001-04-02 00:00:00-04:00,29.372875148042816,29.717714309692383,28.929510243175912,29.717714309692383,894800,0.0,0.0
2001-04-03 00:00:00-04:00,29.557608249727746,30.542861858052007,27.808783470796612,28.239831924438477,1596400,0.0,0.0
2001-04-04 00:00:00-04:00,28.21027563572337,28.91719582623504,27.833416404549716,28.37530517578125,1080000,0.0,0.0
2001-04-05 00:00:00-04:00,29.064981383578328,29.70539585177885,28.67088031693355,29.582239151000977,1322000,0.0,0.0
2001-04-06 00:00:00-04:00,29.43445112446779,29.680764522998906,28.8679295561574,29.17582130432129,1166400,0.0,0.0
2001-04-09 00:00:00-04:00,29.656132549458963,30.02560263467841,29.434450122482886,29.606868743896484,1204800,0.0,0.0
2001-04-10 00:00:00-04:00,29.631503369378045,31.50348487129287,29.631503369378045,31.136478424072266,1425200,0.0,0.0
2001-04-11 00:00:00-04:00,32.63652452681131,32.71534661651414,31.749794809875024,32.21779251098633,1556000,0.0,0.0
2001-04-12 00:00:00-04:00,32.143902055971,32.45179383811631,31.860643119775148,32.41484832763672,649600,0.0,0.0
2001-04-16 00:00:00-04:00,32.377894599297235,33.2523078918457,32.045373775445235,33.2523078918457,886000,0.0,0.0
2001-04-17 00:00:00-04:00,33.00599668738937,34.08731239867577,33.00599668738937,34.00356674194336,812800,0.0,0.0
2001-04-18 00:00:00-04:00,34.237560902979226,34.557769058796616,32.4517888414929,33.05525588989258,1409600,0.0,0.0
2001-04-19 00:00:00-04:00,33.129157237152555,33.424732609512546,32.61189751668899,33.00600051879883,623600,0.0,0.0
2001-04-20 00:00:00-04:00,33.00599738188969,33.9666181903729,32.44194131915354,33.81883239746094,1132800,0.0,0.0
2001-04-23 00:00:00-04:00,33.74493787558322,33.74493787558322,32.45179244604445,32.76214599609375,906000,0.0,0.0
2001-04-24 00:00:00-04:00,34.6070344091324,35.96175817603794,34.49619412534719,35.82135772705078,3086800,0.0,0.0
2001-04-25 00:00:00-04:00,35.71544647216797,37.22288342401514,35.4198711151217,35.71544647216797,2276400,0.0,0.0
2001-04-26 00:00:00-04:00,35.83860238943133,36.208072517157426,34.87798156072128,35.592288970947266,1674800,0.0,0.0
2001-04-27 00:00:00-04:00,35.715442393562256,35.83859909147109,34.87797835115983,35.444496154785156,965200,0.0,0.0
2001-04-30 00:00:00-04:00,35.69081105798209,36.208070714423,34.73019027709961,34.73019027709961,2135600,0.0,0.0
2001-05-01 00:00:00-04:00,34.73019342489176,35.76470907309322,34.483879996346424,35.22282028198242,1716400,0.0,0.0
2001-05-02 00:00:00-04:00,35.34597699625509,35.40755535339142,34.4099852160939,35.22282028198242,1419600,0.0,0.0
2001-05-03 00:00:00-04:00,35.05039628911181,35.09965821562035,33.64641071217581,34.63166427612305,1036000,0.0,0.0
2001-05-04 00:00:00-04:00,34.48387581578153,34.58239967187752,33.69567369168108,34.33608627319336,1503600,0.0,0.0
2001-05-07 00:00:00-04:00,34.08977499724304,34.3730376784348,33.74493772099026,33.79666519165039,1696000,0.0,0.0
2001-05-08 00:00:00-04:00,33.86809405013469,33.86809405013469,32.59958148545285,32.90254592895508,1135600,0.0,0.0
2001-05-09 00:00:00-04:00,32.882840633392334,33.538035213956995,32.45179216066996,32.513370513916016,3231200,0.0,0.0
2001-05-10 00:00:00-04:00,32.75968330761634,33.005996715944285,31.178351677164276,31.355697631835938,1490000,0.0,0.0
2001-05-11 00:00:00-04:00,31.35569759725713,31.35569759725713,30.419705894954284,30.702966690063477,2360000,0.0,0.0
2001-05-14 00:00:00-04:00,30.78917583146418,31.060120202936634,30.173392314834896,30.91233253479004,1579600,0.0,0.0
2001-05-15 00:00:00-04:00,31.035489775244475,31.343381538887773,30.604441306143855,30.93696403503418,1610400,0.0,0.0
2001-05-16 00:00:00-04:00,30.936962949113152,33.00599590401525,30.791638943801196,32.88283920288086,1430400,0.0,0.0
2001-05-17 00:00:00-04:00,33.12915228085201,34.38535212350364,32.75968218106556,34.29914093017578,2116400,0.0,0.0
2001-05-18 00:00:00-04:00,34.18830137330482,34.865663237205716,33.7473982735278,34.76713562011719,2414400,0.0,0.0
2001-05-21 00:00:00-04:00,34.66861397924392,34.82379263705753,33.49862523038844,33.55281448364258,1076400,0.0,0.0
2001-05-22 00:00:00-04:00,33.5552716780191,34.54545254669512,33.41240946246334,34.43461227416992,1012000,0.0,0.0
2001-05-23 00:00:00-04:00,34.336084708557834,34.33855024783661,33.560199041436185,33.74493408203125,718000,0.0,0.0
2001-05-24 00:00:00-04:00,33.621777388301204,34.13903700534499,33.498620694571166,33.74493408203125,838400,0.0,0.0
2001-05-25 00:00:00-04:00,33.99124751518801,33.99124751518801,32.9567320381537,33.05525588989258,750400,0.0,0.0
2001-05-29 00:00:00-04:00,32.636524868751394,33.220286412758256,32.1562144997303,33.13407897949219,1268000,0.0,0.0
2001-05-30 00:00:00-04:00,32.98136479389463,34.8533482529055,32.759684223579015,34.7351188659668,2070800,0.0,0.0
2001-05-31 00:00:00-04:00,34.1144099446926,34.727731736449535,33.72030695458905,34.54792022705078,6559600,0.0,0.0
2001-06-01 00:00:00-04:00,34.508513971047485,36.94701549001025,34.48388112400957,36.54059982299805,11565200,0.0,0.0
2001-06-04 00:00:00-04:00,36.54059479832124,38.1785774230957,36.13417542875076,38.1785774230957,3237200,0.0,0.0
2001-06-05 00:00:00-04:00,38.17857978012386,39.75498415153828,38.08005591632715,39.20077896118164,4784800,0.0,0.0
2001-06-06 00:00:00-04:00,39.20077401378604,40.24760590789817,38.892882280223645,39.511131286621094,2274000,0.0,0.0
2001-06-07 00:00:00-04:00,39.54069088412087,40.075190525744496,39.114569742816194,40.003761291503906,1754400,0.0,0.0
2001-06-08 00:00:00-04:00,39.976667682315174,40.64171314573837,39.671237697149635,40.390472412109375,1657200,0.0,0.0
2001-06-11 00:00:00-04:00,40.34613614480462,40.567816704026455,39.114569130362746,39.82887649536133,1950000,0.0,0.0
2001-06-12 00:00:00-04:00,39.16383096109887,39.16383096109887,37.98152587850892,38.523414611816406,1452000,0.0,2.0
2001-06-13 00:00:00-04:00,38.646573924098554,39.01604405246831,37.730287705066004,38.51849365234375,927600,0.0,0.0
2001-06-14 00:00:00-04:00,38.64164722014518,38.671203625309516,37.217956075252,37.66624450683594,988400,0.0,0.0
2001-06-15 00:00:00-04:00,37.34110801638242,39.58255740556648,37.34110801638242,38.966773986816406,926600,0.0,0.0
2001-06-18 00:00:00-04:00,39.213091792282334,39.85350812363942,38.818992614746094,38.818992614746094,1024800,0.0,0.0
2001-06-19 00:00:00-04:00,39.35595566157438,39.459406840953754,38.17857788301876,38.39040756225586,798400,0.0,0.0
2001-06-20 00:00:00-04:00,38.08005578899696,38.08005578899696,37.44456672183292,37.93226623535156,1758600,0.0,0.0
2001-06-21 00:00:00-04:00,38.42489179780212,39.38551258936943,38.17857838884185,38.917518615722656,1213600,0.0,0.0
2001-06-22 00:00:00-04:00,38.91751807050407,39.0653076171875,38.17857785397551,39.0653076171875,887200,0.0,0.0
2001-06-25 00:00:00-04:00,38.942151763343055,38.942151763343055,37.19332504272461,37.19332504272461,878600,0.0,0.0
2001-06-26 00:00:00-04:00,37.094802207325834,37.1933260710236,36.25733433211689,36.92730712890625,902600,0.0,0.0
2001-06-27 00:00:00-04:00,36.927303653530345,37.43963596511895,36.10954513815685,37.1686897277832,1233800,0.0,0.0
2001-06-28 00:00:00-04:00,37.24258782637062,38.9175198104061,37.24258782637062,38.277103424072266,1433200,0.0,0.0
2001-06-29 00:00:00-04:00,38.32636812484679,38.57268153501047,37.380521773400524,37.88300323486328,1785400,0.0,0.0
2001-07-02 00:00:00-04:00,37.784478460882895,38.86825980227789,37.68595459277637,38.11946487426758,847800,0.0,0.0
2001-07-03 00:00:00-04:00,38.12931403657671,39.553005149251646,37.74013842412851,38.89288330078125,490800,0.0,0.0
2001-07-05 00:00:00-04:00,38.81899281744768,39.20324111489071,37.58249851383565,38.42981719970703,532400,0.0,0.0
2001-07-06 00:00:00-04:00,38.42489082582535,38.54804752719018,37.44456453532574,38.1785774230957,491600,0.0,0.0
2001-07-09 00:00:00-04:00,38.05542063636112,39.13919810256263,37.710583376690884,38.868255615234375,1009200,0.0,0.0
2001-07-10 00:00:00-04:00,38.90766066714745,40.15400568878941,38.90766066714745,40.149078369140625,1251800,0.0,0.0
2001-07-11 00:00:00-04:00,40.07518646318602,40.27223792029521,38.54804424786667,38.705684661865234,1015600,0.0,0.0
2001-07-12 00:00:00-04:00,38.76972480299325,40.2476050942145,38.32636372238203,40.05548095703125,922000,0.0,0.0
2001-07-13 00:00:00-04:00,40.02592721032808,41.868350376629884,39.69094083841464,41.37080001831055,1254400,0.0,0.0
2001-07-16 00:00:00-04:00,41.37080398039447,41.971805572509766,40.764871309034014,41.971805572509766,915800,0.0,0.0
2001-07-17 00:00:00-04:00,41.97180332788328,42.705819991693005,41.18360117194283,42.562957763671875,668000,0.0,0.0
2001-07-18 00:00:00-04:00,42.80927430427271,43.35116309122409,41.28705537315557,41.7649040222168,1588800,0.0,0.0
2001-07-19 00:00:00-04:00,41.764902136418165,42.56295895578497,41.700862001419594,41.922542572021484,507400,0.0,0.0
2001-07-20 00:00:00-04:00,41.97180438224587,43.01124729346915,41.97180438224587,42.612220764160156,558800,0.0,0.0
2001-07-23 00:00:00-04:00,42.858535530809256,43.055587020570854,40.59245279466227,41.9422492980957,1056400,0.0,0.0
2001-07-24 00:00:00-04:00,43.351161450975,43.44968531453124,40.83876534584603,42.1787109375,3129000,0.0,0.0
2001-07-25 00:00:00-04:00,42.85853274982092,43.32652671899871,42.48906263990867,42.981689453125,1325800,0.0,0.0
2001-07-26 00:00:00-04:00,42.98169368576067,44.21326084008046,42.858536970328686,43.838863372802734,1746400,0.0,0.0
2001-07-27 00:00:00-04:00,43.94230864696004,44.774849133900645,43.44968185155267,44.73051452636719,1675600,0.0,0.0
2001-07-30 00:00:00-04:00,44.73051177455604,45.001454240295274,43.74525824435388,44.434932708740234,1093800,0.0,0.0
2001-07-31 00:00:00-04:00,44.33641313460157,44.90786204127859,44.13936165787003,44.316707611083984,1021600,0.0,0.0
2001-08-01 00:00:00-04:00,44.33641495495653,44.43493881814531,42.39054046864455,42.538326263427734,820800,0.0,0.0
2001-08-02 00:00:00-04:00,42.6614806376661,42.6614806376661,40.97177054315411,41.82401657104492,1146400,0.0,0.0
2001-08-03 00:00:00-04:00,41.18359823104633,41.57770116009607,40.29687227835054,41.00625228881836,915000,0.0,0.0
2001-08-06 00:00:00-04:00,40.93728948314675,41.12449008697767,39.040676908672985,39.16383361816406,836000,0.0,0.0
2001-08-07 00:00:00-04:00,39.2869883967218,40.395398727663796,39.2869883967218,40.32643127441406,1083200,0.0,0.0
2001-08-08 00:00:00-04:00,40.32643392123076,41.86835459643818,39.97666931152344,39.97666931152344,884600,0.0,0.0
2001-08-09 00:00:00-04:00,40.14908631972943,40.88802655874285,39.43477892539421,40.390472412109375,486600,0.0,0.0
2001-08-10 00:00:00-04:00,40.513626359495554,40.97669674710951,40.05055973032576,40.45451354980469,520400,0.0,0.0
2001-08-13 00:00:00-04:00,40.395399729410805,41.50381008783976,40.395399729410805,41.380653381347656,814200,0.0,0.0
2001-08-14 00:00:00-04:00,41.36094282023914,41.72548557469625,40.395394809941614,41.0308837890625,611000,0.0,0.0
2001-08-15 00:00:00-04:00,41.15403995571772,41.23285828287768,40.050557066371006,40.1441535949707,403200,0.0,0.0
2001-08-16 00:00:00-04:00,40.144161748477245,40.24761293801091,39.56778922459914,39.69587326049805,610200,0.0,0.0
2001-08-17 00:00:00-04:00,39.163835801603604,40.54319252818262,39.055457289858076,40.222984313964844,364200,0.0,0.0
2001-08-20 00:00:00-04:00,40.22298368759439,40.22298368759439,39.41014862060547,39.41014862060547,403600,0.0,0.0
2001-08-21 00:00:00-04:00,39.41014197171406,40.838760369877505,39.41014197171406,40.493919372558594,824200,0.0,0.0
2001-08-22 00:00:00-04:00,40.49392044295259,41.00625275314086,40.39539658879659,40.888023376464844,881000,0.0,0.0
2001-08-23 00:00:00-04:00,40.888028664053095,41.57770700766581,40.86339581810655,41.47917938232422,875800,0.0,0.0
2001-08-24 00:00:00-04:00,41.528442573924345,42.292011892515454,41.5185879327612,41.79938507080078,573200,0.0,0.0
2001-08-27 00:00:00-04:00,41.725488868645,42.513694763183594,41.53829203583642,42.513694763183594,377600,0.0,0.0
2001-08-28 00:00:00-04:00,42.489061832312984,42.489061832312984,40.15893539637328,40.8633918762207,1422400,0.0,0.0
2001-08-29 00:00:00-04:00,40.98655005987268,41.12941228917137,39.36088380341615,39.503746032714844,1076000,0.0,0.0
2001-08-30 00:00:00-04:00,39.484038504586785,40.00129438602112,38.360850009536016,39.36088180541992,729200,0.0,0.0
2001-08-31 00:00:00-04:00,39.360883049525334,39.360883049525334,38.15394510447503,38.37562942504883,563400,0.0,0.0
2001-09-04 00:00:00-04:00,38.42489007660916,39.90277046417105,38.227838606578736,39.705718994140625,1127200,0.0,0.0
2001-09-05 00:00:00-04:00,38.44952244884693,38.84362162563663,36.8238525390625,36.8238525390625,5318600,0.0,0.0
2001-09-06 00:00:00-04:00,36.82877979910505,37.73521128683896,36.602171927171575,37.1686897277832,4399000,0.0,0.0
2001-09-07 00:00:00-04:00,37.291849455785275,37.932265836929396,36.85833919926037,37.045536041259766,2993200,0.0,0.0
2001-09-10 00:00:00-04:00,37.070169601537195,37.336188545372195,36.45931337408895,36.53813171386719,1624000,0.0,0.0
2001-09-17 00:00:00-04:00,36.45438068740951,36.45438068740951,34.26219308188206,34.92723846435547,1502000,0.0,0.0
2001-09-18 00:00:00-04:00,34.87798301424199,34.97650688236375,32.927177351118296,32.95673751831055,1755400,0.0,0.0
2001-09-19 00:00:00-04:00,33.89272357414586,34.5331361256492,33.8434578899622,34.43461227416992,3646800,0.0,0.0
2001-09-20 00:00:00-04:00,34.33609043584137,35.59229042480042,33.99125313925576,35.22282028198242,1931400,0.0,0.0
2001-09-21 00:00:00-04:00,34.483879189148425,35.222819457487326,33.375468786640084,34.139041900634766,1502000,0.0,0.0
2001-09-24 00:00:00-04:00,34.01588620390641,35.715447368404334,33.922285897755884,35.49376678466797,1940400,0.0,0.0
2001-09-25 00:00:00-04:00,36.084915520710304,36.749960993635185,35.91249688083266,36.64158248901367,2332200,0.0,0.0
2001-09-26 00:00:00-04:00,36.74995744870584,38.37562734432615,36.74995744870584,37.917484283447266,1641000,0.0,0.0
2001-09-27 00:00:00-04:00,37.92241091875608,39.75497937072975,37.68594841225791,39.44462585449219,2253400,0.0,0.0
2001-09-28 00:00:00-04:00,39.41014446213995,40.49392193147109,39.41014446213995,39.82887649536133,2035400,0.0,0.0
2001-10-01 00:00:00-04:00,39.83380950285175,40.14416308176031,38.646576927375484,39.040679931640625,1025400,0.0,0.0
2001-10-02 00:00:00-04:00,39.163833175198064,39.89784610309834,39.08993839865031,39.612125396728516,1009400,0.0,0.0
2001-10-03 00:00:00-04:00,40.09982139019086,41.08507496853244,39.85350799560547,39.85350799560547,1228200,0.0,0.0
2001-10-04 00:00:00-04:00,40.39539745697409,40.64171085610197,39.9027706587183,40.321502685546875,1211000,0.0,0.0
2001-10-05 00:00:00-04:00,40.14909186208088,40.14909186208088,38.572687304616416,39.316551208496094,1318000,0.0,0.0
2001-10-08 00:00:00-04:00,39.80424586047545,40.025926411066784,39.16875685475106,39.23772430419922,849000,0.0,0.0
2001-10-09 00:00:00-04:00,39.3116188780617,39.68108896616964,39.21801858637225,39.62689971923828,773800,0.0,0.0
2001-10-10 00:00:00-04:00,39.90277409365247,41.08507926293108,39.80425022889781,40.410179138183594,938200,0.0,0.0
2001-10-11 00:00:00-04:00,40.469295261750396,40.528408076567565,40.104752456081435,40.19834899902344,1143000,0.0,0.0
2001-10-12 00:00:00-04:00,40.075194638637285,40.7353165908532,40.075194638637285,40.56782150268555,633000,0.0,0.0
2001-10-15 00:00:00-04:00,40.46929028889269,40.60229786433185,40.07518736579794,40.493919372558594,977400,0.0,0.0
2001-10-16 00:00:00-04:00,40.78949939067484,41.57770149671157,40.78949939067484,41.262420654296875,1092000,0.0,0.0
2001-10-17 00:00:00-04:00,41.26734676274102,41.47917644416482,40.64171235952804,41.25749588012695,1042000,0.0,0.0
2001-10-18 00:00:00-04:00,41.23286616662173,41.3067609463931,40.434813068735984,40.78950500488281,1113400,0.0,0.0
2001-10-19 00:00:00-04:00,40.789497828958304,41.82401328842555,40.54318444534972,41.67622375488281,3036400,0.0,0.0
2001-10-22 00:00:00-04:00,41.55307216918093,43.17874220413986,41.38065353115667,42.98661804199219,1907800,0.0,0.0
2001-10-23 00:00:00-04:00,43.597472712373936,44.3364129278379,42.27723271040721,42.71074295043945,2637000,0.0,0.0
2001-10-24 00:00:00-04:00,42.68611123371734,42.85360253484468,42.07032775878906,42.07032775878906,1459800,0.0,0.0
2001-10-25 00:00:00-04:00,41.73041687437186,42.59251379704243,40.98654933444599,41.99150848388672,1048000,0.0,0.0
2001-10-26 00:00:00-04:00,41.87328102676723,43.44968539733832,41.183602705225695,42.80927276611328,782800,0.0,0.0
2001-10-29 00:00:00-05:00,42.858533336456375,43.76496488112813,42.46443037711121,43.163963317871094,726800,0.0,0.0
2001-10-30 00:00:00-05:00,43.168887172544416,43.168887172544416,41.76490147783463,42.760009765625,798800,0.0,0.0
2001-10-31 00:00:00-05:00,42.76493059165895,42.76493059165895,41.92253922872965,42.46442794799805,890800,0.0,0.0
2001-11-01 00:00:00-05:00,42.39546495869312,42.39546495869312,41.86835438636424,41.971805572509766,1104000,0.0,0.0
2001-11-02 00:00:00-05:00,42.09495924177191,42.51369503534274,41.922540610654416,42.43980026245117,1461400,0.0,0.0
2001-11-05 00:00:00-05:00,42.43979991507486,43.203369206186466,42.43979991507486,43.18859100341797,1197000,0.0,0.0
2001-11-06 00:00:00-05:00,43.065437655509605,43.68614852922498,42.85360796296477,43.63688659667969,1365200,0.0,0.0
2001-11-07 00:00:00-05:00,43.44968048507145,43.45460780523493,41.449616961321134,41.725486755371094,1462000,0.0,0.0
2001-11-08 00:00:00-05:00,41.7747549188791,41.92254070655605,38.81899406400871,39.754981994628906,4219600,0.0,0.0
2001-11-09 00:00:00-05:00,39.80424803305416,40.1490852991167,38.52834263173413,39.33625030517578,1885400,0.0,0.0
2001-11-12 00:00:00-05:00,39.311619477853895,39.75498058359267,38.86825461367098,39.464332580566406,763400,0.0,0.0
2001-11-13 00:00:00-05:00,39.39044309528181,40.02593219280243,39.06531132355303,39.41014862060547,1326200,0.0,0.0
2001-11-14 00:00:00-05:00,39.8781399600104,40.0259295108127,38.72539499415231,38.78451156616211,1505400,0.0,0.0
2001-11-15 00:00:00-05:00,37.98152975009733,39.38551553446665,37.98152975009733,39.15398406982422,1785400,0.0,0.0
2001-11-16 00:00:00-05:00,39.21309544405841,39.21309544405841,38.700763082949884,38.86333084106445,1942800,0.0,0.0
2001-11-19 00:00:00-05:00,38.86332578116787,39.53329849243164,38.54804494744892,39.53329849243164,1290200,0.0,0.0
2001-11-20 00:00:00-05:00,39.90276755141278,40.64170769125376,39.65645417146579,40.48899459838867,1659800,0.0,0.0
2001-11-21 00:00:00-05:00,40.98655145522692,40.98655145522692,39.952035846181815,40.13923645019531,1590200,0.0,0.0
2001-11-23 00:00:00-05:00,40.3954026837187,40.3954026837187,40.05056538369898,40.296878814697266,389400,0.0,0.0
2001-11-26 00:00:00-05:00,40.39539671200451,40.44465863923276,39.85350799560547,39.85350799560547,831800,0.0,0.0
2001-11-27 00:00:00-05:00,39.730351495352714,39.952032048201325,38.12931442260742,38.12931442260742,2260800,0.0,0.0
2001-11-28 00:00:00-05:00,37.735211554283616,38.789432589571284,35.96175585295025,37.43963623046875,5247000,0.0,0.0
2001-11-29 00:00:00-05:00,37.66131698241319,38.16872573846463,37.193323030440936,38.055419921875,1290800,0.0,0.0
2001-11-30 00:00:00-05:00,37.93226516520715,38.34606989022884,37.193324934716095,37.88300323486328,1142800,0.0,0.0
2001-12-03 00:00:00-05:00,37.63668444879022,38.129311198752276,37.24258154544304,37.96674346923828,932200,0.0,0.0
2001-12-04 00:00:00-05:00,38.326366968111195,38.66627690813602,38.144093697051325,38.1785774230957,932400,0.0,0.0
2001-12-05 00:00:00-05:00,38.178579799664284,39.33625211286843,38.178579799664284,38.54804992675781,1248000,0.0,0.0
2001-12-06 00:00:00-05:00,38.22783880979947,38.572679823796946,37.444564004280956,38.32636642456055,1413600,0.0,0.0
2001-12-07 00:00:00-05:00,38.12931917910311,38.54805125252145,37.513535612768905,37.56279754638672,811800,0.0,0.0
2001-12-10 00:00:00-05:00,37.43963828552452,37.83374124453936,36.01594707771104,36.57754135131836,1973200,0.0,0.0
2001-12-11 00:00:00-05:00,36.69085132763987,38.016015066511486,36.57754549260028,37.449493408203125,1259000,0.0,0.0
2001-12-12 00:00:00-05:00,37.68595312098619,38.17365263842272,37.06524225251137,37.52831268310547,753800,0.0,0.0
2001-12-13 00:00:00-05:00,37.39037761355366,38.56775545121614,37.39037761355366,38.54804992675781,941600,0.0,0.0
2001-12-14 00:00:00-05:00,38.498782107752795,38.818990253957786,37.80417657097995,38.419960021972656,787200,0.0,0.0
2001-12-17 00:00:00-05:00,38.40025637055651,38.79435930176157,38.17857582078123,38.26232147216797,659400,0.0,0.0
2001-12-18 00:00:00-05:00,38.26232457618654,38.91751915512866,38.25247369340711,38.78451156616211,667600,0.0,0.0
2001-12-19 00:00:00-05:00,38.72046634164262,38.96677974554422,38.572680554368226,38.79436111450195,756800,0.0,0.0
2001-12-20 00:00:00-05:00,38.67120388439894,38.83869519271126,38.44459600691768,38.59730911254883,554000,0.0,0.0
2001-12-21 00:00:00-05:00,38.7204665944076,39.16383147601359,38.621942735581506,39.0653076171875,1416000,0.0,0.0
2001-12-24 00:00:00-05:00,39.01604397009845,39.7500606629901,39.01604397009845,39.508670806884766,402200,0.0,0.0
2001-12-26 00:00:00-05:00,39.459403804669776,39.84857940673828,39.21309041792597,39.84857940673828,616000,0.0,0.0
2001-12-27 00:00:00-05:00,39.705720614910135,39.730353459086004,39.040675165049265,39.29191589355469,940800,0.0,0.0
2001-12-28 00:00:00-05:00,39.29191856975574,39.902774810791016,38.917521111759136,39.902774810791016,931200,0.0,0.0
2001-12-31 00:00:00-05:00,39.28698776069576,39.897843947494536,39.237725831806934,39.82887649536133,529400,0.0,0.0
2002-01-02 00:00:00-05:00,39.705726317107974,39.705726317107974,38.32637328938791,38.833778381347656,1160400,0.0,0.0
2002-01-03 00:00:00-05:00,38.429821783708704,38.62194595534725,38.00123506935254,38.22291564941406,1040400,0.0,0.0
2002-01-04 00:00:00-05:00,38.20320932777359,38.89288383171013,38.12931455708206,38.7598762512207,539400,0.0,0.0
2002-01-07 00:00:00-05:00,38.91751824331026,39.01111854052167,38.20321086753862,38.3460693359375,974000,0.0,0.0
2002-01-08 00:00:00-05:00,38.34606684467381,38.34606684467381,37.73521068834825,38.00615692138672,1679800,0.0,0.0
2002-01-09 00:00:00-05:00,37.93226309107152,38.37562795681184,37.587425839075806,37.75491714477539,757200,0.0,0.0
2002-01-10 00:00:00-05:00,37.73521465941373,38.277103424072266,37.73521465941373,38.277103424072266,831600,0.0,0.0
2002-01-11 00:00:00-05:00,38.277106555609045,38.823922685698726,37.878079990901085,38.76973342895508,979600,0.0,0.0
2002-01-14 00:00:00-05:00,38.64657077002251,39.23772518223472,38.52834139095774,38.67120361328125,632400,0.0,0.0
2002-01-15 00:00:00-05:00,38.89288343631599,39.262353527573374,38.67120288493921,39.19338607788086,856200,0.0,0.0
2002-01-16 00:00:00-05:00,39.607196500803234,39.61704738334374,38.98155834381851,39.02096939086914,1326800,0.0,0.0
2002-01-17 00:00:00-05:00,39.31162373042514,39.31162373042514,38.695840174237055,39.01604461669922,894600,0.0,0.0
2002-01-18 00:00:00-05:00,39.11456761399487,39.82887495130166,39.01604000159262,39.56778335571289,904800,0.0,0.0
2002-01-22 00:00:00-05:00,39.45940558759642,40.17371669649519,39.45940558759642,40.050559997558594,796000,0.0,0.0
2002-01-23 00:00:00-05:00,39.95203604877285,40.16879306148993,39.38551442999971,39.43478012084961,558200,0.0,0.0
2002-01-24 00:00:00-05:00,39.42985465081942,40.05056555190652,39.42985465081942,39.607200622558594,486400,0.0,0.0
2002-01-25 00:00:00-05:00,38.7697308496779,40.49392479168164,38.7697308496779,39.76483917236328,1030600,0.0,0.0
2002-01-28 00:00:00-05:00,39.75497903667515,40.025925264923,39.31161794818813,39.53329849243164,491200,0.0,0.0
2002-01-29 00:00:00-05:00,39.65645626945192,40.636782521139864,39.5086667302875,39.912620544433594,2161600,0.0,0.0
2002-01-30 00:00:00-05:00,39.91754900489361,40.247608058885554,39.26235445883015,39.61704635620117,1064600,0.0,0.0
2002-01-31 00:00:00-05:00,39.607196189123556,40.20820149736109,39.50866857227232,40.099822998046875,607800,0.0,0.0
2002-02-01 00:00:00-05:00,40.12445274887296,40.39047168111667,40.0899690220142,40.25253677368164,345200,0.0,0.0
2002-02-04 00:00:00-05:00,40.39540052513317,40.587524690369825,40.27717113693626,40.51362991333008,999800,0.0,0.0
2002-02-05 00:00:00-05:00,40.51362994298116,41.18360274066146,40.24761100051006,40.843692779541016,791400,0.0,0.0
2002-02-06 00:00:00-05:00,40.96192036977524,40.96192036977524,40.44466071126834,40.6417121887207,891400,0.0,0.0
2002-02-07 00:00:00-05:00,40.523486290191094,41.17375359078853,40.49392612304259,41.04566955566406,799600,0.0,0.0
2002-02-08 00:00:00-05:00,41.50380978175572,43.44968422660271,41.38558039675966,43.1048469543457,2884800,0.0,0.0
2002-02-11 00:00:00-05:00,43.22307561745039,43.346232320977336,42.53832464651615,42.6368522644043,1346800,0.0,0.0
2002-02-12 00:00:00-05:00,42.43980259926534,42.686116016836884,41.84372457975555,42.49399185180664,872200,0.0,0.0
2002-02-13 00:00:00-05:00,42.85853563293655,43.0555871231677,42.612222209758755,42.888092041015625,921000,0.0,0.0
2002-02-14 00:00:00-05:00,43.59747537699613,43.74526493249935,43.0555866042252,43.35116195678711,2619800,0.0,0.0
2002-02-15 00:00:00-05:00,42.61221582585219,43.592542050868744,42.61221582585219,42.90779113769531,1595200,0.0,0.0
2002-02-19 00:00:00-05:00,42.14422905872776,42.2329020431972,40.98162937721495,41.375728607177734,1352200,0.0,0.0
2002-02-20 00:00:00-05:00,41.49887947864149,41.87327688907285,41.134336708677445,41.577701568603516,817000,0.0,0.0
2002-02-21 00:00:00-05:00,39.533304922595,41.750125759376026,39.533304922595,41.134342193603516,2446000,0.0,0.0
2002-02-22 00:00:00-05:00,40.88802471979105,41.74027074417204,40.75008981606331,40.8633918762207,1125200,0.0,0.0
2002-02-25 00:00:00-05:00,41.13433649268761,41.208231262027965,40.05055907050941,40.287017822265625,1172800,0.0,0.0
2002-02-26 00:00:00-05:00,40.51855548511851,40.84861454874573,40.301798484076485,40.6417121887207,811200,0.0,0.0
2002-02-27 00:00:00-05:00,40.64171085610197,40.64171085610197,40.321502685546875,40.321502685546875,1039400,0.0,0.0
2002-02-28 00:00:00-05:00,40.32150597501539,40.44466268462658,40.075192555793,40.13923645019531,742800,0.0,0.0
2002-03-01 00:00:00-05:00,40.0160708061728,40.149078369140625,39.98158708551865,40.149078369140625,886200,0.0,0.0
2002-03-04 00:00:00-05:00,40.14908228006245,41.232859684858305,40.14908228006245,41.13926315307617,1143400,0.0,0.0
2002-03-05 00:00:00-05:00,41.15897113479348,42.01121340424003,40.90280309100621,41.82401657104492,1774600,0.0,0.0
2002-03-06 00:00:00-05:00,41.82894655575747,42.85360752083941,41.60233490318694,42.76493453979492,2087200,0.0,0.0
2002-03-07 00:00:00-05:00,42.98168927569722,42.98168927569722,42.26738190285991,42.36590576171875,7354400,0.0,0.0
2002-03-08 00:00:00-05:00,42.36590576171875,42.602368284801976,41.996435653331666,42.36590576171875,1770600,0.0,0.0
2002-03-11 00:00:00-05:00,42.36590199206793,42.45950228056643,41.67622376608966,42.02106475830078,1867400,0.0,0.0
2002-03-12 00:00:00-05:00,41.72549123756463,42.710744903230335,41.72549123756463,42.538326263427734,1559000,0.0,0.0
2002-03-13 00:00:00-05:00,42.66148620136104,43.69600187694005,42.43980561318153,43.331459045410156,2135000,0.0,0.0
2002-03-14 00:00:00-05:00,44.28714694691652,45.016232454745605,43.582690522283144,44.7797737121582,3668200,0.0,0.0
2002-03-15 00:00:00-05:00,44.65662118192333,44.9029345874955,44.242812706171044,44.34626388549805,1486400,0.0,0.0
2002-03-18 00:00:00-05:00,44.36104383612729,45.29210816631124,44.17877057122602,45.223140716552734,1625600,0.0,0.0
2002-03-19 00:00:00-05:00,45.34629627138306,45.750250077696734,44.92756050468428,45.188655853271484,1738600,0.0,0.0
2002-03-20 00:00:00-05:00,45.19358348777785,45.715770473567446,45.050721258732686,45.44482421875,641000,0.0,0.0
2002-03-21 00:00:00-05:00,45.44974966589422,45.44974966589422,43.97186926441373,45.272403717041016,675800,0.0,0.0
2002-03-22 00:00:00-05:00,45.27240117111871,45.53842007943876,44.9521930171162,45.27732849121094,461600,0.0,0.0
2002-03-25 00:00:00-05:00,45.321668149347175,45.39556292519261,44.63198983886388,44.95219802856445,648600,0.0,0.0
2002-03-26 00:00:00-05:00,44.90293419111052,46.257657909798496,44.90293419111052,46.11479568481445,1110000,0.0,0.0
2002-03-27 00:00:00-05:00,46.06060691930857,47.489225425713954,46.06060691930857,47.31680679321289,1959000,0.0,0.0
2002-03-28 00:00:00-05:00,47.43996639431472,48.3956599121801,46.31677403731128,47.223209381103516,2794400,0.0,0.0
2002-04-01 00:00:00-05:00,47.22321031410925,47.38085075634709,46.77491807491892,47.30202865600586,689400,0.0,0.0
2002-04-02 00:00:00-05:00,47.17886787532957,47.311879218576095,46.47933870811485,47.045860290527344,1911000,0.0,0.0
2002-04-03 00:00:00-05:00,47.04586211751724,47.09512404867392,45.71577118406468,45.912818908691406,1481000,0.0,0.0
2002-04-04 00:00:00-05:00,45.32166881874719,46.05568175051245,44.97683153763452,45.76503372192383,1150200,0.0,0.0
2002-04-05 00:00:00-05:00,46.30692305277026,47.474450018949284,46.16406081787071,46.922706604003906,1388200,0.0,0.0
2002-04-08 00:00:00-04:00,46.94734124925804,47.686281539067274,46.799551687918324,47.43996810913086,492800,0.0,0.0
2002-04-09 00:00:00-04:00,47.78479740090132,48.14441660206678,47.390694475660595,47.85869216918945,1191200,0.0,0.0
2002-04-10 00:00:00-04:00,47.85869297559191,48.05574444153252,47.21827665089596,47.63700866699219,1267600,0.0,0.0
2002-04-11 00:00:00-04:00,47.390699949100394,47.92273783209044,47.16901937707678,47.41533279418945,1619000,0.0,0.0
2002-04-12 00:00:00-04:00,47.56312166892434,47.56312166892434,46.60249710083008,46.60249710083008,764600,0.0,0.0
2002-04-15 00:00:00-04:00,46.602494872558864,47.5089301456456,46.43992712533138,47.19364929199219,516200,0.0,0.0
2002-04-16 00:00:00-04:00,47.78480205204736,47.78480205204736,46.9965998832901,47.30695343017578,574800,0.0,0.0
2002-04-17 00:00:00-04:00,47.306949622647025,47.95721682934016,46.98181789852251,47.63700866699219,442000,0.0,0.0
2002-04-18 00:00:00-04:00,47.538487968778405,48.858727992238734,47.538487968778405,48.47447967529297,1010400,0.0,0.0
2002-04-19 00:00:00-04:00,48.7700521309104,49.79471675447531,48.53358961837845,49.55825424194336,1239600,0.0,0.0
2002-04-22 00:00:00-04:00,49.56318053800282,50.0016180706562,48.79468396543177,48.819313049316406,1148200,0.0,0.0
2002-04-23 00:00:00-04:00,46.30692448691716,47.53849162752666,45.81429763067336,46.55323791503906,5501600,0.0,0.0
2002-04-24 00:00:00-04:00,46.50397241930509,46.94733730765556,46.35618287037349,46.824180603027344,1496800,0.0,0.0
2002-04-25 00:00:00-04:00,46.79954887093484,48.178905498929645,46.53352993160251,47.188724517822266,1915400,0.0,0.0
2002-04-26 00:00:00-04:00,47.78479979931342,48.32668852988483,47.6370102553193,48.22816467285156,1265000,0.0,0.0
2002-04-29 00:00:00-04:00,48.10500944447065,48.228166148753246,47.58774978310601,48.17397689819336,951800,0.0,0.0
2002-04-30 00:00:00-04:00,48.17890907249121,49.01637324260506,48.0803814440724,48.86858367919922,1465600,0.0,0.0
2002-05-01 00:00:00-04:00,48.868580136320645,50.74056359767074,48.868580136320645,50.44498825073242,1928800,0.0,0.0
2002-05-02 00:00:00-04:00,50.00162315390645,50.72578519403828,49.95236122268509,50.489322662353516,1546400,0.0,0.0
2002-05-03 00:00:00-04:00,50.37109053017599,51.03613596152614,50.124777129050436,50.55336380004883,1707400,0.0,0.0
2002-05-06 00:00:00-04:00,50.49424988535952,51.60266024869668,50.3464603335368,50.848941802978516,1092800,0.0,0.0
2002-05-07 00:00:00-04:00,50.740562217934624,50.97702474412207,49.3612056251373,49.80949783325195,2112600,0.0,0.0
2002-05-08 00:00:00-04:00,49.26268670515598,49.991776122107964,48.81932177312063,49.5139274597168,1676600,0.0,0.0
2002-05-09 00:00:00-04:00,49.50899343658238,50.48439615501856,48.27742643567237,50.26763916015625,3388000,0.0,0.0
2002-05-10 00:00:00-04:00,50.54351291623649,51.42038808807159,50.54351291623649,51.21348571777344,1045600,0.0,0.0
2002-05-13 00:00:00-04:00,51.4302409618886,51.4795028923934,48.72079344123632,49.3612060546875,1480800,0.0,2.0
2002-05-14 00:00:00-04:00,49.459731347634,49.459731347634,47.28232179912199,47.3118782043457,2200000,0.0,0.0
2002-05-15 00:00:00-04:00,47.48922480198851,48.71093717490229,47.292173328099246,48.13949203491211,1048900,0.0,0.0
2002-05-16 00:00:00-04:00,48.37595109635045,48.37595109635045,46.848808741530576,47.39069747924805,991800,0.0,0.0
2002-05-17 00:00:00-04:00,47.39069857405701,48.77005517324367,47.28232383076529,48.10008239746094,1031000,0.0,0.0
2002-05-20 00:00:00-04:00,48.26758127313314,48.26758127313314,47.30202932256999,47.78480529785156,531000,0.0,0.0
2002-05-21 00:00:00-04:00,47.883320229822516,47.98184783824939,47.11482367631273,47.44981002807617,744600,0.0,0.0
2002-05-22 00:00:00-04:00,47.292176906646525,47.53849032803531,45.51872102433619,45.90296936035156,1302800,0.0,0.0
2002-05-23 00:00:00-04:00,45.81429449887199,46.20839746030456,45.42019153743942,46.06060791015625,1244200,0.0,0.0
2002-05-24 00:00:00-04:00,45.94237698874547,46.356181701811686,45.765031037875886,46.129573822021484,823600,0.0,0.0
2002-05-28 00:00:00-04:00,45.32166574951549,46.99659762672991,45.27240382104182,46.90792465209961,1115000,0.0,0.0
2002-05-29 00:00:00-04:00,46.90792755920081,47.6370131660621,46.76999264754837,47.45966720581055,809100,0.0,0.0
2002-05-30 00:00:00-04:00,48.37595226410551,48.67153136312669,47.45966607740635,48.41536331176758,876600,0.0,0.0
2002-05-31 00:00:00-04:00,48.4744763980156,48.67152786371388,47.28232048028496,48.32668685913086,1006300,0.0,0.0
2002-06-03 00:00:00-04:00,48.425215743410455,48.47447767151819,47.499074957830565,48.001556396484375,453500,0.0,0.0
2002-06-04 00:00:00-04:00,47.489229693591206,47.489229693591206,46.3167753703264,46.55323791503906,757100,0.0,0.0
2002-06-05 00:00:00-04:00,46.75028323179367,47.98185020966787,46.53352624098568,47.83406066894531,561300,0.0,0.0
2002-06-06 00:00:00-04:00,47.58774955947348,47.58774955947348,46.94733695528013,47.24291229248047,515700,0.0,0.0
2002-06-07 00:00:00-04:00,46.5039702900483,48.37594985961914,46.30691881997658,48.37594985961914,628200,0.0,0.0
2002-06-10 00:00:00-04:00,48.37595412952297,49.90310033853919,48.080378777548525,49.893245697021484,858200,0.0,0.0
2002-06-11 00:00:00-04:00,49.262683175396944,49.55825852276044,48.77005634364298,48.7799072265625,970700,0.0,0.0
2002-06-12 00:00:00-04:00,48.77005287587656,48.96710434625581,46.829102094073875,47.026153564453125,635300,0.0,0.0
2002-06-13 00:00:00-04:00,46.40544439932275,47.70597888827702,46.40544439932275,46.92763137817383,662100,0.0,0.0
2002-06-14 00:00:00-04:00,46.60249434818465,47.09512114628056,46.10986755008873,46.99659729003906,508200,0.0,0.0
2002-06-17 00:00:00-04:00,47.4892251706086,48.12963776766439,46.85866345602382,47.045860290527344,1112700,0.0,0.0
2002-06-18 00:00:00-04:00,47.29217477091665,47.6862777307187,46.503972609756914,47.095123291015625,814500,0.0,0.0
2002-06-19 00:00:00-04:00,46.503973513035035,48.37595321234459,46.503973513035035,48.17890548706055,987700,0.0,0.0
2002-06-20 00:00:00-04:00,48.326694090777444,49.016372444703414,47.78480529785157,47.78480529785156,997600,0.0,0.0
2002-06-21 00:00:00-04:00,47.79465379069665,47.834064839451344,45.12461725189963,45.13447189331055,1258000,0.0,0.0
2002-06-24 00:00:00-04:00,45.075348714287934,45.124610638789626,42.6614768292657,44.178768157958984,1726300,0.0,0.0
2002-06-25 00:00:00-04:00,45.32166443116289,45.32166443116289,44.237887002490986,44.247737884521484,1045500,0.0,0.0
2002-06-26 00:00:00-04:00,43.54821069213571,45.68620924036232,42.85853240745335,45.06550216674805,785800,0.0,0.0
2002-06-27 00:00:00-04:00,45.91281683785146,46.297068903809,44.809333844246396,45.46945571899414,1392800,0.0,0.0
2002-06-28 00:00:00-04:00,45.61724599963477,45.91282136080539,44.38567886271998,44.97683334350586,1608700,0.0,0.0
2002-07-01 00:00:00-04:00,44.53346195197233,44.543312833920716,40.39539622149611,42.32649230957031,3758800,0.0,0.0
2002-07-02 00:00:00-04:00,40.395397260025014,41.814161079044524,37.99137984929757,39.705718994140625,4802600,0.0,0.0
2002-07-03 00:00:00-04:00,39.45941004337919,41.68608551631925,39.21309661769212,41.47917938232422,1415900,0.0,0.0
2002-07-05 00:00:00-04:00,42.36590672084263,43.1048469543457,42.26738285975331,43.1048469543457,526900,0.0,0.0
2002-07-08 00:00:00-04:00,43.34130829025201,43.843785981492964,42.37575643761063,42.42502212524414,829000,0.0,0.0
2002-07-09 00:00:00-04:00,42.07033370035006,42.316647125108034,39.656461386033044,39.902774810791016,1017200,0.0,0.0
2002-07-10 00:00:00-04:00,40.00129502544278,40.0308551894574,38.22783928077998,38.523414611816406,1981200,0.0,0.0
2002-07-11 00:00:00-04:00,38.32636736416593,39.02589653312027,36.552907839430574,38.40518569946289,1752100,0.0,0.0
2002-07-12 00:00:00-04:00,38.405185231090684,39.3116205058392,37.94211483211893,38.523414611816406,1890800,0.0,0.0
2002-07-15 00:00:00-04:00,38.56282635959279,38.57268100059165,35.46913057215073,37.685951232910156,1751000,0.0,0.0
2002-07-16 00:00:00-04:00,36.82878162978092,38.4248914531633,36.82878162978092,37.685951232910156,1747700,0.0,0.0
2002-07-17 00:00:00-04:00,37.98152469337883,39.85350799560547,37.88300083892232,39.85350799560547,1433900,0.0,0.0
2002-07-18 00:00:00-04:00,39.85350884217326,39.85350884217326,37.14406144417988,37.291847229003906,1904200,0.0,0.0
2002-07-19 00:00:00-04:00,36.30659465172657,37.685951232910156,35.65632740824157,37.685951232910156,1336500,0.0,0.0
2002-07-22 00:00:00-04:00,36.454384003005025,37.193324219282154,33.20304780307451,34.09962844848633,2305200,0.0,0.0
2002-07-23 00:00:00-04:00,34.286825206080884,34.62181158704055,30.365516251579155,32.464107513427734,3119300,0.0,0.0
2002-07-24 00:00:00-04:00,31.528116129445255,37.34111404418945,31.528116129445255,37.34111404418945,2840600,0.0,0.0
2002-07-25 00:00:00-04:00,26.601849708777628,29.951711888853318,25.61659601585994,27.784154891967773,11739000,0.0,0.0
2002-07-26 00:00:00-04:00,29.557607514464284,29.557607514464284,28.07972713874107,28.4245662689209,4694600,0.0,0.0
2002-07-29 00:00:00-04:00,29.55760900977821,30.93696372105676,29.55760900977821,30.523157119750977,4422300,0.0,0.0
2002-07-30 00:00:00-04:00,30.641388951080444,32.80894585780818,30.345811727966066,32.513370513916016,4939700,0.0,0.0
2002-07-31 00:00:00-04:00,32.51337184880141,33.99125238738329,32.32617500028775,33.7942008972168,2626200,0.0,0.0
2002-08-01 00:00:00-04:00,33.597151230318154,33.60700587250579,31.744876894188753,32.37543869018555,1439300,0.0,0.0
2002-08-02 00:00:00-04:00,31.537966798205836,32.267056132471836,31.23254058067687,31.774429321289062,2093000,0.0,0.0
2002-08-05 00:00:00-04:00,31.823690250082155,31.97147979216774,31.035488128662113,31.03548812866211,1248900,0.0,0.0
2002-08-06 00:00:00-04:00,31.5281184621502,32.611896030908774,31.5281184621502,32.09956741333008,1676500,0.0,0.0
2002-08-07 00:00:00-04:00,32.61189076059073,33.104517531949774,31.912361647287458,32.79909133911133,1337900,0.0,0.0
2002-08-08 00:00:00-04:00,32.80894870875371,33.73508962745613,32.562635274366,33.72523498535156,1242000,0.0,0.0
2002-08-09 00:00:00-04:00,33.725234850459636,34.07007591229,32.33602723640721,33.754791259765625,2024900,0.0,0.0
2002-08-12 00:00:00-04:00,33.5084749316845,33.5084749316845,32.51337040041756,33.20304870605469,958500,0.0,0.0
2002-08-13 00:00:00-04:00,33.44936396395606,33.478920372339736,32.11926921002153,32.41484832763672,1292800,0.0,0.0
2002-08-14 00:00:00-04:00,32.41484505536287,32.71042038469516,31.488704262758986,32.26705551147461,2278000,0.0,0.0
2002-08-15 00:00:00-04:00,32.21779394707675,33.9518386549479,32.21779394707675,33.49862289428711,1690900,0.0,0.0
2002-08-16 00:00:00-04:00,33.49862654411412,34.38535639718913,32.62175133298698,34.18830490112305,1148500,0.0,0.0
2002-08-19 00:00:00-04:00,33.64641509842535,34.040514320313775,32.90747482913441,33.7942008972168,2272500,0.0,0.0
2002-08-20 00:00:00-04:00,33.892723668973275,34.188298982682106,33.06511053552213,33.40009689331055,2824900,0.0,0.0
2002-08-21 00:00:00-04:00,33.646413260497795,33.892726670139965,31.922219393002628,31.971481323242188,2114400,0.0,0.0
2002-08-22 00:00:00-04:00,32.02074231514675,32.51336911999516,31.823690841518534,32.20793914794922,4896800,0.0,0.0
2002-08-23 00:00:00-04:00,32.20794020147259,32.20794020147259,31.084751651029737,31.281803131103516,1384300,0.0,0.0
2002-08-26 00:00:00-04:00,31.331065029133338,32.020743329456664,30.690650538388642,31.94192123413086,1464000,0.0,0.0
2002-08-27 00:00:00-04:00,32.030593707491605,32.16853237213847,31.08475112915039,31.08475112915039,902300,0.0,0.0
2002-08-28 00:00:00-04:00,31.094601650558403,31.71531056297025,30.986225037445806,31.17342185974121,931200,0.0,0.0
2002-08-29 00:00:00-04:00,30.936965542696502,31.577380066439677,30.661095711730244,31.528118133544922,671300,0.0,0.0
2002-08-30 00:00:00-04:00,31.478853844486427,31.478853844486427,30.79902832193395,30.98622703552246,1316900,0.0,0.0
2002-09-03 00:00:00-04:00,29.557611503865573,30.286699028787577,29.557611503865573,30.030532836914062,1017200,0.0,0.0
2002-09-04 00:00:00-04:00,30.1487626967607,30.19802462860271,29.21277095798453,29.252182006835938,1192000,0.0,0.0
2002-09-05 00:00:00-04:00,28.38515509783947,29.95170843950644,28.38515509783947,29.459081649780273,1321400,0.0,0.0
2002-09-06 00:00:00-04:00,29.705395875197834,29.951709276947767,29.21276907169796,29.91230010986328,931000,0.0,0.0
2002-09-09 00:00:00-04:00,29.912302486217513,30.927112579345707,29.85318591206114,30.927112579345703,766600,0.0,0.0
2002-09-10 00:00:00-04:00,31.015785762861473,31.725169623568494,30.434485934436456,31.528118133544922,1496700,0.0,0.0
2002-09-11 00:00:00-04:00,31.675903268467383,32.63159666022581,31.675903268467383,32.0207405090332,1104300,0.0,0.0
2002-09-12 00:00:00-04:00,32.070008389543084,32.21779795347965,31.82369495527863,32.11927032470703,1033400,0.0,0.0
2002-09-13 00:00:00-04:00,32.0700033128896,32.80894349870938,31.528114594977257,32.78923797607422,877700,0.0,0.0
2002-09-16 00:00:00-04:00,32.21779741621082,32.75968621086706,32.11926978908126,32.582340240478516,1039900,0.0,0.0
2002-09-17 00:00:00-04:00,32.95673827570462,32.996149327236914,32.21779797247557,32.43455123901367,682500,0.0,0.0
2002-09-18 00:00:00-04:00,32.444404563465035,33.59714958563282,32.276909480477606,33.419803619384766,1000100,0.0,0.0
2002-09-19 00:00:00-04:00,33.419801720016814,33.69567529541523,32.592192269154694,32.60204315185547,886700,0.0,0.0
2002-09-20 00:00:00-04:00,32.759684014561515,33.005997428204836,32.05030018056654,32.16853332519531,1339600,0.0,0.0
2002-09-23 00:00:00-04:00,32.020744354494155,32.87791399715769,29.90244933457976,30.542863845825195,3604400,0.0,0.0
2002-09-24 00:00:00-04:00,30.296549536705193,32.316318754129995,30.0994980563223,31.597084045410156,2931000,0.0,0.0
2002-09-25 00:00:00-04:00,31.82368867810507,33.05525560650267,31.331061906746033,32.79909133911133,1831200,0.0,0.0
2002-09-26 00:00:00-04:00,33.00599401529165,33.331129491734224,32.68085853884907,32.710418701171875,1061600,0.0,0.0
2002-09-27 00:00:00-04:00,32.71042075434568,34.14889012954432,32.52322016217915,33.49862289428711,1085300,0.0,0.0
2002-09-30 00:00:00-04:00,33.40010112818684,33.59714885668085,32.611895180432796,33.28186798095703,1370300,0.0,0.0
2002-10-01 00:00:00-04:00,33.52817823180985,33.5478837544861,32.917322062622716,33.10451889038086,848600,0.0,0.0
2002-10-02 00:00:00-04:00,33.00599894129244,33.498625791162475,32.75968551635742,32.75968551635742,1140300,0.0,0.0
2002-10-03 00:00:00-04:00,33.00600050264787,33.15379006797793,32.276911076634875,32.69071960449219,825800,0.0,0.0
2002-10-04 00:00:00-04:00,19.212445027362712,24.877653176456846,19.212445027362712,21.36029815673828,21295000,0.0,0.0
2002-10-07 00:00:00-04:00,21.370151694570833,21.69528531629306,19.80359827739406,20.493274688720703,3455500,0.0,0.0
2002-10-08 00:00:00-04:00,20.493273742409073,20.631210521682664,18.237044018090888,18.90701675415039,5406600,0.0,0.0
2002-10-09 00:00:00-04:00,18.916870214344232,20.542538307946753,18.916870214344232,20.049911499023438,6325600,0.0,0.0
2002-10-10 00:00:00-04:00,20.059765823910436,20.444014163462946,20.000649249192904,20.138586044311523,3810200,0.0,0.0
2002-10-11 00:00:00-04:00,20.59180201159433,20.995755879383335,20.444014332026548,20.73958969116211,3325000,0.0,0.0
2002-10-14 00:00:00-04:00,20.493274073293772,21.577053406228618,20.493274073293772,21.488380432128906,3004000,0.0,0.0
2002-10-15 00:00:00-04:00,21.87263151448077,22.779064936576166,21.78395853672627,22.414520263671875,3144800,0.0,0.0
2002-10-16 00:00:00-04:00,22.41452024123248,22.493340457021773,20.6410644463623,20.9366397857666,2420500,0.0,0.0
2002-10-17 00:00:00-04:00,21.675579959806157,21.73469465169615,20.690326325269513,21.281478881835938,2135000,0.0,0.0
2002-10-18 00:00:00-04:00,21.28147905463273,22.38496208190918,20.98590183433847,22.38496208190918,2480600,0.0,0.0
2002-10-21 00:00:00-04:00,21.921893002213043,22.16820640673229,21.675579597693794,21.872631072998047,2855600,0.0,0.0
2002-10-22 00:00:00-04:00,21.626318055960148,21.97115532508787,21.182953168192824,21.439119338989258,1531800,0.0,0.0
2002-10-23 00:00:00-04:00,21.478528277962564,22.315994235238357,21.429266348390758,22.158353805541992,2349200,0.0,0.0
2002-10-24 00:00:00-04:00,22.266733169555664,22.710096190569672,22.069681685179063,22.266733169555664,2071000,0.0,0.0
2002-10-25 00:00:00-04:00,21.67558088210553,21.813515795458716,20.887378692626957,20.887378692626953,3453900,0.0,0.0
2002-10-28 00:00:00-05:00,21.084426448213556,21.1829521830489,19.941532434256594,20.19769859313965,2107400,0.0,0.0
2002-10-29 00:00:00-05:00,19.754333284411647,19.89227006178658,19.310970306396484,19.310970306396484,4933700,0.0,0.0
2002-10-30 00:00:00-05:00,19.705073038736977,21.035165844696166,19.705073038736977,20.690326690673828,4082900,0.0,0.0
2002-10-31 00:00:00-05:00,22.266731364742935,23.843137474314677,22.266731364742935,23.744611740112305,7326100,0.0,0.0
2002-11-01 00:00:00-05:00,23.7446108486183,23.7446108486183,22.719946258140084,23.133752822875977,2024200,0.0,0.0
2002-11-04 00:00:00-05:00,23.15346093741686,23.744613507408115,22.90714752318902,22.956409454345703,2531400,0.0,0.0
2002-11-05 00:00:00-05:00,22.95640805252554,22.95640805252554,22.276584423809748,22.49333953857422,1709000,0.0,0.0
2002-11-06 00:00:00-05:00,22.739653479509162,23.73475986143804,22.739653479509162,23.35051155090332,1705900,0.0,0.0
2002-11-07 00:00:00-05:00,23.350512600969527,25.23234694987757,23.350512600969527,24.877655029296875,2201700,0.0,0.0
2002-11-08 00:00:00-05:00,24.680602110624157,24.690454872203592,23.37021488811335,23.596824645996094,3553400,0.0,0.0
2002-11-11 00:00:00-05:00,23.596825380917068,23.596825380917068,22.18791237795357,22.414520263671875,3258700,0.0,0.0
2002-11-12 00:00:00-05:00,22.463783147483134,23.547562571094655,22.414521215182624,23.31110191345215,2087100,0.0,0.0
2002-11-13 00:00:00-05:00,23.3111002535179,23.498298965529873,22.375108572680155,22.7495059967041,2365900,0.0,0.0
2002-11-14 00:00:00-05:00,23.35051191698556,23.64608725599665,22.75935935974121,22.75935935974121,2680100,0.0,0.0
2002-11-15 00:00:00-05:00,22.857884313699866,23.64608644345968,22.838178790650346,23.626380920410156,1557300,0.0,0.0
2002-11-18 00:00:00-05:00,23.626382181193957,23.87269559479078,23.054935136818216,23.30124855041504,2028400,0.0,0.0
2002-11-19 00:00:00-05:00,22.660834086711336,22.936705786895644,21.97115577586167,22.798768997192383,4225600,0.0,0.0
2002-11-20 00:00:00-05:00,22.73965429018027,23.577120273067464,22.58201385566294,23.45888900756836,2197900,0.0,0.0
2002-11-21 00:00:00-05:00,23.64608549684449,23.941660813866232,23.15345871566023,23.202720642089844,1758600,0.0,0.0
2002-11-22 00:00:00-05:00,23.20272236825784,23.20272236825784,22.6903919059201,22.75935935974121,1857200,0.0,0.0
2002-11-25 00:00:00-05:00,22.759358832041414,22.85788456916808,21.981007575885112,22.562307357788086,1678200,0.0,0.0
2002-11-26 00:00:00-05:00,22.31599418704287,23.34065885707846,22.30614142530536,22.503192901611328,994900,0.0,0.0
2002-11-27 00:00:00-05:00,22.522899140644626,23.320954074516116,22.522899140644626,23.30124855041504,673800,0.0,0.0
2002-11-29 00:00:00-05:00,23.301248492462037,23.843139128560626,23.173166344568017,23.646087646484375,441400,0.0,0.0
2002-12-02 00:00:00-05:00,24.385027293251103,24.385027293251103,23.202722187950066,23.793874740600586,1948400,0.0,0.0
2002-12-03 00:00:00-05:00,23.734757078631084,23.7741662416238,23.251983086833285,23.399770736694336,1328500,0.0,0.0
2002-12-04 00:00:00-05:00,23.350511145237927,23.83328518525191,23.153459672928417,23.784021377563477,980500,0.0,0.0
2002-12-05 00:00:00-05:00,23.94166086244636,24.22738529813957,23.74461127710604,23.86284065246582,1204200,0.0,0.0
2002-12-06 00:00:00-05:00,23.843140369764697,24.059895507954447,23.596826943958128,23.981075286865234,760300,0.0,0.0
2002-12-09 00:00:00-05:00,23.665793275069444,23.99092690647585,23.527856485317912,23.61652946472168,696500,0.0,0.0
2002-12-10 00:00:00-05:00,23.655939572135438,23.941662143899624,23.399773406182156,23.695348739624023,1068300,0.0,0.0
2002-12-11 00:00:00-05:00,23.44903533534842,23.744612548012427,23.36036235947143,23.695348739624023,838800,0.0,0.0
2002-12-12 00:00:00-05:00,23.54756233085703,23.596826141877195,23.054935495988797,23.370216369628906,1368700,0.0,0.0
2002-12-13 00:00:00-05:00,23.153460170911707,23.153460170911707,22.591865905739603,22.66083335876465,1364000,0.0,0.0
2002-12-16 00:00:00-05:00,22.463782941563753,22.995820825799044,22.463782941563753,22.71009635925293,1977000,0.0,0.0
2002-12-17 00:00:00-05:00,22.680540819573316,23.271693420488848,22.680540819573316,22.976116180419922,1113300,0.0,0.0
2002-12-18 00:00:00-05:00,22.857884835312333,23.00567250311202,22.65098059701505,22.66083335876465,788000,0.0,0.0
2002-12-19 00:00:00-05:00,22.660832692712678,23.045080993542385,22.217467823122938,22.3356990814209,988600,0.0,0.0
2002-12-20 00:00:00-05:00,22.315994783079436,22.65098117421342,22.06968137072928,22.513046264648438,1036900,0.0,0.0
2002-12-23 00:00:00-05:00,22.710097490517,23.35051391178788,22.710097490517,23.232282638549805,864800,0.0,0.0
2002-12-24 00:00:00-05:00,23.242132289284392,23.42933099717068,23.07463910416973,23.212574005126953,316400,0.0,0.0
2002-12-26 00:00:00-05:00,23.22242509789239,23.449032955817206,22.769209382042757,22.808618545532227,571400,0.0,0.0
2002-12-27 00:00:00-05:00,22.808620893869254,22.936704916646732,22.37510877551971,22.532751083374023,459600,0.0,0.0
2002-12-30 00:00:00-05:00,22.444078867641412,22.739654211533583,21.823368014556763,22.1682071685791,1246200,0.0,0.0
2002-12-31 00:00:00-05:00,22.394813536943325,22.897293090820316,22.138647379326304,22.897293090820312,1457600,0.0,0.0
2003-01-02 00:00:00-05:00,23.251987846654835,23.71505641213823,23.202724033801935,23.6362361907959,1362000,0.0,0.0
2003-01-03 00:00:00-05:00,23.47859299158664,23.715053627851763,23.4391838251535,23.527854919433594,749500,0.0,0.0
2003-01-06 00:00:00-05:00,23.49830153777766,23.941664583110924,23.449037724370186,23.89240264892578,1666100,0.0,0.0
2003-01-07 00:00:00-05:00,23.94166303670082,24.187976450161617,23.892401105697544,23.961368560791016,1096600,0.0,0.0
2003-01-08 00:00:00-05:00,23.961369365277644,24.94662305220006,23.961369365277644,24.572227478027344,1473100,0.0,0.0
2003-01-09 00:00:00-05:00,24.818541435333106,26.36538945650616,24.818541435333106,26.217601776123047,2843400,0.0,0.0
2003-01-10 00:00:00-05:00,25.8136477005353,26.779195875852842,25.724974717167125,26.591997146606445,1650400,0.0,0.0
2003-01-13 00:00:00-05:00,26.64125610351047,27.035357135972056,26.513172093446734,26.70037078857422,1113400,0.0,0.0
2003-01-14 00:00:00-05:00,26.60184823709427,26.62155376087581,26.355534827491542,26.532880783081055,867000,0.0,0.0
2003-01-15 00:00:00-05:00,26.542735788482723,26.67081794544446,26.168338321876412,26.286569595336914,775800,0.0,0.0
2003-01-16 00:00:00-05:00,26.247156012403618,26.57228963402674,25.912169629007415,26.11907386779785,881600,0.0,0.0
2003-01-17 00:00:00-05:00,26.109220724605617,26.739782435094067,25.91216925046691,26.55258560180664,796400,0.0,0.0
2003-01-21 00:00:00-05:00,26.59199416978951,26.828454805893497,25.95157971210512,26.040252685546875,1619700,0.0,0.0
2003-01-22 00:00:00-05:00,26.02055013487855,26.20774886455156,25.862909692803058,26.08951759338379,566300,0.0,0.0
2003-01-23 00:00:00-05:00,26.286567476538135,26.89742368238341,26.286567476538135,26.50332260131836,1353400,0.0,0.0
2003-01-24 00:00:00-05:00,26.51317542531045,26.51317542531045,24.946621980090452,25.498363494873047,3091900,0.0,0.0
2003-01-27 00:00:00-05:00,25.370284038483497,25.370284038483497,24.31606282765705,24.50326156616211,1714200,0.0,0.0
2003-01-28 00:00:00-05:00,24.582079136406325,25.301313844545053,24.394880418116042,25.183082580566406,2202800,0.0,0.0
2003-01-29 00:00:00-05:00,25.183082398122803,26.168336033658992,25.02544196677479,26.059959411621094,1425300,0.0,0.0
2003-01-30 00:00:00-05:00,26.069810213516867,26.069810213516867,25.616594444600572,25.74467658996582,1023800,0.0,0.0
2003-01-31 00:00:00-05:00,25.754528307066533,26.355533599853516,25.57718235973778,26.355533599853516,706100,0.0,0.0
2003-02-03 00:00:00-05:00,26.365387218816664,26.601847863205162,25.724972738695044,25.80379295349121,998800,0.0,0.0
2003-02-04 00:00:00-05:00,25.803791210932093,25.8629058982316,25.202785939184043,25.587034225463867,873400,0.0,0.0
2003-02-05 00:00:00-05:00,25.587034721776337,25.616593005610444,25.074704289872894,25.123966217041016,772600,0.0,0.0
2003-02-06 00:00:00-05:00,25.025443029306917,25.025443029306917,24.434290447041565,24.6313419342041,2128400,0.0,0.0
2003-02-07 00:00:00-05:00,24.867801984499064,25.094409873751236,24.54266835406962,24.621488571166992,1148100,0.0,0.0
2003-02-10 00:00:00-05:00,24.710162153224665,24.86780259126579,24.148567857800373,24.6313419342041,558500,0.0,0.0
2003-02-11 00:00:00-05:00,24.749573202346074,25.11411601060783,24.38502851486206,24.6313419342041,879700,0.0,0.0
2003-02-12 00:00:00-05:00,24.631340098873082,24.670751145057892,24.404732220976754,24.444141387939453,770100,0.0,0.0
2003-02-13 00:00:00-05:00,24.493407571454437,24.52296397973781,23.912107738398994,24.16827392578125,836800,0.0,0.0
2003-02-14 00:00:00-05:00,24.178125520556932,24.178125520556932,21.882482707490755,23.646087646484375,2955600,0.0,0.0
2003-02-18 00:00:00-05:00,23.655941169124944,24.84809722427352,23.63623564443928,24.09930419921875,1463100,0.0,0.0
2003-02-19 00:00:00-05:00,25.12396832775741,26.848162232603507,24.8776549127794,26.385093688964844,4449600,0.0,0.0
2003-02-20 00:00:00-05:00,26.40479901343874,26.729932666721048,26.217602159188743,26.601850509643555,2108400,0.0,0.0
2003-02-21 00:00:00-05:00,26.700375539945554,27.774302219023934,26.601849794491866,27.596956253051758,1862800,0.0,0.0
2003-02-24 00:00:00-05:00,27.646217929271298,28.050171790577703,27.34078981250305,27.498430252075195,1394300,0.0,0.0
2003-02-25 00:00:00-05:00,27.508282392197327,27.508282392197327,26.552587014006814,27.330936431884766,1722300,0.0,0.0
2003-02-26 00:00:00-05:00,27.29152762442101,27.626514025182217,27.14373806938581,27.399904251098633,833500,0.0,0.0
2003-02-27 00:00:00-05:00,27.587103807931655,27.68562955451873,27.045215020536208,27.193002700805664,803000,0.0,0.0
2003-02-28 00:00:00-05:00,27.29152525552064,27.636362509411597,27.094473785392584,27.360492706298828,737900,0.0,0.0
2003-03-03 00:00:00-05:00,27.439313403343363,27.57724830733698,26.848160861735945,26.897422790527344,1417000,0.0,0.0
2003-03-04 00:00:00-05:00,26.897425111095252,27.09447660170566,26.14863395690918,26.14863395690918,1448000,0.0,0.0
2003-03-05 00:00:00-05:00,25.81364648940876,26.65111059202572,25.665856937914274,26.257009506225586,813900,0.0,0.0
2003-03-06 00:00:00-05:00,26.05995801050579,26.956538620301234,26.05995801050579,26.75948715209961,1082200,0.0,0.0
2003-03-07 00:00:00-05:00,26.601846892119138,27.0747681636324,26.375239017755128,26.887571334838867,594900,0.0,0.0
2003-03-10 00:00:00-05:00,26.651112176261726,26.897425604431326,26.188043607822916,26.345684051513672,1015100,0.0,0.0
2003-03-11 00:00:00-05:00,26.394944879646673,26.690520208334313,26.109220433256127,26.296419143676758,605700,0.0,0.0
2003-03-12 00:00:00-05:00,26.227452863214932,26.473766274525577,26.04025414443663,26.316123962402344,479400,0.0,0.0
2003-03-13 00:00:00-05:00,26.532882968330295,26.99595154000178,26.30627506384568,26.94668960571289,680100,0.0,0.0
2003-03-14 00:00:00-05:00,27.005801999100594,27.26196816984089,26.46391325125677,26.72007942199707,1214300,0.0,0.0
2003-03-17 00:00:00-05:00,26.6511116417346,27.82356406248889,26.6511116417346,27.784154891967773,844700,0.0,0.0
2003-03-18 00:00:00-05:00,27.84326919604895,28.000909634362507,27.54769196479434,27.715185165405273,576000,0.0,0.0
2003-03-19 00:00:00-05:00,27.813708600529534,28.03046559463584,26.976242666987226,26.986095428466797,1745700,0.0,0.0
2003-03-20 00:00:00-05:00,26.99594579919182,27.380195945977484,26.670812216048216,27.291522979736328,1030900,0.0,0.0
2003-03-21 00:00:00-05:00,27.53784105282747,28.395010700355336,27.45902083375339,28.37530517578125,1263200,0.0,0.0
2003-03-24 00:00:00-05:00,27.78415178121036,28.010759654196708,27.350639678681034,27.764446258544922,1458600,0.0,0.0
2003-03-25 00:00:00-05:00,27.695480141024994,28.71029017723651,27.606807163986023,28.572355270385742,1067100,0.0,0.0
2003-03-26 00:00:00-05:00,28.670879364013672,28.907339996141413,28.17825257727537,28.670879364013672,1064700,0.0,0.0
2003-03-27 00:00:00-05:00,28.375305345309314,29.015721743237435,28.079729991821154,28.661029815673828,825900,0.0,0.0
2003-03-28 00:00:00-05:00,28.670881647206745,29.55760955810547,28.572355906168617,29.55760955810547,866900,0.0,0.0
2003-03-31 00:00:00-05:00,29.4098219445033,29.597020664924887,29.143803006939287,29.212770462036133,1074800,0.0,0.0
2003-04-01 00:00:00-05:00,29.40982202708787,29.54775693766889,28.670881784594314,29.025571823120117,1000200,0.0,0.0
2003-04-02 00:00:00-05:00,29.212770937710292,29.360558612356,28.907342826212858,29.094541549682617,683100,0.0,0.0
2003-04-03 00:00:00-05:00,29.064983303191685,29.557610138839003,28.720144142394116,29.409822463989258,559700,0.0,0.0
2003-04-04 00:00:00-05:00,29.064982826007387,29.07483558806524,28.326042584668215,28.710290908813477,1524800,0.0,0.0
2003-04-07 00:00:00-04:00,29.064980417559905,29.65613293749028,28.582206392063014,28.670879364013672,1100000,0.0,0.0
2003-04-08 00:00:00-04:00,28.769405976601128,28.769405976601128,28.148695153973225,28.276779174804688,1414000,0.0,0.0
2003-04-09 00:00:00-04:00,28.276779380965802,28.444272569966643,27.981202170199666,28.217662811279297,1483700,0.0,0.0
2003-04-10 00:00:00-04:00,28.217664250422228,28.326042754486156,27.98120359728275,28.178255081176758,1168900,0.0,0.0
2003-04-11 00:00:00-04:00,28.079730147907373,28.29648528305541,28.06002462310602,28.128992080688477,837700,0.0,0.0
2003-04-14 00:00:00-04:00,28.138842656297594,28.64132222434853,28.040316919169975,28.532943725585938,1012800,0.0,0.0
2003-04-15 00:00:00-04:00,28.542797833260565,28.542797833260565,26.759489236118558,27.04521369934082,4450100,0.0,0.0
2003-04-16 00:00:00-04:00,27.29152659113217,27.330935759553157,25.557479958498423,26.18804168701172,4520600,0.0,0.0
2003-04-17 00:00:00-04:00,26.385093578969332,26.798900189576187,26.247156789285572,26.572290420532227,1480100,0.0,0.0
2003-04-21 00:00:00-04:00,26.798899767063013,27.094475107455473,26.670815741463347,26.848161697387695,982600,0.0,0.0
2003-04-22 00:00:00-04:00,26.848160739267158,26.858013500824917,26.01069479907862,26.266860961914062,2727700,0.0,0.0
2003-04-23 00:00:00-04:00,26.45406091910172,27.2619686126709,26.306273247218467,27.2619686126709,1408400,0.0,0.0
2003-04-24 00:00:00-04:00,27.045215353513,27.242264969890886,26.739785347410425,26.94668960571289,1430900,0.0,0.0
2003-04-25 00:00:00-04:00,26.97624242892828,27.291525155825873,26.72992903177903,26.887571334838867,438000,0.0,0.0
2003-04-28 00:00:00-04:00,26.87771857344625,27.183146659729136,26.690519865430634,26.887571334838867,1128100,0.0,0.0
2003-04-29 00:00:00-04:00,26.887572092802195,28.917194016345082,26.552585712898146,28.345746994018555,3422600,0.0,0.0
2003-04-30 00:00:00-04:00,28.473830301573816,29.30144352350437,28.385157322136813,29.025571823120117,1397800,0.0,0.0
2003-05-01 00:00:00-04:00,29.360555007104132,29.508344542824656,28.828519067865074,29.19306182861328,1698100,0.0,0.0
2003-05-02 00:00:00-04:00,29.202918828863737,29.695545674852518,28.670882812391444,29.577316284179688,2175800,0.0,0.0
2003-05-05 00:00:00-04:00,30.050234073153582,30.296547467195825,29.636427495993733,29.991119384765625,955100,0.0,0.0
2003-05-06 00:00:00-04:00,30.188171178314473,30.503452045050572,30.178318416326196,30.24728775024414,1343300,0.0,0.0
2003-05-07 00:00:00-04:00,30.09949765145674,30.33596017642445,29.823627837698016,29.892595291137695,989700,0.0,0.0
2003-05-08 00:00:00-04:00,29.902448712127807,30.06994190812596,29.45908381706734,29.55760955810547,853400,0.0,0.0
2003-05-09 00:00:00-04:00,29.606871748520067,29.853185163663237,29.50834788584058,29.65613555908203,840100,0.0,0.0
2003-05-12 00:00:00-04:00,29.754659552806917,30.138907856503394,29.606870009026323,29.941856384277344,763400,0.0,0.0
2003-05-13 00:00:00-04:00,29.557608209992296,30.06994053664547,29.528049925262337,29.91230010986328,684800,0.0,0.0
2003-05-14 00:00:00-04:00,29.951710269647837,30.148761749267578,29.853184529837964,30.148761749267578,725900,0.0,0.0
2003-05-15 00:00:00-04:00,30.276842880288694,30.542861805088254,30.06008776335319,30.414779663085938,886200,0.0,0.0
2003-05-16 00:00:00-04:00,30.247286822076504,31.00593067967219,30.178317490274953,30.98622703552246,1772100,0.0,0.0
2003-05-19 00:00:00-04:00,30.80888112992148,31.26209689282283,30.444336463882543,30.641387939453125,923200,0.0,0.0
2003-05-20 00:00:00-04:00,30.582275634092962,30.936965686877212,30.36551861821239,30.83843994140625,749500,0.0,0.0
2003-05-21 00:00:00-04:00,30.651242523007557,31.07490190521035,30.651242523007557,30.828588485717773,526300,0.0,0.0
2003-05-22 00:00:00-04:00,30.986226270722515,31.232539669125007,30.651239898557357,30.848289489746094,532500,0.0,0.0
2003-05-23 00:00:00-04:00,30.848291419745568,31.153721405913558,30.562568836918153,31.005931854248047,797800,0.0,0.0
2003-05-27 00:00:00-04:00,30.986226200781644,31.173423030105095,30.80888025365661,31.03548812866211,608800,0.0,0.0
2003-05-28 00:00:00-04:00,31.922223768904267,32.07000957988144,31.72517226248982,31.82369613647461,1178900,0.0,0.0
2003-05-29 00:00:00-04:00,31.99118993647205,31.99118993647205,31.478857543926182,31.6759090423584,1262800,0.0,0.0
2003-05-30 00:00:00-04:00,31.922222475787486,32.02074634578123,31.331067980490843,31.6759090423584,2594300,0.0,0.0
2003-06-02 00:00:00-04:00,31.971479420518662,32.148825365582155,31.567525603083848,31.626638412475586,1233500,0.0,0.0
2003-06-03 00:00:00-04:00,31.62663976619895,31.715312742526187,30.838437620203656,31.114309310913086,624800,0.0,0.0
2003-06-04 00:00:00-04:00,31.03548932765807,31.03548932765807,30.168466960600295,30.39507484436035,1788800,0.0,0.0
2003-06-05 00:00:00-04:00,30.385220008594192,30.483745740658627,30.000971720687136,30.26698875427246,1324500,0.0,0.0
2003-06-06 00:00:00-04:00,30.266989928477198,30.266989928477198,27.124032296167474,27.961496353149414,9776200,0.0,0.0
2003-06-09 00:00:00-04:00,28.07972876507303,28.798963471901924,28.07972876507303,28.32604217529297,2776500,0.0,0.0
2003-06-10 00:00:00-04:00,28.769404864837764,28.848225074910385,28.2275142762692,28.72999382019043,2046400,0.0,0.0
2003-06-11 00:00:00-04:00,28.867930060035402,29.055128772368708,28.779257084678683,28.877782821655273,1912400,0.0,0.0
2003-06-12 00:00:00-04:00,28.91719582623504,29.390117140679536,28.35560153042942,28.37530517578125,1901100,0.0,0.0
2003-06-13 00:00:00-04:00,28.37530195398302,28.523091492286028,27.734887511817472,27.882675170898438,2021800,0.0,0.0
2003-06-16 00:00:00-04:00,27.981203226431575,29.03542432908121,27.981203226431575,28.769407272338867,2053800,0.0,0.0
2003-06-17 00:00:00-04:00,28.917195313652527,29.73495577675896,28.818669571750814,29.65613555908203,3186200,0.0,0.0
2003-06-18 00:00:00-04:00,29.55760981718032,30.148762389368372,29.370411095489292,29.65613555908203,1396700,0.0,0.0
2003-06-19 00:00:00-04:00,29.656134299404737,30.05023537104948,29.32114791870117,29.321147918701172,1340300,0.0,0.0
2003-06-20 00:00:00-04:00,29.55760692001389,30.335958137600834,29.34085181245372,29.922151565551758,1344800,0.0,0.0
2003-06-23 00:00:00-04:00,29.57731514083373,29.656135357976154,29.07483555184244,29.212770462036133,856900,0.0,0.0
2003-06-24 00:00:00-04:00,29.22262280514128,29.656134932820823,29.114244303415852,29.4886417388916,785600,0.0,0.0
2003-06-25 00:00:00-04:00,29.29159239257902,29.853186707471817,29.212772170826035,29.429529190063477,740300,0.0,0.0
2003-06-26 00:00:00-04:00,29.606868082158357,29.83347782423678,29.291587250493404,29.78421401977539,786700,0.0,0.0
2003-06-27 00:00:00-04:00,30.0994987487793,30.464043432107562,29.636430202215177,30.099498748779297,1045800,0.0,0.0
2003-06-30 00:00:00-04:00,30.00097579591378,30.12905794954035,29.55761088100972,29.705398559570312,1100400,0.0,0.0
2003-07-01 00:00:00-04:00,29.656134642387883,29.705396572204904,29.064982088472817,29.23247528076172,1161900,0.0,0.0
2003-07-02 00:00:00-04:00,29.24232911160505,30.0994987487793,29.183214417819087,30.099498748779297,938900,0.0,0.0
2003-07-03 00:00:00-04:00,30.09949933160074,30.247288887760664,29.86303867265604,29.951711654663086,523600,0.0,0.0
2003-07-07 00:00:00-04:00,30.739916075157584,31.409887010071074,30.444338838744702,30.83843994140625,1408300,0.0,0.0
2003-07-08 00:00:00-04:00,30.838437144540485,31.82369075144877,30.759616931156707,31.735017776489258,1103800,0.0,0.0
2003-07-09 00:00:00-04:00,31.744875148415307,31.833548131003685,31.035491287708286,31.528118133544922,909600,0.0,0.0
2003-07-10 00:00:00-04:00,31.331068768392093,31.469005572452367,30.789179952909844,31.153724670410156,504600,0.0,0.0
2003-07-11 00:00:00-04:00,31.13401457044464,31.21283478437601,30.7399135007878,31.015783309936523,554400,0.0,0.0
2003-07-14 00:00:00-04:00,31.971482268066087,31.991187792433124,31.065048818627027,31.074901580810547,1047500,0.0,0.0
2003-07-15 00:00:00-04:00,31.528117451789562,31.547822976210266,30.789177199013242,30.88770294189453,1083900,0.0,0.0
2003-07-16 00:00:00-04:00,31.01578515758592,31.134016425137226,30.513305559131805,30.542863845825195,699200,0.0,0.0
2003-07-17 00:00:00-04:00,30.296547093014237,30.345809019525444,29.8433313556006,29.922151565551758,809500,0.0,0.0
2003-07-18 00:00:00-04:00,29.922154045847698,30.247287673749824,29.754660850914956,29.932004928588867,660300,0.0,0.0
2003-07-21 00:00:00-04:00,30.198024056019978,30.44433746900419,29.55760955810547,29.55760955810547,941400,0.0,0.0
2003-07-22 00:00:00-04:00,28.079727734203914,30.454188771214614,28.079727734203914,30.257137298583984,4630500,0.0,0.0
2003-07-23 00:00:00-04:00,30.39507406033589,31.331063856636234,30.29654832408793,31.262096405029297,1897700,0.0,0.0
2003-07-24 00:00:00-04:00,31.26209684584011,31.528115773693965,30.838437489455554,30.98622703552246,1441900,0.0,0.0
2003-07-25 00:00:00-04:00,30.690650131504178,31.025636515309,30.41478031840997,30.739913940429688,1028200,0.0,0.0
2003-07-28 00:00:00-04:00,30.887701428842202,31.41973740758349,30.542862285260956,31.114309310913086,1178000,0.0,0.0
2003-07-29 00:00:00-04:00,31.183275719260962,32.1783820697615,30.956667844780604,31.72516632080078,861900,0.0,0.0
2003-07-30 00:00:00-04:00,31.725166894135636,32.070004153175844,31.331063947994625,31.735017776489258,882100,0.0,0.0
2003-07-31 00:00:00-04:00,31.774429236286093,32.02074264121854,31.271949664717237,31.3015079498291,1471000,0.0,0.0
2003-08-01 00:00:00-04:00,31.153720593536736,31.281802738521748,30.296549108962008,31.055194854736328,1060600,0.0,0.0
2003-08-04 00:00:00-04:00,31.035488568459442,31.065046853139844,30.6413875021647,30.91725730895996,603800,0.0,0.0
2003-08-05 00:00:00-04:00,30.818733967473264,30.818733967473264,30.188170371628733,30.45418930053711,997100,0.0,0.0
2003-08-06 00:00:00-04:00,30.444336111196915,30.49359991912993,30.0009731151325,30.0699405670166,851600,0.0,0.0
2003-08-07 00:00:00-04:00,30.06994085907313,30.631535120409193,29.754660002128126,30.326107025146484,1370300,0.0,0.0
2003-08-08 00:00:00-04:00,30.503452732579724,31.193131053526518,30.503452732579724,30.88770294189453,585000,0.0,0.0
2003-08-11 00:00:00-04:00,31.074898941367657,31.232539364469794,30.79902726132788,31.094602584838867,382300,0.0,0.0
2003-08-12 00:00:00-04:00,31.094604787660526,31.094604787660526,30.24728792326595,30.690650939941406,628200,0.0,0.0
2003-08-13 00:00:00-04:00,30.976374348938993,31.00593075484632,30.44433649194135,30.799028396606445,738800,0.0,0.0
2003-08-14 00:00:00-04:00,30.966524200128344,31.025638896153136,30.601979502993803,30.621685028076172,687700,0.0,0.0
2003-08-15 00:00:00-04:00,30.690648861413756,31.094602681775054,30.444335464646034,30.907405853271484,274600,0.0,0.0
2003-08-18 00:00:00-04:00,30.838438294823888,30.98622784475042,30.661094217511987,30.93696403503418,621900,0.0,0.0
2003-08-19 00:00:00-04:00,31.0256353672416,31.124161102224626,30.789174730815585,31.03548812866211,398600,0.0,0.0
2003-08-20 00:00:00-04:00,30.936963140980588,31.015783355026546,30.493600141680393,30.670944213867188,495300,0.0,0.0
2003-08-21 00:00:00-04:00,30.789177263936686,30.936964938959132,30.49360191389179,30.542863845825195,608900,0.0,0.0
2003-08-22 00:00:00-04:00,30.661091306312866,30.69064771011411,29.82362541287409,30.198020935058594,848700,0.0,0.0
2003-08-25 00:00:00-04:00,30.069941349634437,30.444336903558987,29.863037109375,29.863037109375,3010800,0.0,0.0
2003-08-26 00:00:00-04:00,29.656135559082035,29.715250252534172,29.45908407527861,29.65613555908203,1575400,0.0,0.0
2003-08-27 00:00:00-04:00,29.803920003608187,29.853181929611296,29.11424176423258,29.665985107421875,1409800,0.0,0.0
2003-08-28 00:00:00-04:00,29.665989388924555,29.84333535488618,29.419675964916138,29.705398559570312,751900,0.0,0.0
2003-08-29 00:00:00-04:00,29.705396913211004,30.04038330163431,29.606871173223762,29.803922653198242,498900,0.0,0.0
2003-09-02 00:00:00-04:00,29.8137763144672,30.39507613078273,29.656135877421182,30.227582931518555,994900,0.0,0.0
2003-09-03 00:00:00-04:00,30.22757921808185,30.48374536661736,30.050233278386344,30.198020935058594,1033400,0.0,0.0
2003-09-04 00:00:00-04:00,30.24728406452944,30.769467231723326,30.05023260721954,30.720205307006836,849100,0.0,0.0
2003-09-05 00:00:00-04:00,30.720205614468984,30.720205614468984,29.754657598275156,30.129053115844727,618200,0.0,0.0
2003-09-08 00:00:00-04:00,30.148763312052562,30.38522397232007,29.9517118222185,30.237436294555664,983100,0.0,0.0
2003-09-09 00:00:00-04:00,30.2374341240752,30.2374341240752,29.941856910541002,30.13890838623047,757400,0.0,0.0
2003-09-10 00:00:00-04:00,30.148763506863414,30.316256710537967,30.020679473876953,30.020679473876953,507400,0.0,0.0
2003-09-11 00:00:00-04:00,29.951710452515584,30.207876625896382,29.892595759957615,29.932004928588867,690800,0.0,0.0
2003-09-12 00:00:00-04:00,29.685689193719153,30.198021500381298,29.55760705666464,30.050233840942383,1001500,0.0,0.0
2003-09-15 00:00:00-04:00,29.951710822489332,30.198024236949312,29.734955694284544,29.843334197998047,970000,0.0,0.0
2003-09-16 00:00:00-04:00,29.95171161856945,29.95171161856945,29.557610520803195,29.636430740356445,1152900,0.0,0.0
2003-09-17 00:00:00-04:00,29.6955442306382,29.754660802321816,29.459083581570294,29.616724014282227,1592200,0.0,0.0
2003-09-18 00:00:00-04:00,29.656134618806515,29.951709955917938,29.557608880028653,29.734954833984375,1325200,0.0,0.0
2003-09-19 00:00:00-04:00,29.754660361062633,30.641388251722717,29.63642909867095,30.39507484436035,1833100,0.0,0.0
2003-09-22 00:00:00-04:00,30.395075622061018,30.395075622061018,29.360558157136204,29.370410919189453,1687600,0.0,0.0
2003-09-23 00:00:00-04:00,29.281738459371322,29.34085503273952,28.05017136920093,28.74970245361328,4476200,0.0,0.0
2003-09-24 00:00:00-04:00,28.749701328872767,28.838374306233767,28.414714943113918,28.542797088623047,1668700,0.0,0.0
2003-09-25 00:00:00-04:00,28.572355585512906,28.631470277783478,28.25707472110693,28.32604217529297,1218700,0.0,0.0
2003-09-26 00:00:00-04:00,28.276780299592172,28.473829900615677,27.78415347820013,27.981203079223633,1644900,0.0,0.0
2003-09-29 00:00:00-04:00,27.98119985179063,28.375300887603068,27.98119985179063,28.335891723632812,1563300,0.0,0.0
2003-09-30 00:00:00-04:00,28.335893864838066,28.375303031786284,28.178253438600972,28.276779174804688,829400,0.0,0.0
2003-10-01 00:00:00-04:00,28.326041913337665,28.365452960635036,28.010761051847368,28.227516174316406,1120900,0.0,0.0
2003-10-02 00:00:00-04:00,28.247222536772995,28.47383042779555,28.128991270592145,28.178255081176758,1571400,0.0,0.0
2003-10-03 00:00:00-04:00,28.37530577632279,29.04527859224308,28.2767819098117,28.38515853881836,1153200,0.0,0.0
2003-10-06 00:00:00-04:00,28.385155119714156,28.424566164949212,27.93193937484341,27.951644897460938,824300,0.0,0.0
2003-10-07 00:00:00-04:00,27.931939409281977,28.286629420724463,27.794002630011278,28.109285354614258,1051100,0.0,0.0
2003-10-08 00:00:00-04:00,28.237367224192514,28.326040196013448,27.941791904270758,28.010759353637695,821200,0.0,0.0
2003-10-09 00:00:00-04:00,28.25707529888992,28.572356169742555,27.99105635939967,28.178255081176758,1417700,0.0,0.0
2003-10-10 00:00:00-04:00,28.178250937628025,28.562499207574053,28.16839817695993,28.266923904418945,569700,0.0,0.0
2003-10-13 00:00:00-04:00,28.326040569104645,28.621615892919515,28.030465245289776,28.079727172851562,662500,0.0,0.0
2003-10-14 00:00:00-04:00,28.27678139481063,28.867932099999827,28.20781205859778,28.848228454589844,1146800,0.0,0.0
2003-10-15 00:00:00-04:00,28.887635286865986,29.14380144868781,28.247220821922483,28.62161636352539,856700,0.0,0.0
2003-10-16 00:00:00-04:00,28.621616973168173,29.429526521917282,28.621616973168173,29.291589736938477,964000,0.0,0.0
2003-10-17 00:00:00-04:00,29.262034272264028,29.311296203269716,28.91719511755759,29.212770462036133,798600,0.0,0.0
2003-10-20 00:00:00-04:00,29.26203416781965,29.291590574628685,28.81866927346212,29.242328643798828,714000,0.0,0.0
2003-10-21 00:00:00-04:00,29.242330615166576,30.12905858443808,29.242330615166576,30.030532836914062,1939700,0.0,0.0
2003-10-22 00:00:00-04:00,29.656132789364598,30.276841710696857,29.55760705666464,30.050233840942383,1782000,0.0,0.0
2003-10-23 00:00:00-04:00,30.050233164822856,32.71041849175827,29.75465785259537,32.4246940612793,4226600,0.0,0.0
2003-10-24 00:00:00-04:00,32.42469481607566,33.69567282252866,32.08970845216814,33.567588806152344,2151100,0.0,0.0
2003-10-27 00:00:00-05:00,33.419804100082324,33.54788813498036,33.00599934518124,33.30157470703125,1310000,0.0,0.0
2003-10-28 00:00:00-05:00,33.40010053115913,34.1390407751366,33.311427551544064,34.08977508544922,871100,0.0,0.0
2003-10-29 00:00:00-05:00,34.04051427645618,34.27697681604023,33.69567698794252,34.139041900634766,660000,0.0,0.0
2003-10-30 00:00:00-05:00,34.28682160767862,35.71543995767437,34.198148640894225,35.419864654541016,2240900,0.0,0.0
2003-10-31 00:00:00-05:00,35.24251929394944,35.27207569721014,34.59225211310638,34.92723846435547,1384500,0.0,0.0
2003-11-03 00:00:00-05:00,34.937091491660034,35.222815935541384,34.828712995122686,35.02576446533203,941200,0.0,0.0
2003-11-04 00:00:00-05:00,35.02576584829427,35.02576584829427,34.001101169503,34.010955810546875,1313600,0.0,0.0
2003-11-05 00:00:00-05:00,34.08977393915141,34.227712603815554,33.54788519681163,34.070072174072266,955500,0.0,0.0
2003-11-06 00:00:00-05:00,34.1685923688399,34.48387319451423,33.991246434592604,34.35578918457031,732800,0.0,0.0
2003-11-07 00:00:00-05:00,34.23756093639618,34.31638302461944,33.991247548364555,34.06021499633789,545000,0.0,0.0
2003-11-10 00:00:00-05:00,34.28682807679112,34.36565017700195,33.74493929239774,34.36565017700195,842500,0.0,0.0
2003-11-11 00:00:00-05:00,34.2868258093425,34.562699383391816,34.14889090154003,34.29668045043945,788300,0.0,0.0
2003-11-12 00:00:00-05:00,34.29668173089184,34.94694900512695,34.276976206406594,34.94694900512695,439000,0.0,0.0
2003-11-13 00:00:00-05:00,34.946943380192245,36.00116434058001,34.7597428069358,35.76470184326172,981100,0.0,0.0
2003-11-14 00:00:00-05:00,35.86323337075997,36.27703808825343,35.02576553637265,35.07502746582031,1046100,0.0,0.0
2003-11-17 00:00:00-05:00,34.976504513264516,35.863234300077146,34.6809291704751,35.498687744140625,766800,0.0,0.0
2003-11-18 00:00:00-05:00,35.61692102089485,35.843528909827,35.28193462889855,35.46913146972656,467600,0.0,0.0
2003-11-19 00:00:00-05:00,35.37060914971707,35.68589003140442,35.12429572599604,35.40016555786133,682800,0.0,0.0
2003-11-20 00:00:00-05:00,35.419870090055426,35.52824859480627,35.15385114887912,35.32134246826172,561000,0.0,0.0
2003-11-21 00:00:00-05:00,35.32134139795532,35.56765480730911,35.16370096630667,35.27207946777344,398100,0.0,0.0
2003-11-24 00:00:00-05:00,35.46913202173005,35.53809947776341,35.28193517798871,35.32134246826172,728900,0.0,0.0
2003-11-25 00:00:00-05:00,35.370609283447266,35.70559569131217,35.36075464173221,35.370609283447266,895900,0.0,0.0
2003-11-26 00:00:00-05:00,35.61692102089485,35.863234433879065,35.4198695388186,35.46913146972656,538300,0.0,0.0
2003-11-28 00:00:00-05:00,35.66618247723956,35.8041173853243,35.51839292803771,35.58736038208008,228800,0.0,0.0
2003-12-01 00:00:00-05:00,35.72529307492241,35.8533770923922,35.469128798426965,35.83367156982422,691100,0.0,0.0
2003-12-02 00:00:00-05:00,35.8435271388301,36.38541586893224,35.69573759496396,36.25733184814453,618500,0.0,0.0
2003-12-03 00:00:00-05:00,36.355861789777244,36.54305863333388,35.46913198673118,35.66618347167969,429700,0.0,0.0
2003-12-04 00:00:00-05:00,35.66618274236201,35.7548557208534,35.09473382354101,35.52824783325195,468500,0.0,0.0
2003-12-05 00:00:00-05:00,35.528246162925896,36.050429368133884,35.37060573729079,35.62677001953125,453700,0.0,0.0
2003-12-08 00:00:00-05:00,35.46913164710194,35.794267157920366,35.07502868097858,35.75485610961914,361600,0.0,0.0
2003-12-09 00:00:00-05:00,35.804116037022624,35.804116037022624,35.12429240487232,35.28193283081055,331700,0.0,0.0
2003-12-10 00:00:00-05:00,35.41987074442641,35.41987074442641,34.60210838143083,34.82871627807617,387100,0.0,0.0
2003-12-11 00:00:00-05:00,34.68092938485884,35.350902170493356,34.582401764357044,35.12429428100586,481800,0.0,0.0
2003-12-12 00:00:00-05:00,35.114439036124786,35.44942542318371,34.92724219805588,35.27207946777344,250900,0.0,0.0
2003-12-15 00:00:00-05:00,35.51839429863449,35.705594902639845,35.18340789816883,35.232669830322266,412700,0.0,0.0
2003-12-16 00:00:00-05:00,34.77944959229911,34.877977202447646,34.34593938297764,34.74989318847656,504600,0.0,0.0
2003-12-17 00:00:00-05:00,34.690780252670656,34.70063489393878,34.237564473891844,34.46417236328125,533700,0.0,0.0
2003-12-18 00:00:00-05:00,34.48387861439626,35.281935443940874,34.46417308988898,35.262229919433594,750800,0.0,0.0
2003-12-19 00:00:00-05:00,35.27207732116462,35.3213392483485,34.81886157756237,35.173553466796875,343400,0.0,0.0
2003-12-22 00:00:00-05:00,34.92724219805588,35.44942542318371,34.828714579247745,35.27207946777344,330000,0.0,0.0
2003-12-23 00:00:00-05:00,35.37060655939484,35.37060655939484,34.83856870109385,35.07502746582031,293300,0.0,0.0
2003-12-24 00:00:00-05:00,35.272075781993856,35.33119234710131,35.15384641022292,35.24251937866211,185200,0.0,0.0
2003-12-26 00:00:00-05:00,35.17355474462102,35.27207860256806,34.83856836577914,35.163700103759766,163200,0.0,0.0
2003-12-29 00:00:00-05:00,35.05532658126629,35.94205260892848,34.976504485414864,35.843528747558594,559900,0.0,0.0
2003-12-30 00:00:00-05:00,35.86323528510431,37.163769835854,35.85338064362217,36.55290985107422,793200,0.0,0.0
2003-12-31 00:00:00-05:00,36.45439041706771,36.740114919660705,35.961763519539765,36.405128479003906,318600,0.0,0.0
2004-01-02 00:00:00-05:00,36.94700776086547,37.18347026425036,36.67113797228642,36.8780403137207,615600,0.0,0.0
2004-01-05 00:00:00-05:00,36.88790073385211,37.0258394222537,36.355866540940106,36.405128479003906,601700,0.0,0.0
2004-01-06 00:00:00-05:00,36.405123506086696,36.89775033632212,36.35586157475204,36.70069885253906,587900,0.0,0.0
2004-01-07 00:00:00-05:00,36.79922107898769,37.57757233817814,36.72040274404567,37.45934295654297,800800,0.0,0.0
2004-01-08 00:00:00-05:00,37.459341753182294,38.41503893334639,37.341112375345176,37.43963623046875,770500,0.0,0.0
2004-01-09 00:00:00-05:00,37.291848614806895,37.93226498150881,37.17361923086531,37.5972785949707,601000,0.0,0.0
2004-01-12 00:00:00-05:00,37.78447481002621,38.09975566763722,37.78447481002621,38.08990478515625,486000,0.0,0.0
2004-01-13 00:00:00-05:00,38.17857846846586,38.956929744430255,38.08005460805401,38.57268142700195,985200,0.0,0.0
2004-01-14 00:00:00-05:00,38.81899439483215,40.001295740100694,38.77958334773805,39.66630935668945,1386800,0.0,0.0
2004-01-15 00:00:00-05:00,39.666312269307745,40.14908823554898,39.666312269307745,39.902774810791016,1062400,0.0,0.0
2004-01-16 00:00:00-05:00,40.09982667861213,40.139237728969974,39.784545792638674,40.1293830871582,939500,0.0,0.0
2004-01-20 00:00:00-05:00,40.257466219728705,40.88802797754943,40.257466219728705,40.3658447265625,743900,0.0,0.0
2004-01-21 00:00:00-05:00,40.54318787776671,40.59244980697019,39.83380407021497,40.099822998046875,570600,0.0,0.0
2004-01-22 00:00:00-05:00,39.95203558143329,40.592451970545476,39.95203558143329,40.19834899902344,659300,0.0,0.0
2004-01-23 00:00:00-05:00,40.24760831588864,40.513627240615584,39.971738508813694,40.21805191040039,440200,0.0,0.0
2004-01-26 00:00:00-05:00,40.21805452344399,40.35598943594336,39.47911427067354,40.19834899902344,940000,0.0,0.0
2004-01-27 00:00:00-05:00,40.19835076067005,41.183604474208266,40.19835076067005,41.04566955566406,1776800,0.0,0.0
2004-01-28 00:00:00-05:00,41.085078077528074,41.38065342170854,40.59245125107916,40.72053527832031,933600,0.0,0.0
2004-01-29 00:00:00-05:00,40.72053762380349,40.88802895039022,40.001299108329206,40.759944915771484,605200,0.0,0.0
2004-01-30 00:00:00-05:00,40.75993872008853,42.21811353770541,40.592447418961186,42.07032775878906,1192100,0.0,0.0
2004-02-02 00:00:00-05:00,41.971804671275834,41.971804671275834,41.02596205387369,41.54814529418945,858000,0.0,0.0
2004-02-03 00:00:00-05:00,41.52844153645367,41.53829241892634,40.6811228229212,41.07522201538086,600200,0.0,0.0
2004-02-04 00:00:00-05:00,40.88802585686641,41.42991460448542,40.681123495520964,40.89787673950195,495200,0.0,0.0
2004-02-05 00:00:00-05:00,41.094930700770384,41.13434175058207,40.099826122915026,40.27717208862305,398800,0.0,0.0
2004-02-06 00:00:00-05:00,39.429851465895666,40.69097493333462,39.429851465895666,40.434810638427734,560300,0.0,0.0
2004-02-09 00:00:00-05:00,42.36590450284526,42.36590450284526,40.98654796914239,41.02595901489258,932700,0.0,0.0
2004-02-10 00:00:00-05:00,41.23286063290843,42.00136097757046,40.769794008147336,41.892982482910156,646200,0.0,0.0
2004-02-11 00:00:00-05:00,41.8929837850155,43.54821014404296,41.42991338741727,43.54821014404297,1521700,0.0,0.0
2004-02-12 00:00:00-05:00,40.80920370886892,40.927436851007535,39.183537468128634,39.26235580444336,4688800,0.0,0.0
2004-02-13 00:00:00-05:00,39.272215066370194,39.80425299326173,38.22784473859549,38.424896240234375,1596800,0.0,0.0
2004-02-17 00:00:00-05:00,38.523410689256934,39.1342705707696,38.523410689256934,38.89780807495117,1157800,0.0,0.0
2004-02-18 00:00:00-05:00,38.99634160478543,39.0061924876542,38.45444908589237,38.68105697631836,636000,0.0,0.0
2004-02-19 00:00:00-05:00,38.572680944502956,38.80913970991131,37.183473482784876,37.370670318603516,1272700,0.0,0.0
2004-02-20 00:00:00-05:00,37.193326150921315,37.79433149272441,37.193326150921315,37.55786895751953,882200,0.0,0.0
2004-02-23 00:00:00-05:00,37.804179878794095,38.03078775757402,37.43963709627371,37.54801559448242,630100,0.0,0.0
2004-02-24 00:00:00-05:00,37.49875702944328,38.23769730157419,37.193327030589124,37.981529235839844,742300,0.0,0.0
2004-02-25 00:00:00-05:00,37.78447434559413,38.27710114936169,37.68595048821831,38.208133697509766,705800,0.0,0.0
2004-02-26 00:00:00-05:00,38.19828247894058,38.3756284274115,37.932263556234204,38.29680633544922,500000,0.0,0.0
2004-02-27 00:00:00-05:00,38.47415234703979,38.85840064987576,38.47415234703979,38.61208724975586,509800,0.0,0.0
2004-03-01 00:00:00-05:00,38.612088584045765,38.75987813260245,37.833741069187695,38.602237701416016,676200,0.0,0.0
2004-03-02 00:00:00-05:00,38.42489216883254,38.52341602999026,37.981527276734056,38.16872787475586,596500,0.0,0.0
2004-03-03 00:00:00-05:00,37.9519726504641,38.4643050210962,37.922416242419125,38.355926513671875,255700,0.0,0.0
2004-03-04 00:00:00-05:00,38.395334013392414,38.67120381882455,38.26724999296568,38.61208724975586,446300,0.0,0.0
2004-03-05 00:00:00-05:00,38.612086441731165,38.7106140547838,38.12931429232776,38.158870697021484,611900,0.0,0.0
2004-03-08 00:00:00-05:00,38.15887724637334,38.22784470812526,37.784479769402374,37.794334411621094,442800,0.0,0.0
2004-03-09 00:00:00-05:00,37.83374630404077,38.06035422032302,37.39038135546903,37.587432861328125,526300,0.0,0.0
2004-03-10 00:00:00-05:00,37.58742497232224,37.912556694071604,37.41992991204087,37.64653778076172,536900,0.0,0.0
2004-03-11 00:00:00-05:00,37.64654207190488,37.90271013248888,37.390377769765394,37.52831268310547,299300,0.0,0.0
2004-03-12 00:00:00-05:00,37.932264108590445,38.001231560839614,37.48889923095703,37.48889923095703,415300,0.0,0.0
2004-03-15 00:00:00-05:00,36.947012485526116,37.62683616221979,36.84848862227584,37.30170440673828,648600,0.0,0.0
2004-03-16 00:00:00-05:00,37.39037565414247,37.538161442168594,36.85833779698211,37.08494567871094,474700,0.0,0.0
2004-03-17 00:00:00-05:00,37.14406144417988,37.548015269542944,37.114501280459706,37.291847229003906,617000,0.0,0.0
2004-03-18 00:00:00-05:00,37.193325444691034,38.3263686503574,37.15391439649781,38.080055236816406,437900,0.0,0.0
2004-03-19 00:00:00-05:00,38.22783895219875,38.22783895219875,37.5972772491558,37.951969146728516,543400,0.0,0.0
2004-03-22 00:00:00-05:00,37.58742564075251,37.69580037763351,37.193322704741824,37.46919250488281,423300,0.0,0.0
2004-03-23 00:00:00-05:00,37.58743154536831,38.21799333528514,37.55787137753521,37.91256332397461,453100,0.0,0.0
2004-03-24 00:00:00-05:00,37.922415695655005,38.00123403545339,37.73521509155037,37.84359359741211,390000,0.0,0.0
2004-03-25 00:00:00-05:00,37.84358952108925,38.52341313220674,37.6859491000282,38.24754333496094,354000,0.0,0.0
2004-03-26 00:00:00-05:00,38.32636642456055,38.56282518309873,38.10960943053038,38.32636642456055,374600,0.0,0.0
2004-03-29 00:00:00-05:00,38.42489255808089,38.897813861628556,38.326368695925126,38.39533615112305,562100,0.0,0.0
2004-03-30 00:00:00-05:00,38.42488914752709,38.74016998857486,38.40518362515609,38.62194061279297,484300,0.0,0.0
2004-03-31 00:00:00-05:00,38.769727469427856,38.769727469427856,38.47415214254385,38.67120361328125,564900,0.0,0.0
2004-04-01 00:00:00-05:00,38.59238319232884,38.68105617007724,38.34606978285487,38.57268142700195,719100,0.0,0.0
2004-04-02 00:00:00-05:00,38.81899207805885,38.83869384198575,38.42488914752709,38.62194061279297,498900,0.0,0.0
2004-04-05 00:00:00-04:00,38.72046214269832,38.91751359613969,38.46429788413523,38.89780807495117,573100,0.0,0.0
2004-04-06 00:00:00-04:00,38.81899441752218,39.07515870689494,38.700761276170766,39.00619125366211,321800,0.0,0.0
2004-04-07 00:00:00-04:00,38.9667787336832,38.97663337431216,38.61208683992419,38.73031997680664,486000,0.0,0.0
2004-04-08 00:00:00-04:00,38.730319716035716,38.82884357099689,38.552973770350285,38.789432525634766,389000,0.0,0.0
2004-04-12 00:00:00-04:00,38.78943451122195,39.400294470271746,38.78943451122195,39.26235580444336,290900,0.0,0.0
2004-04-13 00:00:00-04:00,39.360885585278886,39.48896961707682,38.99634277310197,39.04560470581055,444300,0.0,0.0
2004-04-14 00:00:00-04:00,38.96678054582584,39.351028862452765,38.67120520676239,38.917518615722656,490800,0.0,0.0
2004-04-15 00:00:00-04:00,39.11456861517054,39.21309247165049,38.50371243641757,38.64164733886719,635300,0.0,0.0
2004-04-16 00:00:00-04:00,38.64164775098637,38.828844583672456,37.912558426548564,38.523414611816406,668300,0.0,0.0
2004-04-19 00:00:00-04:00,38.621941214753875,39.311619474711726,38.45444615121187,39.134273529052734,372900,0.0,0.0
2004-04-20 00:00:00-04:00,39.30176611746547,39.56778504464024,39.124420166015625,39.124420166015625,543200,0.0,0.0
2004-04-21 00:00:00-04:00,39.262356549025064,40.36584334591285,39.17368356996166,40.0604133605957,681100,0.0,0.0
2004-04-22 00:00:00-04:00,40.06041252733901,41.13433913657171,38.346069553919676,40.61215591430664,1883500,0.0,0.0
2004-04-23 00:00:00-04:00,40.59244838767207,40.59244838767207,39.60719480427442,39.79439163208008,760700,0.0,0.0
2004-04-26 00:00:00-04:00,39.70572331929572,40.139237352274286,39.656461386033044,39.902774810791016,489800,0.0,0.0
2004-04-27 00:00:00-04:00,39.90277127431156,40.20820124698203,39.449555514950944,39.498817443847656,669500,0.0,0.0
2004-04-28 00:00:00-04:00,39.50866638103695,39.60719399242363,39.17368001921039,39.3411750793457,591900,0.0,0.0
2004-04-29 00:00:00-04:00,39.38058853149415,39.48896703142334,39.21309346111875,39.38058853149414,465000,0.0,0.0
2004-04-30 00:00:00-04:00,39.36088644679556,39.41014838058236,39.006194510019185,39.15398406982422,408500,0.0,0.0
2004-05-03 00:00:00-04:00,39.11457087176402,39.50867007886438,38.88796298203133,39.37073516845703,652600,0.0,0.0
2004-05-04 00:00:00-04:00,39.41014433761327,39.607195810990184,39.301765839333754,39.52837371826172,554300,0.0,0.0
2004-05-05 00:00:00-04:00,39.51852142873382,39.65645632765286,39.45940486129247,39.56778335571289,394600,0.0,0.0
2004-05-06 00:00:00-04:00,39.57763396044369,39.62689964552171,39.05545077292465,39.31161880493164,351900,0.0,0.0
2004-05-07 00:00:00-04:00,39.31161805515648,39.40029102478397,38.54311773223692,38.82884216308594,455400,0.0,0.0
2004-05-10 00:00:00-04:00,38.621942985481446,38.92736920488514,37.459343403278474,38.0012321472168,611300,0.0,0.0
2004-05-11 00:00:00-04:00,38.3263680425044,38.62194338237691,37.97167613127963,38.227840423583984,452800,0.0,0.0
2004-05-12 00:00:00-04:00,38.188427437340124,38.52341380777487,37.557865742038054,38.07019805908203,574400,0.0,0.0
2004-05-13 00:00:00-04:00,38.08990363991464,38.907665923686146,38.03078707147341,38.73031997680664,576600,0.0,0.0
2004-05-14 00:00:00-04:00,38.789432588279226,39.075157029949885,38.42488981420117,38.44459533691406,355700,0.0,0.0
2004-05-17 00:00:00-04:00,38.454448152859335,38.90766768115913,37.942115811892336,38.602237701416016,379500,0.0,0.0
2004-05-18 00:00:00-04:00,38.81899049303639,39.36087918155858,38.76972480989843,39.035743713378906,438000,0.0,0.0
2004-05-19 00:00:00-04:00,39.31162239723832,39.37073521122314,38.71061706542969,38.71061706542969,390300,0.0,0.0
2004-05-20 00:00:00-04:00,38.74017398915467,39.10471679455312,38.59238443533246,38.90766906738281,316500,0.0,0.0
2004-05-21 00:00:00-04:00,39.419993410010974,39.419993410010974,38.750024444801916,39.3411750793457,371000,0.0,0.0
2004-05-24 00:00:00-04:00,39.37073509222086,39.715576126015904,39.07515974785684,39.40029525756836,550500,0.0,0.0
2004-05-25 00:00:00-04:00,39.311622950765596,40.37569496036391,39.24265549451591,40.19834899902344,682300,0.0,0.0
2004-05-26 00:00:00-04:00,40.198345716608614,40.52348120533187,40.001294246937924,40.3953971862793,431500,0.0,0.0
2004-05-27 00:00:00-04:00,40.47422250525503,40.76979785411045,39.607198224627254,40.227909088134766,760500,0.0,0.0
2004-05-28 00:00:00-04:00,40.24760631900211,40.77964414205891,40.05055861426467,40.75008773803711,455300,0.0,0.0
2004-06-01 00:00:00-04:00,40.74023490503015,41.23286170561549,40.63186016599452,40.937286376953125,470900,0.0,0.0
2004-06-02 00:00:00-04:00,41.08507592050642,41.17374889494955,40.188495293778864,40.937286376953125,408600,0.0,0.0
2004-06-03 00:00:00-04:00,40.88802263473094,41.163892428118594,40.720531334015305,40.75008773803711,325100,0.0,0.0
2004-06-04 00:00:00-04:00,40.789499189656894,41.18359836151102,40.73038262257894,40.9766960144043,240400,0.0,0.0
2004-06-07 00:00:00-04:00,41.22301469784607,41.36094961362331,41.13434171506862,41.25257110595703,347500,0.0,0.0
2004-06-08 00:00:00-04:00,40.937285244698295,41.36094458215954,40.937285244698295,41.23286056518555,321500,0.0,0.0
2004-06-09 00:00:00-04:00,41.331392479052035,41.577705898166236,41.1146354675293,41.1146354675293,374700,0.0,0.0
2004-06-10 00:00:00-04:00,41.085075574351755,41.597407893657255,41.085075574351755,41.37080001831055,451000,0.0,0.0
2004-06-14 00:00:00-04:00,41.32153325958216,41.32153325958216,40.82890647593145,40.9766960144043,352700,0.0,0.0
2004-06-15 00:00:00-04:00,41.035818672244325,41.13434254022029,40.84861806126749,41.04566955566406,610100,0.0,0.0
2004-06-16 00:00:00-04:00,40.986547959998276,41.51858580217448,40.93728603204364,41.37080001831055,463400,0.0,0.0
2004-06-17 00:00:00-04:00,41.31168224764169,41.38064969646026,41.05551421622063,41.35109329223633,277500,0.0,0.0
2004-06-18 00:00:00-04:00,41.35109647707656,41.90283611011986,41.331390953261526,41.84372329711914,539500,0.0,0.0
2004-06-21 00:00:00-04:00,41.92254124091059,42.119592718769134,41.57770397349138,41.61711502075195,540600,0.0,0.0
2004-06-22 00:00:00-04:00,41.6269634236306,41.774752962831776,41.104780233089535,41.262420654296875,478700,0.0,0.0
2004-06-23 00:00:00-04:00,40.19834892233809,40.3954004077232,39.50867060271246,40.227909088134766,1372700,0.0,0.0
2004-06-24 00:00:00-04:00,39.902773134683436,40.1983484802885,39.75498358265868,40.00129699707031,785200,0.0,0.0
2004-06-25 00:00:00-04:00,40.00129699707031,40.326432508146986,39.66631060313272,40.00129699707031,706400,0.0,0.0
2004-06-28 00:00:00-04:00,40.00129357495046,40.00129357495046,39.213091467953014,39.56778335571289,941700,0.0,0.0
2004-06-29 00:00:00-04:00,39.56778348938603,39.56778348938603,39.163829673282386,39.19338607788086,1012600,0.0,0.0
2004-06-30 00:00:00-04:00,39.183541893854844,39.33132770055379,38.81899906053039,39.11457443237305,1434600,0.0,0.0
2004-07-01 00:00:00-04:00,39.114571686056536,39.30176853144296,38.98648765582135,39.16383361816406,790500,0.0,0.0
2004-07-02 00:00:00-04:00,39.213091792282334,39.213091792282334,38.79928709210266,38.818992614746094,577400,0.0,0.0
2004-07-06 00:00:00-04:00,38.848555653302284,38.86826117931065,38.36577966220928,38.424896240234375,727900,0.0,0.0
2004-07-07 00:00:00-04:00,38.52341783718615,38.5923852949208,38.208136956557865,38.355926513671875,921500,0.0,0.0
2004-07-08 00:00:00-04:00,38.523417768404556,38.572683459650975,37.567724245025914,37.725364685058594,785500,0.0,0.0
2004-07-09 00:00:00-04:00,37.79433214267011,37.932267057893135,37.528313195406604,37.725364685058594,747700,0.0,0.0
2004-07-12 00:00:00-04:00,37.83374130451942,38.1687276926798,37.53816220556751,37.88300323486328,404400,0.0,0.0
2004-07-13 00:00:00-04:00,38.05048849616059,38.51355883629933,37.784469604492195,37.78446960449219,913000,0.0,0.0
2004-07-14 00:00:00-04:00,37.814038389743544,38.23769778513181,37.68595435525661,37.86330032348633,492800,0.0,0.0
2004-07-15 00:00:00-04:00,37.78447582346838,38.05049475892103,37.73521389285367,37.82388687133789,581600,0.0,0.0
2004-07-16 00:00:00-04:00,37.9322701860644,38.22784556569541,37.85344808032554,37.902713775634766,360000,0.0,0.0
2004-07-19 00:00:00-04:00,38.03078957819849,38.21799017804591,37.37067143342652,37.73521423339844,473900,0.0,0.0
2004-07-20 00:00:00-04:00,37.685949626721836,37.74506619486247,37.400225185041656,37.43963623046875,782200,0.0,0.0
2004-07-21 00:00:00-04:00,37.48889885221496,37.48889885221496,36.15880799119659,36.25733184814453,1967100,0.0,0.0
2004-07-22 00:00:00-04:00,38.17857798128773,39.86336077856438,37.98152650453416,39.35102844238281,2954200,0.0,0.0
2004-07-23 00:00:00-04:00,39.262353453567826,39.49881596524226,39.06530574535727,39.22294616699219,1071600,0.0,0.0
2004-07-26 00:00:00-04:00,39.36088106611722,39.5579325327719,38.91751620575524,39.22294616699219,734600,0.0,0.0
2004-07-27 00:00:00-04:00,39.4101427154124,39.4101427154124,38.45444555186154,38.62194061279297,1152200,0.0,0.0
2004-07-28 00:00:00-04:00,38.424893151439,38.681057452066355,37.97167736501281,38.562828063964844,859300,0.0,0.0
2004-07-29 00:00:00-04:00,38.58252990198533,38.90766538625471,38.48400604772171,38.533267974853516,717800,0.0,0.0
2004-07-30 00:00:00-04:00,38.385479502888494,38.72046587852583,38.27710100511697,38.5825309753418,595000,0.0,0.0
2004-08-02 00:00:00-04:00,38.73032613550543,39.06531255971852,38.257404788106605,38.76973342895508,635700,0.0,0.0
2004-08-03 00:00:00-04:00,38.76972987941452,39.64660879078192,38.71061706542969,38.71061706542969,723200,0.0,0.0
2004-08-04 00:00:00-04:00,38.81899869517318,39.03575196131388,38.434746581104974,38.88796615600586,767500,0.0,0.0
2004-08-05 00:00:00-04:00,38.98648580819828,39.2426538565285,38.62194301774532,38.661354064941406,496500,0.0,0.0
2004-08-06 00:00:00-04:00,38.1785774230957,38.326366968111195,37.784474475350564,38.1785774230957,666800,0.0,0.0
2004-08-09 00:00:00-04:00,37.981521052962535,38.16872162030906,37.646534718096085,37.78446960449219,349000,0.0,0.0
2004-08-10 00:00:00-04:00,37.67609997831132,39.07515831078856,37.66624533740978,38.77958297729492,827000,0.0,0.0
2004-08-11 00:00:00-04:00,38.53326838119239,39.47911092249608,38.32636602999049,39.41999435424805,582700,0.0,0.0
2004-08-12 00:00:00-04:00,39.173680953582625,39.21309199907733,38.454446286302975,38.7598762512207,586600,0.0,0.0
2004-08-13 00:00:00-04:00,38.424892512396035,38.67120592593704,37.86329823019811,38.080055236816406,491700,0.0,0.0
2004-08-16 00:00:00-04:00,38.12931509024961,38.76972767549483,37.991380187533544,38.61208724975586,580200,0.0,0.0
2004-08-17 00:00:00-04:00,38.858402301624366,39.38058928781715,38.76972932347422,39.173683166503906,1177900,0.0,0.0
2004-08-18 00:00:00-04:00,39.17368102098948,39.17368102098948,38.80913824564658,39.075157165527344,752700,0.0,0.0
2004-08-19 00:00:00-04:00,39.114570796023884,39.626903146862254,39.06530886503728,39.40029525756836,524400,0.0,0.0
2004-08-20 00:00:00-04:00,39.55793804655874,39.70572384831579,39.410148486357045,39.43970489501953,357400,0.0,0.0
2004-08-23 00:00:00-04:00,39.41014501294217,39.607196489695745,39.20324265365086,39.35102844238281,612700,0.0,0.0
2004-08-24 00:00:00-04:00,39.50867182780043,39.902774810791016,39.390442436281084,39.902774810791016,769400,0.0,0.0
2004-08-25 00:00:00-04:00,39.75498477657758,40.099825822176754,39.65646091123184,40.02100372314453,513400,0.0,0.0
2004-08-26 00:00:00-04:00,40.02100222701029,40.59245114829742,39.86336179328357,40.405250549316406,489600,0.0,0.0
2004-08-27 00:00:00-04:00,40.21805143397232,40.86831865612029,40.001294440441605,40.681121826171875,629200,0.0,0.0
2004-08-30 00:00:00-04:00,40.68112412717147,40.69097500995997,40.25746475682258,40.405250549316406,593000,0.0,0.0
2004-08-31 00:00:00-04:00,40.54318579783154,41.1638928391517,40.434807304077324,40.9766960144043,508400,0.0,0.0
2004-09-01 00:00:00-04:00,40.88802384616746,41.7550480547879,40.720532540489366,41.42991256713867,1047600,0.0,0.0
2004-09-02 00:00:00-04:00,41.49888001752896,41.49888001752896,40.88802384616746,41.42991256713867,438800,0.0,0.0
2004-09-03 00:00:00-04:00,41.479178275453854,41.50873844148982,40.98655143722545,41.1146354675293,356800,0.0,0.0
2004-09-07 00:00:00-04:00,41.11463124777894,41.37079928209514,40.88802337646484,40.888023376464844,610900,0.0,0.0
2004-09-08 00:00:00-04:00,40.8880258331368,41.34124160299553,40.641712424503446,41.24271774291992,601600,0.0,0.0
2004-09-09 00:00:00-04:00,41.42991121234008,41.50873330074809,41.00625188325713,41.12448501586914,690200,0.0,0.0
2004-09-10 00:00:00-04:00,41.28212771757317,41.42991350384622,41.08507624409818,41.19345474243164,802000,0.0,0.0
2004-09-13 00:00:00-04:00,41.18359943026104,41.40035642339449,40.88802410408899,41.37080001831055,620100,0.0,0.0
2004-09-14 00:00:00-04:00,41.360947335180015,41.380652858983325,41.114633925305114,41.18360137939453,953200,0.0,0.0
2004-09-15 00:00:00-04:00,41.21316227265534,41.38065359027694,41.21316227265534,41.321537017822266,874300,0.0,0.0
2004-09-16 00:00:00-04:00,41.331391450439696,41.469326360359744,41.282129519531736,41.380653381347656,735100,0.0,0.0
2004-09-17 00:00:00-04:00,41.47917303529703,41.98165445153933,41.351092779618355,41.81415939331055,886900,0.0,0.0
2004-09-20 00:00:00-04:00,41.84372386259761,42.36590709619736,41.8141636972534,42.356056213378906,1079300,0.0,0.0
2004-09-21 00:00:00-04:00,42.34620023825812,42.572808120388885,41.97180280939481,42.36590576171875,948300,0.0,0.0
2004-09-22 00:00:00-04:00,42.11958950678064,43.006319210301015,42.11958950678064,42.7895622253418,1255500,0.0,0.0
2004-09-23 00:00:00-04:00,42.79941697145779,43.38071677215131,42.71074399309964,43.1048469543457,1341100,0.0,0.0
2004-09-24 00:00:00-04:00,43.1146979694217,43.449684359975805,42.96691217733407,43.07529067993164,1209400,0.0,0.0
2004-09-27 00:00:00-04:00,43.104847115250564,43.104847115250564,42.68118774578512,42.73044967651367,561400,0.0,0.0
2004-09-28 00:00:00-04:00,42.95705795288086,43.094996621989694,42.37575814476344,42.95705795288086,471500,0.0,0.0
2004-09-29 00:00:00-04:00,42.93735572268775,43.173814493141826,42.700893193789284,42.760009765625,739000,0.0,0.0
2004-09-30 00:00:00-04:00,42.90779560543238,43.2526366371923,42.48413623624794,43.07529067993164,563700,0.0,0.0
2004-10-01 00:00:00-04:00,43.00632583486962,43.262490145098724,42.85853627536981,43.05558776855469,729000,0.0,0.0
2004-10-04 00:00:00-04:00,43.06543714419459,43.321605203899885,42.7008943375542,42.77971267700195,438400,0.0,0.0
2004-10-05 00:00:00-04:00,42.76000908725467,43.351159762455886,42.60236865663806,42.937355041503906,562900,0.0,0.0
2004-10-06 00:00:00-04:00,42.858530614467185,43.27233531289851,42.858530614467185,43.21322250366211,403900,0.0,0.0
2004-10-07 00:00:00-04:00,43.104845353926734,43.21322385216769,42.70089152494771,42.8585319519043,447700,0.0,0.0
2004-10-08 00:00:00-04:00,42.76001148642706,42.93735745062679,42.20826806908961,42.316646575927734,351300,0.0,0.0
2004-10-11 00:00:00-04:00,42.267384643304375,42.76001148642706,42.07033315436639,42.316646575927734,362900,0.0,0.0
2004-10-12 00:00:00-04:00,41.873276292723034,42.021065830074974,41.35109310871588,41.725486755371094,908300,0.0,0.0
2004-10-13 00:00:00-04:00,41.72548619055364,41.74519171249676,41.20330301361503,41.213157653808594,612000,0.0,0.0
2004-10-14 00:00:00-04:00,41.27227496485894,41.92254222616353,40.99640514444015,41.03581619262695,568300,0.0,0.0
2004-10-15 00:00:00-04:00,40.99640604001689,41.20330840985082,40.57274665886486,40.799354553222656,536400,0.0,0.0
2004-10-18 00:00:00-04:00,40.6909746902274,41.48903149382312,40.24760979934089,41.15404510498047,496600,0.0,0.0
2004-10-19 00:00:00-04:00,41.144186564754115,41.27227057852651,40.198344059459544,40.493919372558594,946500,0.0,0.0
2004-10-20 00:00:00-04:00,40.493919708367955,41.173747068421896,40.29687200363052,40.75008773803711,724400,0.0,0.0
2004-10-21 00:00:00-04:00,40.75009762917411,42.090043393916,40.66142463714134,42.0801887512207,1000300,0.0,0.0
2004-10-22 00:00:00-04:00,41.99150833285543,42.513695308451304,41.764900450724674,42.36590576171875,679000,0.0,0.0
2004-10-25 00:00:00-04:00,42.11959235612736,42.602368284801976,41.91268999745723,42.36590576171875,771500,0.0,0.0
2004-10-26 00:00:00-04:00,44.39552748375815,44.81918682207702,43.88319517326919,43.90290069580078,5369400,0.0,0.0
2004-10-27 00:00:00-04:00,43.93245997276191,44.2871518846327,43.617179108531076,44.13936233520508,1082200,0.0,0.0
2004-10-28 00:00:00-04:00,44.14921403044008,44.405378306118195,43.32160087744629,44.247737884521484,1373900,0.0,0.0
2004-10-29 00:00:00-04:00,44.336412577007124,45.12461471557617,44.336412577007124,45.12461471557617,17204300,0.0,0.0
2004-11-01 00:00:00-05:00,45.12461725189963,45.32166873722865,44.9965332226691,45.13447189331055,2016000,0.0,0.0
2004-11-02 00:00:00-05:00,45.07535638638208,45.29211340121558,45.07535638638208,45.18373489379883,1762200,0.0,0.0
2004-11-03 00:00:00-05:00,45.42019429471034,46.01134877274572,45.42019429471034,45.666507720947266,1494500,0.0,0.0
2004-11-04 00:00:00-05:00,45.70591439713016,46.61234967332765,45.449750112074234,46.47441101074219,1848100,0.0,0.0
2004-11-05 00:00:00-05:00,46.47441307339529,46.65175903186056,46.405445618263734,46.60249710083008,1229000,0.0,0.0
2004-11-08 00:00:00-05:00,46.651758775828235,46.720726230581285,46.10987002057808,46.34633255004883,899600,0.0,0.0
2004-11-09 00:00:00-05:00,46.4645645559569,46.77984544073541,46.14928367117839,46.326629638671875,1110700,0.0,0.0
2004-11-10 00:00:00-05:00,46.33647983287811,46.70102640421792,46.060610002410854,46.50397491455078,881100,0.0,0.0
2004-11-11 00:00:00-05:00,46.513820909141444,46.701021495950535,46.208394702779934,46.454708099365234,865900,0.0,0.0
2004-11-12 00:00:00-05:00,46.28721483207888,46.64190673828125,46.24780378506877,46.64190673828125,1042400,0.0,0.0
2004-11-15 00:00:00-05:00,46.50397323876912,46.78969770056809,46.454711307738634,46.60249710083008,714000,0.0,0.0
2004-11-16 00:00:00-05:00,46.454715225993425,46.63206119941706,46.22810355893954,46.25766372680664,829000,0.0,0.0
2004-11-17 00:00:00-05:00,46.178840079612435,46.48427008106113,46.178840079612435,46.326629638671875,698700,0.0,0.0
2004-11-18 00:00:00-05:00,46.15913127506607,46.65175809233869,45.73547191153608,46.523677825927734,964200,0.0,0.0
2004-11-19 00:00:00-05:00,46.53352946677146,46.582791397612525,46.01134623465627,46.3167724609375,702000,0.0,0.0
2004-11-22 00:00:00-05:00,46.23795183365732,47.28232200461671,46.23795183365732,47.25276184082031,751200,0.0,0.0
2004-11-23 00:00:00-05:00,47.05571516995332,47.29217771223009,46.306924009891965,46.67146682739258,787600,0.0,0.0
2004-11-24 00:00:00-05:00,46.79954803274578,46.99659951299358,46.5335290981779,46.75028610229492,432400,0.0,0.0
2004-11-26 00:00:00-05:00,46.65175806459047,47.40055293112829,46.65175806459047,47.18379592895508,499800,0.0,0.0
2004-11-29 00:00:00-05:00,47.2823226806978,47.38084653890997,46.68131737364846,47.075416564941406,697500,0.0,0.0
2004-11-30 00:00:00-05:00,47.04586081486546,47.36114167567174,46.92763143167419,47.24291229248047,846700,0.0,0.0
2004-12-01 00:00:00-05:00,47.292171608410555,47.33158265344416,47.16408759127343,47.26261520385742,855500,0.0,0.0
2004-12-02 00:00:00-05:00,47.26261681883156,47.31187874758479,46.95718684705075,47.16408920288086,486100,0.0,0.0
2004-12-03 00:00:00-05:00,47.1246839761928,47.64686720901712,47.1246839761928,47.29217529296875,701200,0.0,0.0
2004-12-06 00:00:00-05:00,47.390696668866504,47.40055130959781,47.045859412155096,47.28232192993164,560700,0.0,0.0
2004-12-07 00:00:00-05:00,47.28232613130864,47.28232613130864,46.76999376263853,46.848812103271484,772900,0.0,0.0
2004-12-08 00:00:00-05:00,46.85866284573848,47.7059777896487,46.85866284573848,47.53848648071289,898800,0.0,0.0
2004-12-09 00:00:00-05:00,47.3118783800867,48.67152940209126,47.29217285704962,48.602561950683594,773400,0.0,0.0
2004-12-10 00:00:00-05:00,48.691229161638624,48.691229161638624,48.20845702166498,48.444915771484375,1085800,0.0,0.0
2004-12-13 00:00:00-05:00,48.75034625326457,48.75034625326457,47.981849670410156,47.981849670410156,1412700,0.0,0.0
2004-12-14 00:00:00-05:00,47.84391909225544,48.425218902110046,47.794653402489985,48.17890548706055,756100,0.0,0.0
2004-12-15 00:00:00-05:00,48.07052580768501,48.27742816924083,47.73553942107087,47.81435775756836,660200,0.0,0.0
2004-12-16 00:00:00-05:00,47.79465412198022,48.38580858206481,47.66657385030639,48.31684112548828,688500,0.0,0.0
2004-12-17 00:00:00-05:00,48.031116564761184,48.69123472170044,48.021265681745525,48.661678314208984,848600,0.0,0.0
2004-12-20 00:00:00-05:00,48.66167806340393,48.839024024327635,48.33654630734012,48.405513763427734,402400,0.0,0.0
2004-12-21 00:00:00-05:00,48.52374491399649,48.819320273458814,48.25772596294701,48.27743148803711,516200,0.0,0.0
2004-12-22 00:00:00-05:00,48.29713397668062,48.92769570614199,48.29713397668062,48.73064422607422,419600,0.0,0.0
2004-12-23 00:00:00-05:00,48.740495457433155,49.15430015402657,48.740495457433155,48.95724868774414,368800,0.0,0.0
2004-12-27 00:00:00-05:00,48.96710486824853,49.21341826923726,48.80946444195351,48.888282775878906,316500,0.0,0.0
2004-12-28 00:00:00-05:00,48.88828641864384,49.2626838684082,48.62226747474109,49.2626838684082,686700,0.0,0.0
2004-12-29 00:00:00-05:00,49.164156327713826,49.262680184705545,49.0557778299564,49.233123779296875,442400,0.0,0.0
2004-12-30 00:00:00-05:00,49.252833329261954,49.29224062021402,49.07548736542179,49.17401123046875,528900,0.0,0.0
2004-12-31 00:00:00-05:00,49.21341880009217,49.26268072913245,48.8784324207963,49.08533477783203,360000,0.0,0.0
2005-01-03 00:00:00-05:00,49.09518725826024,49.252827679318685,47.93258774353766,47.981849670410156,648700,0.0,0.0
2005-01-04 00:00:00-05:00,47.98185047150251,48.08037432689243,47.43996174996963,47.77494812011719,958600,0.0,0.0
2005-01-05 00:00:00-05:00,47.390695798249915,47.489223411531846,47.065564070529916,47.17394256591797,986400,0.0,0.0
2005-01-06 00:00:00-05:00,47.21335378973278,47.56804571023588,46.957189490727465,47.45966720581055,1018100,0.0,0.0
2005-01-07 00:00:00-05:00,47.390695872732366,47.61730750441489,47.11482607199768,47.14438247680664,747500,0.0,0.0
2005-01-10 00:00:00-05:00,47.04586047784721,47.637011148013116,46.9867439074529,47.33158493041992,733500,0.0,0.0
2005-01-11 00:00:00-05:00,47.095116633499565,47.66656546858627,46.91777070250326,47.518775939941406,420400,0.0,0.0
2005-01-12 00:00:00-05:00,48.27742775089063,49.16415751908063,47.93259048461913,47.93259048461914,1969100,0.0,0.0
2005-01-13 00:00:00-05:00,48.03111484170589,48.36610122888839,47.29217461337196,47.469520568847656,1025700,0.0,0.0
2005-01-14 00:00:00-05:00,47.35129084635855,47.74539004358757,47.34143620532233,47.55819320678711,429700,0.0,0.0
2005-01-18 00:00:00-05:00,47.58774794201194,47.705977321184704,47.311878137794075,47.656715393066406,485500,0.0,0.0
2005-01-19 00:00:00-05:00,47.48922288636981,47.67641971186913,47.43996095949568,47.63700866699219,409200,0.0,0.0
2005-01-20 00:00:00-05:00,47.637010000925365,48.10993503580333,47.41040212420362,47.627159118652344,677700,0.0,0.0
2005-01-21 00:00:00-05:00,47.489229693591206,47.71583759645,46.54338703162983,46.55323791503906,564300,0.0,0.0
2005-01-24 00:00:00-05:00,46.602497265351396,46.69117024489707,46.109870436418625,46.22809982299805,443800,0.0,0.0
2005-01-25 00:00:00-05:00,46.4054457820894,46.48426787877197,46.10001955355552,46.22809982299805,416800,0.0,0.0
2005-01-26 00:00:00-05:00,46.30691968577234,46.9965979646961,46.30691968577234,46.819252014160156,419500,0.0,0.0
2005-01-27 00:00:00-05:00,46.90791982120073,48.31683262942476,46.90791982120073,47.518775939941406,1646900,0.0,0.0
2005-01-28 00:00:00-05:00,47.52863227954928,47.814352948867594,46.671458996262416,46.73057556152344,582200,0.0,0.0
2005-01-31 00:00:00-05:00,46.73057777570461,47.31187754042709,46.45470797496992,47.14438247680664,545800,0.0,0.0
2005-02-01 00:00:00-05:00,46.89807279649802,48.42521897898483,46.789698050797526,48.14934539794922,601900,0.0,0.0
2005-02-02 00:00:00-05:00,48.14934258046957,48.62226385942885,48.11978617504844,48.22816467285156,652800,0.0,0.0
2005-02-03 00:00:00-05:00,48.238014949371,48.79960919598502,48.17890213927111,48.72079086303711,692700,0.0,0.0
2005-02-04 00:00:00-05:00,48.67153670730354,49.14445805584248,48.66168206508379,49.00652313232422,600500,0.0,0.0
2005-02-07 00:00:00-05:00,48.77005171617356,48.95724854143819,48.553294728066234,48.67152786254883,427200,0.0,0.0
2005-02-08 00:00:00-05:00,48.67152973968998,48.73064255076701,48.34639424498931,48.51388931274414,315800,0.0,0.0
2005-02-09 00:00:00-05:00,48.47447808712744,48.67152955969205,47.8340617409035,47.883323669433594,399200,0.0,0.0
2005-02-10 00:00:00-05:00,48.08037687365034,48.30698475980562,47.893180035116245,48.10008239746094,375000,0.0,0.0
2005-02-11 00:00:00-05:00,48.10993395876294,48.760201169107305,48.05081739111559,48.582855224609375,281100,0.0,0.0
2005-02-14 00:00:00-05:00,48.59270908404227,48.75034951565005,48.129638671875,48.129638671875,660900,0.0,0.0
2005-02-15 00:00:00-05:00,48.37595905232829,49.922807184900336,48.27743517779239,48.93755340576172,3324400,0.0,0.0
2005-02-16 00:00:00-05:00,48.9178449216999,49.499144721923074,48.523741960772725,49.3612060546875,2465600,0.0,0.0
2005-02-17 00:00:00-05:00,49.15430102523433,49.2528286393439,49.01636612392511,49.06562805175781,714000,0.0,0.0
2005-02-18 00:00:00-05:00,48.96710865167945,49.016370583994565,48.513892860869205,48.57300567626953,812300,0.0,0.0
2005-02-22 00:00:00-05:00,47.63700919378852,47.91288275253378,47.17394256591797,47.17394256591797,1325200,0.0,0.0
2005-02-23 00:00:00-05:00,47.183798429693354,47.242915003904045,46.52368026400776,46.87837219238281,917900,0.0,0.0
2005-02-24 00:00:00-05:00,46.878363557817956,46.93747636269607,46.405438568129966,46.79954147338867,786300,0.0,0.0
2005-02-25 00:00:00-05:00,46.75028983075425,47.6271650414235,46.65176220355032,47.41040802001953,826100,0.0,0.0
2005-02-28 00:00:00-05:00,47.29217443004168,47.33158547742669,47.045861021551886,47.18379592895508,683400,0.0,0.0
2005-03-01 00:00:00-05:00,47.193649366888195,47.31187874758479,47.14438367969072,47.16408920288086,390300,0.0,0.0
2005-03-02 00:00:00-05:00,47.09512167619785,47.37099524197776,46.947335890172695,47.19364929199219,577400,0.0,0.0
2005-03-03 00:00:00-05:00,47.292176533345106,47.292176533345106,46.9276337249317,46.967041015625,834800,0.0,0.0
2005-03-04 00:00:00-05:00,47.07541488362553,47.07541488362553,46.82910148844801,46.85866165161133,681100,0.0,0.0
2005-03-07 00:00:00-05:00,46.94734162739297,46.94734162739297,46.63206073521053,46.6911735534668,802400,0.0,0.0
2005-03-08 00:00:00-05:00,46.701025366510365,46.779843705559124,46.10987091064453,46.10987091064453,699600,0.0,0.0
2005-03-09 00:00:00-05:00,45.88326411274113,45.92267516242805,45.12461831926845,45.18373489379883,1245900,0.0,0.0
2005-03-10 00:00:00-05:00,45.32166690317954,45.79458819376462,45.32166690317954,45.607391357421875,1461400,0.0,0.0
2005-03-11 00:00:00-05:00,45.518719192272485,45.81429453435363,45.37092964200972,45.400489807128906,958600,0.0,0.0
2005-03-14 00:00:00-05:00,45.67636013576156,45.981786363999646,45.607392680453316,45.912818908691406,1012900,0.0,0.0
2005-03-15 00:00:00-05:00,45.91281855869079,46.10001915748132,44.96697595729285,45.026092529296875,721500,0.0,0.0
2005-03-16 00:00:00-05:00,44.8585952680449,44.86844990878745,43.9718692818711,44.2674446105957,912600,0.0,0.0
2005-03-17 00:00:00-05:00,44.29700080773642,45.21328695338703,44.208327833691385,44.98667907714844,1111600,0.0,0.0
2005-03-18 00:00:00-05:00,44.98667880626358,44.99652968845629,44.6516924350488,44.73051452636719,758900,0.0,0.0
2005-03-21 00:00:00-05:00,44.819189460690644,44.819189460690644,44.47434843375239,44.54331588745117,526500,0.0,0.0
2005-03-22 00:00:00-05:00,44.76992042482254,45.2329908008432,44.700952976280405,45.085201263427734,1184200,0.0,0.0
2005-03-23 00:00:00-05:00,44.73051452636719,45.02608985192278,44.6516924350488,44.73051452636719,948400,0.0,0.0
2005-03-24 00:00:00-05:00,44.82903884490803,45.34137116843457,44.74036587048143,45.272403717041016,620100,0.0,0.0
2005-03-28 00:00:00-05:00,45.30196278107863,45.71577127217001,45.22314444276492,45.5679817199707,495000,0.0,0.0
2005-03-29 00:00:00-05:00,45.66650617647426,46.050758265501656,45.390636351121294,45.7354736328125,1073700,0.0,0.0
2005-03-30 00:00:00-05:00,45.73547097304389,47.10497665405274,45.636947114988814,47.104976654052734,838800,0.0,0.0
2005-03-31 00:00:00-05:00,47.25276096645008,47.6074528578898,46.99659668843482,47.48922348022461,872100,0.0,0.0
2005-04-01 00:00:00-05:00,47.73553613205246,47.88332191221933,47.223203825563644,47.351287841796875,1117400,0.0,0.0
2005-04-04 00:00:00-04:00,47.35128991315484,47.83406207797363,47.06556546384496,47.79465103149414,547200,0.0,0.0
2005-04-05 00:00:00-04:00,47.78479814729367,48.37594878594441,47.6173068444388,48.32668685913086,639500,0.0,0.0
2005-04-06 00:00:00-04:00,48.32668672898881,48.9473975288114,48.119784381862644,48.70108413696289,450600,0.0,0.0
2005-04-07 00:00:00-04:00,48.691228703258574,49.07548074537486,48.4547699556652,48.90798568725586,354900,0.0,0.0
2005-04-08 00:00:00-04:00,48.66167416409477,48.9572494891347,48.573001190738374,48.75034713745117,488900,0.0,0.0
2005-04-11 00:00:00-04:00,48.65182636180604,48.77005574761765,48.41536383173841,48.6124153137207,359400,0.0,0.0
2005-04-12 00:00:00-04:00,48.52374217419325,49.16415854890554,48.33654533407391,48.986812591552734,492500,0.0,0.0
2005-04-13 00:00:00-04:00,48.779903942693416,49.2232688131135,48.7602021781807,48.97695541381836,573900,0.0,0.0
2005-04-14 00:00:00-04:00,48.86858130319952,48.86858130319952,47.78480375239921,47.8537712097168,880200,0.0,0.0
2005-04-15 00:00:00-04:00,47.68627617130897,47.93258957351936,47.16408920288086,47.16408920288086,640000,0.0,0.0
2005-04-18 00:00:00-04:00,46.996598831493806,47.282323285787605,46.139429227056745,46.92763137817383,670500,0.0,0.0
2005-04-19 00:00:00-04:00,47.16408747273534,48.51388757341269,46.93747960202787,48.2971305847168,1268200,0.0,0.0
2005-04-20 00:00:00-04:00,49.114895709754244,49.114895709754244,47.5483421678642,47.617313385009766,1072700,0.0,0.0
2005-04-21 00:00:00-04:00,47.61730749863189,48.64196836914092,47.61730749863189,48.49418258666992,835100,0.0,0.0
2005-04-22 00:00:00-04:00,48.25772034050862,48.474477332801094,47.72568250039664,48.09022903442383,392600,0.0,0.0
2005-04-25 00:00:00-04:00,48.208462867004286,48.87843567013445,48.13949541007423,48.57300567626953,759000,0.0,0.0
2005-04-26 00:00:00-04:00,48.27742782693827,48.51389035164286,47.82421205956916,47.90303039550781,443100,0.0,0.0
2005-04-27 00:00:00-04:00,47.91288401049933,48.760202714749774,47.63701044451094,48.51388931274414,484900,0.0,0.0
2005-04-28 00:00:00-04:00,48.28728065281405,48.49418677967403,47.89318144037182,48.060672760009766,581700,0.0,0.0
2005-04-29 00:00:00-04:00,48.07052470003479,49.026218149295104,47.9621462012092,48.77005386352539,535300,0.0,0.0
2005-05-02 00:00:00-04:00,48.69123312851335,49.08533608824534,48.306984809919065,48.41536331176758,485600,0.0,0.0
2005-05-03 00:00:00-04:00,48.228163135303404,48.56314950035882,47.99170062414024,48.2971305847168,443200,0.0,0.0
2005-05-04 00:00:00-04:00,48.37595599128212,50.110004637571244,48.37595599128212,50.05088806152344,1120300,0.0,0.0
2005-05-05 00:00:00-04:00,50.05087930870136,50.494244155413305,49.765154878771,50.34645462036133,972400,0.0,0.0
2005-05-06 00:00:00-04:00,50.34645871860018,50.494248265682344,49.94250488281249,49.9425048828125,723700,0.0,0.0
2005-05-09 00:00:00-04:00,49.90309738765386,50.041032293189225,49.60751829471318,50.00162124633789,677900,0.0,0.0
2005-05-10 00:00:00-04:00,49.85382835690863,50.159258311859325,49.63707513064933,49.88338851928711,357900,0.0,0.0
2005-05-11 00:00:00-04:00,49.784865395181455,49.93265494505995,49.193714712556236,49.70604705810547,524300,0.0,0.0
2005-05-12 00:00:00-04:00,49.80457705843291,50.10015243618087,48.78976688340182,48.799617767333984,540600,0.0,0.0
2005-05-13 00:00:00-04:00,48.86857685482426,48.947398946552,47.558191526626366,48.001556396484375,588000,0.0,0.0
2005-05-16 00:00:00-04:00,47.92273755862747,49.12474822998047,47.83406457863512,49.12474822998047,459400,0.0,0.0
2005-05-17 00:00:00-04:00,48.967106257520165,49.22327054810076,48.5730033013792,49.1937141418457,394600,0.0,0.0
2005-05-18 00:00:00-04:00,49.19371495564954,49.371060913002346,48.71093901431259,48.986812591552734,406700,0.0,0.0
2005-05-19 00:00:00-04:00,48.829168226224155,49.18385635392422,48.7700516590521,49.01636505126953,325800,0.0,0.0
2005-05-20 00:00:00-04:00,49.213416792990984,49.31194064705338,48.93754323641686,49.27252960205078,561000,0.0,0.0
2005-05-23 00:00:00-04:00,49.18386163725353,49.57796461051359,48.917846452514155,49.292240142822266,552300,0.0,0.0
2005-05-24 00:00:00-04:00,49.39076346586192,49.469581798586056,48.9769550041167,49.09518814086914,538500,0.0,0.0
2005-05-25 00:00:00-04:00,48.8981411947494,48.96710865167945,48.35625242239414,48.57300567626953,316300,0.0,0.0
2005-05-26 00:00:00-04:00,48.720796406452905,48.77005833995586,48.05082358716784,48.27743148803711,570900,0.0,0.0
2005-05-27 00:00:00-04:00,48.119791015908895,48.178907591142526,47.83406653994657,47.96215057373047,532300,0.0,0.0
2005-05-31 00:00:00-04:00,47.883328096617504,48.060674062478235,47.64686931443291,47.73554229736328,624300,0.0,0.0
2005-06-01 00:00:00-04:00,47.68628036427854,48.05082317923912,47.53849080657973,47.73554229736328,480600,0.0,0.0
2005-06-02 00:00:00-04:00,47.6370087970945,47.71583088706366,47.19364769557239,47.607452392578125,539000,0.0,0.0
2005-06-03 00:00:00-04:00,47.666568828293265,48.19860290033795,47.666568828293265,47.981849670410156,773400,0.0,0.0
2005-06-06 00:00:00-04:00,47.80450965463508,48.277430976452294,47.637014572366425,48.080379486083984,481100,0.0,0.0
2005-06-07 00:00:00-04:00,48.32668594162644,49.351350537048475,48.139489119911346,48.90798568725586,1037900,0.0,0.0
2005-06-08 00:00:00-04:00,48.96710651852738,49.085335902622134,47.46952053903127,48.129638671875,708500,0.0,0.0
2005-06-09 00:00:00-04:00,48.14934523322804,48.64197206242379,47.97199927404202,48.52374267578125,465700,0.0,0.0
2005-06-10 00:00:00-04:00,48.563155449564114,48.632122907426336,48.06067396120269,48.080379486083984,279300,0.0,0.0
2005-06-13 00:00:00-04:00,47.98184953983073,48.48432720607329,47.893176568323916,48.35624694824219,256500,0.0,0.0
2005-06-14 00:00:00-04:00,48.29713138849366,48.88828203857352,48.169047369546824,48.75034713745117,545800,0.0,0.0
2005-06-15 00:00:00-04:00,48.84887568980957,48.898137618521844,48.28727767546803,48.51388931274414,321000,0.0,0.0
2005-06-16 00:00:00-04:00,48.64197420180567,48.681385251901375,48.385809893072754,48.62226867675781,278300,0.0,0.0
2005-06-17 00:00:00-04:00,49.06562957369079,49.40061595516569,48.67153038036074,49.34150314331055,709000,0.0,0.0
2005-06-20 00:00:00-04:00,49.26268438114783,49.53855421098,49.10504394146594,49.45973587036133,421400,0.0,0.0
2005-06-21 00:00:00-04:00,49.361207221251114,49.81442676456171,49.31194528958209,49.72575378417969,557000,0.0,0.0
2005-06-22 00:00:00-04:00,49.75530570931263,49.75530570931263,49.26267892011152,49.55825424194336,366900,0.0,0.0
2005-06-23 00:00:00-04:00,49.52869735809509,49.548402880485774,49.00651416929624,49.01636505126953,313300,0.0,0.0
2005-06-24 00:00:00-04:00,48.96710541130067,49.16415688596583,48.316838175816635,48.42521667480469,529900,0.0,0.0
2005-06-27 00:00:00-04:00,48.51389261218314,48.59271095179439,48.12964052182814,48.31684112548828,406300,0.0,0.0
2005-06-28 00:00:00-04:00,48.45477639668571,49.656787091806265,48.425219988918656,49.51884841918945,532000,0.0,0.0
2005-06-29 00:00:00-04:00,49.4991439663349,49.893243162801895,49.32179801246923,49.568111419677734,534600,0.0,0.0
2005-06-30 00:00:00-04:00,49.7060427580024,49.7060427580024,49.0656264418576,49.164154052734375,599700,0.0,0.0
2005-07-01 00:00:00-04:00,49.16415384551405,49.21341577152277,48.76020003873205,48.8784294128418,469300,0.0,0.0
2005-07-05 00:00:00-04:00,48.888282837200045,49.292236664990476,48.789758980058664,49.20356369018555,413500,0.0,0.0
2005-07-06 00:00:00-04:00,49.31194297893868,49.824275312867606,48.986811238402495,49.34150314331055,626900,0.0,0.0
2005-07-07 00:00:00-04:00,48.86857578688436,49.31194064705338,48.75034641032066,49.27252960205078,431700,0.0,0.0
2005-07-08 00:00:00-04:00,49.183857094506294,49.242973662568495,48.92769281645839,49.154300689697266,352700,0.0,0.0
2005-07-11 00:00:00-04:00,49.213420187498734,49.75530893910707,49.075485278919636,49.39076614379883,388400,0.0,0.0
2005-07-12 00:00:00-04:00,49.41047080341587,49.41047080341587,48.868578302841456,49.282386779785156,338900,0.0,0.0
2005-07-13 00:00:00-04:00,49.24297878590406,49.282389835379256,48.661678960700705,48.82917404174805,605300,0.0,0.0
2005-07-14 00:00:00-04:00,48.868574978548125,49.38090727977515,48.65182175150735,49.164154052734375,409100,0.0,0.0
2005-07-15 00:00:00-04:00,49.04592518932351,49.3612060546875,48.79961177835512,49.3612060546875,578200,0.0,0.0
2005-07-18 00:00:00-04:00,49.36120713113924,50.21838052608212,49.36120713113924,50.07059097290039,903600,0.0,0.0
2005-07-19 00:00:00-04:00,50.24793463291216,50.74056144303875,50.22822910949378,50.661739349365234,1230600,0.0,0.0
2005-07-20 00:00:00-04:00,50.651890009555615,50.83908685006513,50.11000125360121,50.5927734375,849100,0.0,0.0
2005-07-21 00:00:00-04:00,50.59277407868803,50.73071274856597,48.03111605892324,50.10014724731445,1508200,0.0,0.0
2005-07-22 00:00:00-04:00,50.98687744140626,50.98687744140626,50.32675928631483,50.98687744140625,978500,0.0,0.0
2005-07-25 00:00:00-04:00,50.96717266653853,51.20363520461934,50.031180914237325,50.1494140625,639100,0.0,0.0
2005-07-26 00:00:00-04:00,50.15925792876085,50.69129574618151,50.14940704700596,50.316898345947266,736700,0.0,0.0
2005-07-27 00:00:00-04:00,50.39572351853253,50.563214827726135,50.08044266486105,50.1789665222168,923700,0.0,0.0
2005-07-28 00:00:00-04:00,50.12970168235374,51.1445116362729,50.100141520108274,50.94746017456055,712600,0.0,0.0
2005-07-29 00:00:00-04:00,50.93761192147217,50.95731744450473,49.893241751411544,49.92279815673828,941800,0.0,0.0
2005-08-01 00:00:00-04:00,50.02132736938209,50.31690270742162,49.98191632205833,50.16911315917969,443400,0.0,0.0
2005-08-02 00:00:00-04:00,50.24793451942025,50.44498599471468,49.735602187032455,50.03117752075195,524800,0.0,0.0
2005-08-03 00:00:00-04:00,49.95235991578768,50.37601927840726,49.85383229747828,50.16911315917969,481800,0.0,0.0
2005-08-04 00:00:00-04:00,50.14941067826121,50.14941067826121,49.37105941772461,49.37105941772461,764300,0.0,0.0
2005-08-05 00:00:00-04:00,49.31194485080556,49.32179949211836,48.36610224077639,48.52374267578125,804800,0.0,0.0
2005-08-08 00:00:00-04:00,48.77005631001109,49.32179971423506,48.71093973720138,49.12474822998047,773400,0.0,0.0
2005-08-09 00:00:00-04:00,49.23312231549229,49.459730186591095,49.11488918048447,49.27252960205078,322200,0.0,0.0
2005-08-10 00:00:00-04:00,49.41046972863735,49.64692848879517,49.183858092356786,49.233123779296875,520500,0.0,0.0
2005-08-11 00:00:00-04:00,49.1740079604939,49.51884522367181,48.87843262656366,49.02621841430664,542200,0.0,0.0
2005-08-12 00:00:00-04:00,49.02621767908152,49.06562872526633,48.76020251344461,48.888282775878906,469300,0.0,0.0
2005-08-15 00:00:00-04:00,48.78975631345917,48.917840327497935,48.53358828538165,48.90798568725586,549000,0.0,0.0
2005-08-16 00:00:00-04:00,48.77005401229355,48.868577870556834,48.39565658569336,48.39565658569336,452100,0.0,0.0
2005-08-17 00:00:00-04:00,48.415365539147494,48.95725431487564,48.36610360652576,48.82917404174805,510800,0.0,0.0
2005-08-18 00:00:00-04:00,48.77005764396914,48.779908527151306,48.35625289831612,48.454776763916016,339000,0.0,0.0
2005-08-19 00:00:00-04:00,48.671530005562644,48.83902131578817,48.57300238915563,48.77005386352539,515300,0.0,0.0
2005-08-22 00:00:00-04:00,48.770055957151534,48.87843446062964,48.39565851562108,48.55329895019531,374800,0.0,0.0
2005-08-23 00:00:00-04:00,48.50403821933947,48.62226760858464,48.316841373164245,48.57300567626953,576500,0.0,0.0
2005-08-24 00:00:00-04:00,48.52373926297241,49.26267945479433,48.52373926297241,48.75034713745117,497900,0.0,0.0
2005-08-25 00:00:00-04:00,48.720794026055415,48.89813998475697,48.356251225810844,48.55329895019531,360600,0.0,0.0
2005-08-26 00:00:00-04:00,48.46462678821588,48.592710817981505,48.05082204989625,48.346397399902344,482500,0.0,0.0
2005-08-29 00:00:00-04:00,48.15920354680745,48.89814384694722,47.78480607570544,48.86858367919922,561300,0.0,0.0
2005-08-30 00:00:00-04:00,48.77005818833199,49.00652073023346,48.69123608821663,48.96710968017578,691200,0.0,0.0
2005-08-31 00:00:00-04:00,48.83902582845394,48.85873135355612,48.53359582703724,48.59271240234375,700300,0.0,0.0
2005-09-01 00:00:00-04:00,48.60256451743283,48.65182644840499,48.16905050461128,48.267578125,865200,0.0,0.0
2005-09-02 00:00:00-04:00,48.32669325664405,48.573006681762976,47.9818559648554,47.99170684814453,440900,0.0,0.0
2005-09-06 00:00:00-04:00,48.129637057374076,48.2774266013682,48.04096408266644,48.22816467285156,610100,0.0,0.0
2005-09-07 00:00:00-04:00,48.25772590267566,48.28728231105159,47.55819667585142,47.64686965942383,1078800,0.0,0.0
2005-09-08 00:00:00-04:00,47.48922625081768,47.63701204191017,46.72072585504811,47.095123291015625,2424700,0.0,0.0
2005-09-09 00:00:00-04:00,47.19365026394224,48.16904925050692,47.19365026394224,47.93259048461914,1901200,0.0,0.0
2005-09-12 00:00:00-04:00,48.031114735992595,48.316839192346166,47.863623421992166,48.15919876098633,632200,0.0,0.0
2005-09-13 00:00:00-04:00,48.08037278069169,48.12963470680245,47.69612449520609,47.84391403198242,787900,0.0,0.0
2005-09-14 00:00:00-04:00,47.85376839036033,48.11978732081733,47.735539007416435,47.93259048461914,836700,0.0,0.0
2005-09-15 00:00:00-04:00,48.03111389164369,48.277427296216224,47.63701094094993,47.70597839355469,549100,0.0,0.0
2005-09-16 00:00:00-04:00,47.587753132075875,47.7059825241431,47.104980922042024,47.30202865600586,1048100,0.0,0.0
2005-09-19 00:00:00-04:00,47.33158366308205,47.33158366308205,46.71087284511682,46.99659729003906,645400,0.0,0.0
2005-09-20 00:00:00-04:00,46.99659762672991,47.45966426451549,46.85866272362593,46.90792465209961,514400,0.0,0.0
2005-09-21 00:00:00-04:00,46.71087151959777,47.18379278133641,45.893113012355144,47.006446838378906,975200,0.0,0.0
2005-09-22 00:00:00-04:00,46.9965994302873,47.1345343386847,46.72072585504811,47.095123291015625,859000,0.0,0.0
2005-09-23 00:00:00-04:00,47.144388003006526,47.715836952591864,47.114831594733005,47.36114501953125,510600,0.0,0.0
2005-09-26 00:00:00-04:00,47.51878498148143,47.66657453824665,47.3315881335641,47.479373931884766,569000,0.0,0.0
2005-09-27 00:00:00-04:00,47.50892826237465,47.77494717680793,47.2527602299082,47.351287841796875,601900,0.0,0.0
2005-09-28 00:00:00-04:00,47.39070022547796,47.656719168524376,47.19365249739424,47.34143829345703,501600,0.0,0.0
2005-09-29 00:00:00-04:00,47.34143453281929,48.02126191941631,47.203499630739955,48.001556396484375,561400,0.0,0.0
2005-09-30 00:00:00-04:00,47.82421552311707,48.02126701490113,47.48922911461755,47.99170684814453,771200,0.0,0.0
2005-10-03 00:00:00-04:00,47.88332727390353,48.47448173609717,47.66657402036593,47.94244384765625,670000,0.0,0.0
2005-10-04 00:00:00-04:00,47.9720000057488,48.32669192953089,47.6173118404112,47.686279296875,495800,0.0,0.0
2005-10-05 00:00:00-04:00,47.68627825712125,47.74539107083304,47.144385741800455,47.29217529296875,635700,0.0,0.0
2005-10-06 00:00:00-04:00,47.292174481929926,47.686277439323746,47.15423957437539,47.49907684326172,961300,0.0,0.0
2005-10-07 00:00:00-04:00,47.51878122302627,47.981851623049565,47.449813770909294,47.79465103149414,640100,0.0,0.0
2005-10-10 00:00:00-04:00,47.804504264178455,48.27742553266885,47.804504264178455,47.83406066894531,580300,0.0,0.0
2005-10-11 00:00:00-04:00,47.78480095849206,47.873473935350745,47.489225621777884,47.58774948120117,555900,0.0,0.0
2005-10-12 00:00:00-04:00,47.58774955947348,47.952292350072426,46.967038720441735,47.24291229248047,452400,0.0,0.0
2005-10-13 00:00:00-04:00,47.0754153616948,47.15423745300526,46.523675756298275,47.05570983886719,495400,0.0,0.0
2005-10-14 00:00:00-04:00,47.055714468261044,47.56804683685035,46.80940104634952,47.508934020996094,498300,0.0,0.0
2005-10-17 00:00:00-04:00,47.48922375152715,47.75524267162668,47.183793785832684,47.74538803100586,551900,0.0,0.0
2005-10-18 00:00:00-04:00,47.78480314648036,48.95725366445707,47.755246738988895,48.661678314208984,847900,0.0,0.0
2005-10-19 00:00:00-04:00,50.58292196197914,51.51891367044751,48.2872791797193,49.10504150390625,902400,0.0,0.0
2005-10-20 00:00:00-04:00,48.27742731778706,50.878496269884096,47.87347348444539,49.02621841430664,2085500,0.0,0.0
2005-10-21 00:00:00-04:00,49.27253610536783,49.28239074714122,48.48433389350413,48.59271240234375,956600,0.0,0.0
2005-10-24 00:00:00-04:00,48.592705774056924,48.9178412562257,48.28727581430239,48.32668685913086,1049600,0.0,0.0
2005-10-25 00:00:00-04:00,48.32668691696173,48.32668691696173,47.5384848116695,47.981849670410156,1186300,0.0,0.0
2005-10-26 00:00:00-04:00,47.863620236950624,48.64196770087047,47.863620236950624,48.32668685913086,990900,0.0,0.0
2005-10-27 00:00:00-04:00,48.306987102584905,48.563155166101836,47.48922849622983,47.508934020996094,541400,0.0,0.0
2005-10-28 00:00:00-04:00,47.5089296755403,47.64686457784326,47.1640886613387,47.3118782043457,1046900,0.0,0.0
2005-10-31 00:00:00-05:00,47.43010798272185,47.77494899982465,47.34143500786047,47.53848648071289,656700,0.0,0.0
2005-11-01 00:00:00-05:00,47.68627998544795,47.68627998544795,47.30202789017256,47.508934020996094,902000,0.0,0.0
2005-11-02 00:00:00-05:00,47.40055043880018,47.568041743713245,46.967036457247985,47.17394256591797,805200,0.0,0.0
2005-11-03 00:00:00-05:00,47.17394369892467,47.568042886185275,47.154238175795,47.53848648071289,822700,0.0,0.0
2005-11-04 00:00:00-05:00,47.68627657113419,47.78480042946672,47.15423871587226,47.39069747924805,369000,0.0,0.0
2005-11-07 00:00:00-05:00,47.3709948366673,47.79465042640329,47.361140195950064,47.627159118652344,347600,0.0,0.0
2005-11-08 00:00:00-05:00,47.78480268494303,48.12963996382773,47.78480268494303,47.804508209228516,327600,0.0,0.0
2005-11-09 00:00:00-05:00,47.80450565683363,48.149342917306654,47.715832681505674,48.13949203491211,703000,0.0,0.0
2005-11-10 00:00:00-05:00,48.257722773260035,49.38091132004433,48.17890443655388,49.10504150390625,985400,0.0,0.0
2005-11-11 00:00:00-05:00,48.917848034768824,48.917848034768824,47.972001620040025,48.24787521362305,592100,0.0,0.0
2005-11-14 00:00:00-05:00,48.45477028520502,49.026215394478754,48.247867940042674,48.819313049316406,761000,0.0,0.0
2005-11-15 00:00:00-05:00,48.829174014994685,49.83413322539451,48.829174014994685,49.80457305908203,881700,0.0,0.0
2005-11-16 00:00:00-05:00,50.05088401260441,50.37601951689819,49.34150394964005,49.44987869262695,691200,0.0,0.0
2005-11-17 00:00:00-05:00,49.44988041026275,49.81442697472935,49.10504312868028,49.6666374206543,568800,0.0,0.0
2005-11-18 00:00:00-05:00,50.05088338288017,50.316902312561474,49.607518500078,49.9425048828125,608600,0.0,0.0
2005-11-21 00:00:00-05:00,49.84398118773325,50.671594385539144,49.75530821088103,50.57307052612305,563800,0.0,0.0
2005-11-22 00:00:00-05:00,50.64203684973258,50.86864472809012,50.39572344824253,50.5238037109375,441300,0.0,0.0
2005-11-23 00:00:00-05:00,50.523806456432574,50.70115241581804,50.26764215867826,50.474544525146484,294800,0.0,0.0
2005-11-25 00:00:00-05:00,50.543511506675856,50.63218448553708,50.297198094110726,50.5927734375,92400,0.0,0.0
2005-11-28 00:00:00-05:00,50.59277221406688,50.97702428546981,50.56321580797601,50.91790771484375,433400,0.0,0.0
2005-11-29 00:00:00-05:00,50.98688021344705,51.33171751344515,50.98688021344705,51.252899169921875,1061600,0.0,0.0
2005-11-30 00:00:00-05:00,51.252893286910314,51.440090119929984,51.03613628982335,51.12480926513672,687400,0.0,0.0
2005-12-01 00:00:00-05:00,51.282453003485635,51.70611238417513,51.22334018842306,51.58788299560547,471900,0.0,0.0
2005-12-02 00:00:00-05:00,51.16422214806495,51.17407303081146,50.385870865536894,50.65188980102539,600800,0.0,0.0
2005-12-05 00:00:00-05:00,50.553365807847115,50.76026817098339,50.19867389478815,50.68144607543945,427500,0.0,0.0
2005-12-06 00:00:00-05:00,50.68144513617595,50.8489402068805,50.41542620631177,50.60262680053711,525600,0.0,0.0
2005-12-07 00:00:00-05:00,50.60262551765717,51.3415657179537,50.60262551765717,51.27259826660156,579100,0.0,0.0
2005-12-08 00:00:00-05:00,52.02138587040522,54.05100950453431,51.893301858554686,53.53867721557617,2715800,0.0,0.0
2005-12-09 00:00:00-05:00,53.53868015469902,54.02145606682699,53.43030165860228,53.775142669677734,884400,0.0,0.0
2005-12-12 00:00:00-05:00,53.76528507750005,53.94263101438725,53.38103680039244,53.53867721557617,655700,0.0,0.0
2005-12-13 00:00:00-05:00,53.44015944098078,54.12983398678953,53.44015944098078,53.60765075683594,813400,0.0,0.0
2005-12-14 00:00:00-05:00,53.597799534126025,53.83425830306225,53.42045357820168,53.69632339477539,683100,0.0,0.0
2005-12-15 00:00:00-05:00,53.74558304767111,53.90322347309682,53.174137914919505,53.62735366821289,501300,0.0,0.0
2005-12-16 00:00:00-05:00,53.74558773005181,54.18895263970192,53.312077461974226,53.73573684692383,912400,0.0,0.0
2005-12-19 00:00:00-05:00,53.834258806541214,53.84411344776494,52.94753277707083,53.233253479003906,677000,0.0,0.0
2005-12-20 00:00:00-05:00,53.302214713578586,54.060860386164066,53.2233963852087,53.53867721557617,741500,0.0,0.0
2005-12-21 00:00:00-05:00,53.54852889034382,53.87366436560078,53.30221550306819,53.3317756652832,532700,0.0,0.0
2005-12-22 00:00:00-05:00,53.3317790834173,53.4401575821158,53.03620375143137,53.10517120361328,712600,0.0,0.0
2005-12-23 00:00:00-05:00,53.065762002938605,53.91308074029723,53.065762002938605,53.60765075683594,584900,0.0,0.0
2005-12-27 00:00:00-05:00,53.53868539965138,53.87367180292929,53.21354987950905,53.39089584350586,359500,0.0,0.0
2005-12-28 00:00:00-05:00,53.5288328927183,53.7948480721994,53.07561335489457,53.48942184448242,398100,0.0,0.0
2005-12-29 00:00:00-05:00,53.45001109434019,53.69632450952148,53.026351719552814,53.08546829223633,604100,0.0,0.0
2005-12-30 00:00:00-05:00,52.888409279304284,53.26280666944576,52.61253949627579,53.05590057373047,410500,0.0,0.0
2006-01-03 00:00:00-05:00,53.00664567604755,53.01650031728715,51.804638777480484,52.8884162902832,913200,0.0,0.0
2006-01-04 00:00:00-05:00,52.90812036314168,54.06086529922621,52.83915291013376,53.93278503417969,797700,0.0,0.0
2006-01-05 00:00:00-05:00,53.93278823832375,54.2973310485151,53.67662017612317,54.08057403564453,764600,0.0,0.0
2006-01-06 00:00:00-05:00,54.139687655208924,54.228360632140266,53.50912593411683,54.18894958496094,707200,0.0,0.0
2006-01-09 00:00:00-05:00,54.18894456595399,54.18894456595399,53.64705587198325,54.16923904418945,705700,0.0,0.0
2006-01-10 00:00:00-05:00,53.85395670832936,54.730831730912,53.647054373247954,54.583045959472656,1220000,0.0,0.0
2006-01-11 00:00:00-05:00,54.681573769163485,56.257977996068014,54.52393334647303,56.218570709228516,1861500,0.0,0.0
2006-01-12 00:00:00-05:00,56.120045103797146,57.04618590887624,56.100339580450324,56.34665298461914,1554900,0.0,0.0
2006-01-13 00:00:00-05:00,56.3565073601007,57.282644402373826,55.6274180334792,56.09048843383789,840000,0.0,0.0
2006-01-17 00:00:00-05:00,55.67667897176877,56.110192958755306,55.61756616150275,56.01166534423828,675700,0.0,0.0
2006-01-18 00:00:00-05:00,56.02151957533479,56.642230387699335,56.01166493473304,56.12989807128906,1101000,0.0,0.0
2006-01-19 00:00:00-05:00,56.24813344526048,56.819578632418704,55.952558089251426,56.54370880126953,948600,0.0,0.0
2006-01-20 00:00:00-05:00,56.54370244191773,56.54370244191773,55.62741631043126,55.87372970581055,527700,0.0,0.0
2006-01-23 00:00:00-05:00,56.11019856335136,56.257984362222274,55.282585310962716,55.56830978393555,675200,0.0,0.0
2006-01-24 00:00:00-05:00,55.51903907182918,56.317095843962576,55.51903907182918,56.208717346191406,852900,0.0,0.0
2006-01-25 00:00:00-05:00,56.2087182856242,56.38606423795122,55.6963859520622,55.972259521484375,486100,0.0,0.0
2006-01-26 00:00:00-05:00,56.45503261258279,56.68164049793565,56.159457273359244,56.39591979980469,910200,0.0,0.0
2006-01-27 00:00:00-05:00,56.504294564431234,57.97232413690935,56.504294564431234,57.37131881713867,927700,0.0,0.0
2006-01-30 00:00:00-05:00,57.29249841386676,57.4698443627605,57.13485798801058,57.24323272705078,381800,0.0,0.0
2006-01-31 00:00:00-05:00,57.01662536084594,57.96247168290522,56.89839598000513,57.785125732421875,706100,0.0,0.0
2006-02-01 00:00:00-05:00,57.588075162067426,57.68659902123954,56.83928030195987,56.888545989990234,893900,0.0,0.0
2006-02-02 00:00:00-05:00,56.888543652327684,56.888543652327684,55.8835845446018,56.159454345703125,1004800,0.0,0.0
2006-02-03 00:00:00-05:00,55.913141488165444,56.37621188028499,55.61756616150275,56.01166534423828,796100,0.0,0.0
2006-02-06 00:00:00-05:00,55.6668233171367,55.67667419852178,54.39584538716139,54.583045959472656,1381700,0.0,0.0
2006-02-07 00:00:00-05:00,54.58305150871378,55.44022109722741,54.58305150871378,55.11508560180664,1069400,0.0,0.0
2006-02-08 00:00:00-05:00,55.06582246313413,55.76535160898344,55.06582246313413,55.44021987915039,580000,0.0,0.0
2006-02-09 00:00:00-05:00,55.45992067389803,56.07077679436304,55.32198578461018,55.676673889160156,449300,0.0,0.0
2006-02-10 00:00:00-05:00,55.61756548986225,56.060930353724295,55.42051402165199,55.528892517089844,564600,0.0,0.0
2006-02-13 00:00:00-05:00,55.66683056011009,56.05107887766949,55.61756862988736,55.706241607666016,779400,0.0,0.0
2006-02-14 00:00:00-05:00,55.90329509993397,56.55356237424378,55.72594913799089,56.49444580078125,528700,0.0,0.0
2006-02-15 00:00:00-05:00,56.24813195083796,56.947661151777744,56.17916449488302,56.927955627441406,1304600,0.0,0.0
2006-02-16 00:00:00-05:00,57.39102420892336,58.070847863680086,57.144710800301375,57.400875091552734,1254800,0.0,0.0
2006-02-17 00:00:00-05:00,57.59793226424402,58.21864316769904,57.144716449601496,57.90336227416992,973000,0.0,0.0
2006-02-21 00:00:00-05:00,56.65208453168337,57.63733817571265,56.65208453168337,56.937808990478516,1053200,0.0,0.0
2006-02-22 00:00:00-05:00,57.193974104265095,57.913208823705624,57.193974104265095,57.70630645751953,799500,0.0,0.0
2006-02-23 00:00:00-05:00,57.459992865858375,57.844241190003636,57.20382856924301,57.42058181762695,678100,0.0,0.0
2006-02-24 00:00:00-05:00,57.21367937610818,57.71616084428048,57.21367937610818,57.45014190673828,610100,0.0,0.0
2006-02-27 00:00:00-05:00,57.41072617749518,57.72600702033217,57.29249680104234,57.341758728027344,600200,0.0,0.0
2006-02-28 00:00:00-05:00,57.09544947194362,57.58807629437895,56.908248874013786,57.253089904785156,558600,0.0,0.0
2006-03-01 00:00:00-05:00,57.25308904142403,57.30235097123583,56.86884072706994,57.144710540771484,554600,0.0,0.0
2006-03-02 00:00:00-05:00,56.849139902754835,57.8836555480957,56.80972885226985,57.8836555480957,592000,0.0,0.0
2006-03-03 00:00:00-05:00,57.588073936254865,58.22848652413046,57.489546320735684,57.52895736694336,373300,0.0,0.0
2006-03-06 00:00:00-05:00,57.39102317133488,57.40087405378615,56.267834649676146,56.34665298461914,726000,0.0,0.0
2006-03-07 00:00:00-05:00,56.3565052029967,56.849131990158476,55.87372929786274,55.99196243286133,845200,0.0,0.0
2006-03-08 00:00:00-05:00,55.96240757568294,56.82943185565456,55.873734595248976,56.5831184387207,528900,0.0,0.0
2006-03-09 00:00:00-05:00,56.58311874207402,56.79987575284012,56.13975383752722,56.17916488647461,485000,0.0,0.0
2006-03-10 00:00:00-05:00,56.189014613384124,56.6914960810133,55.7456534764041,56.47473907470703,543700,0.0,0.0
2006-03-13 00:00:00-05:00,56.72105027697956,56.74075580027971,55.95255366049515,56.06093215942383,421400,0.0,0.0
2006-03-14 00:00:00-05:00,55.91314373348889,56.51414905162286,55.91314373348889,56.42547607421875,492600,0.0,0.0
2006-03-15 00:00:00-05:00,56.30724725965088,57.23338433199842,56.30724725965088,56.937808990478516,568000,0.0,0.0
2006-03-16 00:00:00-05:00,56.94765565172376,57.39102051035957,56.63237480968143,56.71119689941406,660900,0.0,0.0
2006-03-17 00:00:00-05:00,56.84913466126998,57.36146699500396,56.553559326773836,57.29249954223633,1249300,0.0,0.0
2006-03-20 00:00:00-05:00,57.292502273238824,57.814685514354764,57.292502273238824,57.55851745605469,578500,0.0,0.0
2006-03-21 00:00:00-05:00,57.5585151072809,57.94276717905095,57.43043484180187,57.519107818603516,531200,0.0,0.0
2006-03-22 00:00:00-05:00,57.53881637516713,58.07085050557749,57.262942789217654,58.04129409790039,482600,0.0,0.0
2006-03-23 00:00:00-05:00,57.88365472395528,58.17923008149507,57.400878758499445,58.09055709838867,493500,0.0,0.0
2006-03-24 00:00:00-05:00,58.10041036757034,58.60288808767336,58.011737386558686,58.445247650146484,672900,0.0,0.0
2006-03-27 00:00:00-05:00,58.45510362675314,58.67185688427551,58.01173871156828,58.43539810180664,618700,0.0,0.0
2006-03-28 00:00:00-05:00,60.15958910880583,60.15958910880583,58.22848910202286,58.51421356201172,479600,0.0,0.0
2006-03-29 00:00:00-05:00,58.760525370196966,58.85905298738888,58.22848751269354,58.26789855957031,677600,0.0,0.0
2006-03-30 00:00:00-05:00,58.139810783092955,58.139810783092955,57.706300570767695,57.923057556152344,465000,0.0,0.0
2006-03-31 00:00:00-05:00,57.9624710195178,58.03143847075595,57.48954598467871,57.61763000488281,731500,0.0,0.0
2006-04-03 00:00:00-04:00,57.765417318545836,57.765417318545836,57.15455740480736,57.20382308959961,584400,0.0,0.0
2006-04-04 00:00:00-04:00,57.095449082412834,57.32205696817374,56.8392810317653,57.02648162841797,945300,0.0,0.0
2006-04-05 00:00:00-04:00,57.04618959323044,57.578223724179104,56.99692390245941,57.38117599487305,585000,0.0,0.0
2006-04-06 00:00:00-04:00,57.3614699139902,57.3614699139902,56.819577388320006,56.86884307861328,996800,0.0,0.0
2006-04-07 00:00:00-04:00,56.711196027895184,57.07573879119618,56.405766072541134,56.60281753540039,485300,0.0,0.0
2006-04-10 00:00:00-04:00,56.563411455152455,56.61267338557949,56.13975208828006,56.307247161865234,602800,0.0,0.0
2006-04-11 00:00:00-04:00,56.405772049979234,56.45503398130343,55.893439695629844,56.041229248046875,765400,0.0,0.0
2006-04-12 00:00:00-04:00,56.17916544079845,56.60282482505184,56.001819477229844,56.031375885009766,434400,0.0,0.0
2006-04-13 00:00:00-04:00,55.97225952148438,56.35650783204481,55.68653506957482,55.972259521484375,350600,0.0,0.0
2006-04-17 00:00:00-04:00,55.86387491876697,55.86387491876697,55.390953683709725,55.55844497680664,546500,0.0,0.0
2006-04-18 00:00:00-04:00,55.80476023776907,56.543700397185376,55.48947940376029,55.74564743041992,529600,0.0,0.0
2006-04-19 00:00:00-04:00,55.72594611641289,56.11019442697332,55.44022166450334,55.972259521484375,488700,0.0,0.0
2006-04-20 00:00:00-04:00,57.63734177580381,59.016698466978674,57.63734177580381,57.972328186035156,1671500,0.0,0.0
2006-04-21 00:00:00-04:00,58.16937458742326,58.16937458742326,57.40087420860172,57.63733673095703,555300,0.0,0.0
2006-04-24 00:00:00-04:00,57.637340335282964,58.03144331103877,57.39102691504671,57.69645690917969,881900,0.0,0.0
2006-04-25 00:00:00-04:00,57.70630457749285,58.52406689117357,57.25308881153319,57.86394500732422,1101300,0.0,0.0
2006-04-26 00:00:00-04:00,58.031436981149795,58.12996083511981,57.16441278412603,57.341758728027344,884600,0.0,0.0
2006-04-27 00:00:00-04:00,57.34176048079483,57.34176048079483,56.30724494871115,56.553558349609375,729900,0.0,0.0
2006-04-28 00:00:00-04:00,56.53385775015132,57.026484594851446,56.04123090545119,56.25798416137695,718100,0.0,0.0
2006-05-01 00:00:00-04:00,56.504302031464775,56.67179712623837,55.78506723260134,55.794921875,856100,0.0,0.0
2006-05-02 00:00:00-04:00,55.99196743614542,56.553561723016806,55.70624297203347,56.32695007324219,701600,0.0,0.0
2006-05-03 00:00:00-04:00,56.33679954965115,56.41561788102303,55.76535067381753,56.02151870727539,570000,0.0,0.0
2006-05-04 00:00:00-04:00,56.0215182453068,56.79986946282274,56.01166360493902,56.484588623046875,640800,0.0,0.0
2006-05-05 00:00:00-04:00,56.701345395741185,57.144710278904306,56.65208346615513,56.888545989990234,631200,0.0,0.0
2006-05-08 00:00:00-04:00,57.06588758250863,57.351612032914105,56.98706924769169,57.03633117675781,388800,0.0,0.0
2006-05-09 00:00:00-04:00,57.20382410260011,57.83438579128898,57.095445607648436,57.597923278808594,777600,0.0,0.0
2006-05-10 00:00:00-04:00,57.44028799184774,58.03144244667638,57.39102606022314,57.588077545166016,630900,0.0,0.0
2006-05-11 00:00:00-04:00,57.57822036743164,58.0018797259409,57.36146712614256,57.57822036743164,614800,0.0,0.0
2006-05-12 00:00:00-04:00,57.98217520380194,57.98217520380194,57.50925390767089,57.65704345703125,472700,0.0,0.0
2006-05-15 00:00:00-04:00,57.73586410427381,58.17922901165287,57.59792919052133,58.04129409790039,501300,0.0,0.0
2006-05-16 00:00:00-04:00,58.01173466299632,58.69155831320596,57.952618092282485,58.4945068359375,915100,0.0,0.0
2006-05-17 00:00:00-04:00,58.49450787828409,59.479761523738844,58.228488942997984,58.88861083984375,1894200,0.0,0.0
2006-05-18 00:00:00-04:00,58.88860924208307,59.213740981870615,58.61273943154282,58.642295837402344,902200,0.0,0.0
2006-05-19 00:00:00-04:00,58.77037946272766,58.780230345132786,58.120112229106155,58.415687561035156,952100,0.0,0.0
2006-05-22 00:00:00-04:00,58.08070137095289,58.898459917223256,57.98217375436085,58.701412200927734,578300,0.0,0.0
2006-05-23 00:00:00-04:00,58.602881569440825,58.701409180963985,57.80482482910156,57.80482482910156,821600,0.0,0.0
2006-05-24 00:00:00-04:00,57.81468629852863,57.903359280151456,57.1939754271688,57.69645690917969,1107900,0.0,0.0
2006-05-25 00:00:00-04:00,57.83438831925879,58.32701512988545,57.62748596082223,58.26789855957031,639800,0.0,0.0
2006-05-26 00:00:00-04:00,58.13982129922066,58.40584025891548,57.9624790845355,58.15952682495117,259900,0.0,0.0
2006-05-30 00:00:00-04:00,57.98217264202256,58.39598110688199,57.942765354586015,57.992027282714844,355100,0.0,0.0
2006-05-31 00:00:00-04:00,58.17922730294149,58.75067622421217,58.110259848090806,58.484657287597656,1004200,0.0,0.0
2006-06-01 00:00:00-04:00,58.52406379103423,59.11521443197635,58.46494722356237,59.0068359375,783500,0.0,0.0
2006-06-02 00:00:00-04:00,58.90831448503496,59.22359534084984,58.76052493955236,59.04624938964844,625600,0.0,0.0
2006-06-05 00:00:00-04:00,58.888611477721675,58.8984623605674,58.1890822838982,58.3959846496582,684200,0.0,0.0
2006-06-06 00:00:00-04:00,57.93291861208132,58.888615933539704,57.93291861208132,58.878761291503906,679500,0.0,0.0
2006-06-07 00:00:00-04:00,59.075807256901975,59.65710705390032,59.00683980288898,59.322120666503906,644900,0.0,0.0
2006-06-08 00:00:00-04:00,59.56842873768617,60.484714839964944,59.36152639418942,60.39604187011719,1306200,0.0,0.0
2006-06-09 00:00:00-04:00,60.54383564374533,60.69162143153976,59.95268121723476,59.9625358581543,1076100,0.0,0.0
2006-06-12 00:00:00-04:00,60.05121035718814,60.23840719651969,59.13492416753614,59.23344802856445,685800,0.0,0.0
2006-06-13 00:00:00-04:00,59.361531035932565,60.01179827951538,59.21374148848198,59.49946594238281,2389900,0.0,0.0
2006-06-14 00:00:00-04:00,59.31227003742111,60.64236095158054,59.213742418092465,60.583248138427734,1087400,0.0,0.0
2006-06-15 00:00:00-04:00,60.593096483733895,60.79999883799321,60.110320565351294,60.57339096069336,974100,0.0,0.0
2006-06-16 00:00:00-04:00,60.632513375258775,61.07587829030412,60.11032636045223,60.386199951171875,739000,0.0,0.0
2006-06-19 00:00:00-04:00,60.593098365316365,60.73103327243916,60.258111980113426,60.41575241088867,577500,0.0,0.0
2006-06-20 00:00:00-04:00,60.41575072687495,60.91823216989548,59.85415647298911,60.85911560058594,977300,0.0,0.0
2006-06-21 00:00:00-04:00,60.937936356903855,62.05127402660245,60.937936356903855,61.87392807006836,1532000,0.0,0.0
2006-06-22 00:00:00-04:00,61.97244921008095,61.98230009177207,60.74088228427206,60.888668060302734,1383100,0.0,0.0
2006-06-23 00:00:00-04:00,60.89853232428598,60.89853232428598,60.26796680153006,60.386199951171875,970800,0.0,0.0
2006-06-26 00:00:00-04:00,60.54384111477508,60.65221962401783,60.100476194438656,60.52413558959961,1148600,0.0,0.0
2006-06-27 00:00:00-04:00,60.44530533491115,60.76058617829841,60.28766491321752,60.32707595825195,1135200,0.0,0.0
2006-06-28 00:00:00-04:00,60.396047700147065,60.79015066161184,59.71622403798693,60.2088508605957,991400,0.0,0.0
2006-06-29 00:00:00-04:00,60.43545233363162,60.93792998564629,60.37633576815296,60.888668060302734,925600,0.0,0.0
2006-06-30 00:00:00-04:00,60.987204208472036,61.57835491225185,60.90838211013099,61.31233596801758,1596400,0.0,0.0
2006-07-03 00:00:00-04:00,61.33203908730651,61.430562947924436,60.868968673824654,61.27292251586914,299600,0.0,0.0
2006-07-05 00:00:00-04:00,61.125138740574904,61.26307365336622,60.6916247192942,61.08572769165039,1033900,0.0,0.0
2006-07-06 00:00:00-04:00,61.036463927740634,61.55864715576172,61.036463927740634,61.55864715576172,972800,0.0,0.0
2006-07-07 00:00:00-04:00,61.43056093026388,61.72614001929822,61.0857236709828,61.144840240478516,553000,0.0,0.0
2006-07-10 00:00:00-04:00,61.28277801788086,61.499531265974056,61.20395592152375,61.38130187988281,447600,0.0,0.0
2006-07-11 00:00:00-04:00,61.282774930240976,61.96259856406923,61.18424731475876,61.86407470703125,412400,0.0,0.0
2006-07-12 00:00:00-04:00,61.91333596339592,62.524192138977064,61.75569553878001,62.041419982910156,1055900,0.0,0.0
2006-07-13 00:00:00-04:00,62.07097958513801,62.780363411670365,61.06602041703197,61.213809967041016,1066600,0.0,0.0
2006-07-14 00:00:00-04:00,61.39115686293829,61.4798298426115,60.6817730255526,61.29262924194336,701900,0.0,0.0
2006-07-17 00:00:00-04:00,61.085728892874855,61.80496363689052,61.01676143512298,61.10543441772461,404600,0.0,0.0
2006-07-18 00:00:00-04:00,61.233509801206566,61.33203365309497,60.750733906687714,61.02660369873047,1316500,0.0,0.0
2006-07-19 00:00:00-04:00,61.243366083894884,62.287736294854525,61.243366083894884,61.61776351928711,715900,0.0,0.0
2006-07-20 00:00:00-04:00,61.58820215228092,62.24832403228414,61.529089340466264,61.59805679321289,594100,0.0,0.0
2006-07-21 00:00:00-04:00,61.62760822497188,61.65716838693761,61.01675208204396,61.2335090637207,581000,0.0,0.0
2006-07-24 00:00:00-04:00,61.3320381801028,62.31729180548598,61.3320381801028,62.16950225830078,622700,0.0,0.0
2006-07-25 00:00:00-04:00,63.54885649713418,63.558711137753946,62.228616537398594,63.45033264160156,1360100,0.0,0.0
2006-07-26 00:00:00-04:00,63.64737989145689,63.69664557731038,62.95770539083784,63.22372055053711,1228000,0.0,0.0
2006-07-27 00:00:00-04:00,63.450335435449254,63.6473831551909,62.090684370254735,62.396114349365234,1125300,0.0,0.0
2006-07-28 00:00:00-04:00,62.396116569700425,63.223726042331826,61.87392957015915,63.12520217895508,1008400,0.0,0.0
2006-07-31 00:00:00-04:00,63.125198293938304,63.94296059172542,62.95770698481713,63.470035552978516,1096700,0.0,0.0
2006-08-01 00:00:00-04:00,63.420778869791974,63.81487430828485,62.86903548394669,63.08578872680664,1260200,0.0,0.0
2006-08-02 00:00:00-04:00,63.08578715978732,64.12030645235583,62.95770689714745,63.84443664550781,1240000,0.0,0.0
2006-08-03 00:00:00-04:00,64.04147425638753,64.86908354636418,64.02177249481596,64.49468994140625,1575400,0.0,0.0
2006-08-04 00:00:00-04:00,64.47499246826035,64.95776458619069,64.42572678572373,64.72130584716797,1163700,0.0,0.0
2006-08-07 00:00:00-04:00,64.87895626801694,65.5095180504728,64.50456255871168,65.1055679321289,1006200,0.0,0.0
2006-08-08 00:00:00-04:00,64.90850843347351,65.22378930408905,64.71146070817213,64.87895202636719,1026400,0.0,0.0
2006-08-09 00:00:00-04:00,64.88880602447784,65.25335258124953,64.39617919921875,64.39617919921875,969900,0.0,0.0
2006-08-10 00:00:00-04:00,64.39617215340452,65.74597221300796,64.18926981146028,65.59818267822266,1398000,0.0,0.0
2006-08-11 00:00:00-04:00,65.51936902829199,65.52922366971688,64.83954159086464,65.39128875732422,685600,0.0,0.0
2006-08-14 00:00:00-04:00,65.14497345816478,66.24845272543124,65.14497345816478,65.86420440673828,815900,0.0,0.0
2006-08-15 00:00:00-04:00,66.25830239189995,66.79034022019607,66.04154540442137,66.5046157836914,1207300,0.0,0.0
2006-08-16 00:00:00-04:00,66.70167087523767,66.81990402246748,66.47506673915846,66.56373596191406,878700,0.0,0.0
2006-08-17 00:00:00-04:00,66.31741667100898,66.94797836662575,66.0415468687877,66.78048706054688,988600,0.0,0.0
2006-08-18 00:00:00-04:00,66.701674025246,67.31253403944791,66.52432805447059,67.05636596679688,1049600,0.0,0.0
2006-08-21 00:00:00-04:00,67.91353152246666,67.9726443335618,67.43075935911655,67.77559661865234,647700,0.0,0.0
2006-08-22 00:00:00-04:00,67.93323048353997,68.14998747112772,67.60810251904653,67.8248519897461,985700,0.0,0.0
2006-08-23 00:00:00-04:00,67.88396958696586,67.94308239324556,67.13517480090884,67.21399688720703,1055700,0.0,0.0
2006-08-24 00:00:00-04:00,67.29282702888501,67.61795501923113,66.43565365078086,67.09577178955078,1029100,0.0,0.0
2006-08-25 00:00:00-04:00,67.04651998135023,67.54899397634694,66.81990831382838,67.42091369628906,646600,0.0,0.0
2006-08-28 00:00:00-04:00,67.24355477660241,67.89382572760329,67.24355477660241,67.4898681640625,1072000,0.0,0.0
2006-08-29 00:00:00-04:00,67.4898681640625,67.64751234014321,67.0169431527084,67.4898681640625,1389300,0.0,0.0
2006-08-30 00:00:00-04:00,67.58839522959352,67.66721732138198,67.31252542522232,67.32238006591797,1191400,0.0,0.0
2006-08-31 00:00:00-04:00,67.1942918964477,67.5095727448781,67.01694594940007,67.41104888916016,848300,0.0,0.0
2006-09-01 00:00:00-04:00,67.40121049097368,67.45046866676529,66.99725285828012,67.1450424194336,902500,0.0,0.0
2006-09-05 00:00:00-04:00,67.14504030482927,67.48987759206786,66.88887224135671,67.01695251464844,742400,0.0,0.0
2006-09-06 00:00:00-04:00,66.8001990110291,66.8001990110291,66.01199310156834,66.76078796386719,1597300,0.0,0.0
2006-09-07 00:00:00-04:00,66.51447797925083,66.60314720226107,65.61789352318357,65.87406158447266,1441200,0.0,0.0
2006-09-08 00:00:00-04:00,65.92332672223395,66.18934190592243,65.78538429278221,66.0218505859375,696300,0.0,0.0
2006-09-11 00:00:00-04:00,67.58839689019256,67.58839689019256,65.47995474282294,66.2188949584961,741700,0.0,0.0
2006-09-12 00:00:00-04:00,66.35684035942825,66.98740217518466,66.35684035942825,66.77064514160156,724900,0.0,0.0
2006-09-13 00:00:00-04:00,66.89871177770017,67.21399258582855,66.7016565745653,66.98738098144531,676500,0.0,0.0
2006-09-14 00:00:00-04:00,66.90856889104182,67.0070927378085,66.09080668079181,66.33712005615234,396500,0.0,0.0
2006-09-15 00:00:00-04:00,66.48491144013464,66.54402424646676,65.77552769659756,65.83464050292969,1282300,0.0,0.0
2006-09-18 00:00:00-04:00,65.9331683677253,66.02184509951172,65.34201771773975,65.46025085449219,654400,0.0,0.0
2006-09-19 00:00:00-04:00,65.70657271020646,66.59329504088936,65.22379297731811,66.54403686523438,1058400,0.0,0.0
2006-09-20 00:00:00-04:00,66.79034209340685,66.9972444462879,66.47506124374691,66.69181823730469,392100,0.0,0.0
2006-09-21 00:00:00-04:00,66.69182852831489,66.80020704181733,65.8543568299979,66.01200103759766,449900,0.0,0.0
2006-09-22 00:00:00-04:00,65.9528786028335,66.35682867135873,65.62774310972812,65.8543472290039,363200,0.0,0.0
2006-09-25 00:00:00-04:00,66.05140191862733,66.05140191862733,65.03659191835962,65.3420181274414,849000,0.0,0.0
2006-09-26 00:00:00-04:00,65.34201799643942,66.14992564213955,65.1351156439064,66.03169250488281,637300,0.0,0.0
2006-09-27 00:00:00-04:00,65.95288195919933,66.04155117989224,65.44054585001088,65.65730285644531,621000,0.0,0.0
2006-09-28 00:00:00-04:00,65.66715428654803,66.1794828537945,65.66715428654803,65.82479095458984,497000,0.0,0.0
2006-09-29 00:00:00-04:00,65.82479315602632,66.01199375266962,64.42573479397825,64.60308074951172,1564400,0.0,0.0
2006-10-02 00:00:00-04:00,64.60307444481145,64.83953319015018,63.92324709546364,64.24838256835938,1228500,0.0,0.0
2006-10-03 00:00:00-04:00,71.13530829993398,71.3225088929875,65.51936567721393,65.58833312988281,8731900,0.0,0.0
2006-10-04 00:00:00-04:00,65.9922886994701,67.19429176387881,65.21393746212384,66.78048706054688,2767100,0.0,0.0
2006-10-05 00:00:00-04:00,66.71151960999156,66.88886555668928,66.17948176989835,66.78048706054688,2184900,0.0,0.0
2006-10-06 00:00:00-04:00,66.78048868700624,66.84945613924128,65.47995421851071,65.7065658569336,1091200,0.0,0.0
2006-10-09 00:00:00-04:00,65.80508552785733,65.85434369524047,64.57351858995813,64.79027557373047,1174100,0.0,0.0
2006-10-10 00:00:00-04:00,64.78042187675656,64.7902765171319,63.97251425440638,64.52425384521484,1604600,0.0,0.0
2006-10-11 00:00:00-04:00,64.52425123745002,66.25829954590795,64.46513843136336,65.9233169555664,1588600,0.0,0.0
2006-10-12 00:00:00-04:00,66.11051850161161,66.1203731428539,65.12526485027048,65.68685913085938,1214900,0.0,0.0
2006-10-13 00:00:00-04:00,65.41098114196386,66.02184103558461,64.86908869464803,65.17452239990234,1135500,0.0,0.0
2006-10-16 00:00:00-04:00,65.2730567888403,65.96273136324976,65.18438756508297,65.72627258300781,681200,0.0,0.0
2006-10-17 00:00:00-04:00,65.7262634682647,66.06125358430026,65.37157158864497,65.45039367675781,1300600,0.0,0.0
2006-10-18 00:00:00-04:00,65.6967136198736,65.89376134292972,65.42084380083953,65.74597930908203,655800,0.0,0.0
2006-10-19 00:00:00-04:00,65.56863282452994,66.14007422355489,65.42084327498141,65.86420440673828,883900,0.0,0.0
2006-10-20 00:00:00-04:00,66.8002002058826,67.23370669864036,66.35683155504717,67.09577178955078,1506300,0.0,0.0
2006-10-23 00:00:00-04:00,67.24356039546926,67.87412211870571,67.0465126757911,67.33222961425781,1752100,0.0,0.0
2006-10-24 00:00:00-04:00,67.58840082038036,68.20911544844834,67.04651580750988,67.85442352294922,1960900,0.0,0.0
2006-10-25 00:00:00-04:00,67.98249923767112,68.53423885506528,67.47017066678919,67.71648406982422,1189800,0.0,0.0
2006-10-26 00:00:00-04:00,67.69677616423992,67.71648544634093,66.94798129906337,67.33222961425781,831500,0.0,0.0
2006-10-27 00:00:00-04:00,67.18445347020048,67.3617994402068,66.75093942865409,67.1450424194336,660100,0.0,0.0
2006-10-30 00:00:00-05:00,67.29282487969098,67.48987259584314,66.84945624301582,66.99724578857422,1181600,0.0,0.0
2006-10-31 00:00:00-05:00,67.09577030364147,67.63766280369883,67.01694820965338,67.48001861572266,863500,0.0,0.0
2006-11-01 00:00:00-05:00,67.48001810352986,67.90367745938939,66.06125800695607,66.30757141113281,1236000,0.0,0.0
2006-11-02 00:00:00-05:00,66.35682545268998,67.15488594404641,66.30756728505293,66.71151733398438,858400,0.0,0.0
2006-11-03 00:00:00-05:00,66.74107655904704,67.04651028561486,65.97257995605469,65.97257995605469,892700,0.0,0.0
2006-11-06 00:00:00-05:00,66.2681572914045,66.70166375116848,66.18933520166989,66.44550323486328,978800,0.0,0.0
2006-11-07 00:00:00-05:00,66.99725415345648,67.78546015025294,66.81990818002176,67.45046997070312,971100,0.0,0.0
2006-11-08 00:00:00-05:00,67.31252355545831,67.53913518383337,66.60313978284378,67.13517761230469,993800,0.0,0.0
2006-11-09 00:00:00-05:00,67.4504528837938,67.53912960649184,66.37653019002218,66.57357788085938,845100,0.0,0.0
2006-11-10 00:00:00-05:00,66.74108335111862,67.19429914985498,66.64255948476536,66.86917114257812,591500,0.0,0.0
2006-11-13 00:00:00-05:00,67.04652164829068,67.47018106749469,66.8987320803098,67.00711059570312,494400,0.0,0.0
2006-11-14 00:00:00-05:00,67.10561801272227,67.4800116451586,66.9184174380602,67.30266571044922,744800,0.0,0.0
2006-11-15 00:00:00-05:00,67.37164524199898,68.13029479980469,67.30267778373383,68.13029479980469,873700,0.0,0.0
2006-11-16 00:00:00-05:00,68.14999874066937,68.85938262939453,68.14999874066937,68.85938262939453,655600,0.0,0.0
2006-11-17 00:00:00-05:00,68.72143608337569,68.85937098097335,68.228809301416,68.57364654541016,828900,0.0,0.0
2006-11-20 00:00:00-05:00,68.47513307966261,68.71159186614395,67.77560384519205,67.86427307128906,1059200,0.0,0.0
2006-11-21 00:00:00-05:00,68.02190786628961,68.27807590106914,67.55883748234179,67.67707061767578,622200,0.0,0.0
2006-11-22 00:00:00-05:00,67.88397843145492,68.2386703491211,67.48987546550487,68.2386703491211,694500,0.0,0.0
2006-11-24 00:00:00-05:00,68.18940481221368,68.45542750950334,67.88397858344076,68.17955017089844,173100,0.0,0.0
2006-11-27 00:00:00-05:00,68.4258595389788,68.90863921532004,68.20911006108356,68.58350372314453,1157600,0.0,0.0
2006-11-28 00:00:00-05:00,68.4258635855576,68.72144268990412,68.06132454267092,68.17955017089844,944900,0.0,0.0
2006-11-29 00:00:00-05:00,68.18941189946324,69.14510925037314,68.1007426690768,68.9579086303711,927900,0.0,0.0
2006-11-30 00:00:00-05:00,69.20421899339082,69.99242497392923,69.03672766551544,69.75596618652344,955600,0.0,0.0
2006-12-01 00:00:00-05:00,69.85447707402056,69.85447707402056,69.22391541352094,69.79535675048828,765700,0.0,0.0
2006-12-04 00:00:00-05:00,70.04167041311284,70.58356286580515,69.81506630881456,70.4259262084961,598900,0.0,0.0
2006-12-05 00:00:00-05:00,70.64268493652344,70.81018377279499,69.95301037618982,70.64268493652344,546600,0.0,0.0
2006-12-06 00:00:00-05:00,70.57371822211255,71.33236776334071,70.4456379501015,71.1254653930664,720600,0.0,0.0
2006-12-07 00:00:00-05:00,71.08605073629973,71.78557990988466,71.08605073629973,71.38162231445312,935400,0.0,0.0
2006-12-08 00:00:00-05:00,71.39148368596163,71.58853894019678,70.78062367316669,70.98753356933594,793100,0.0,0.0
2006-12-11 00:00:00-05:00,70.98753220858585,71.6082393345273,70.97767756684065,71.31266021728516,1047400,0.0,0.0
2006-12-12 00:00:00-05:00,70.93826293945312,71.1747217111891,70.4456361134847,70.93826293945312,826900,0.0,0.0
2006-12-13 00:00:00-05:00,71.33236874374131,71.43089260948001,70.69195234110609,70.85944366455078,721000,0.0,0.0
2006-12-14 00:00:00-05:00,70.91855850639958,71.34221786147296,70.79047072565669,70.95796203613281,967600,0.0,0.0
2006-12-15 00:00:00-05:00,70.96781466155683,71.24368446318613,70.74121054602777,70.82987976074219,780000,0.0,0.0
2006-12-18 00:00:00-05:00,71.03677985189294,71.4998502257043,70.98752168424822,71.42102813720703,794700,0.0,0.0
2006-12-19 00:00:00-05:00,71.52941475289381,72.04175086942134,71.43089088952743,71.96292877197266,816400,0.0,0.0
2006-12-20 00:00:00-05:00,72.1599748679178,72.64275456621367,72.10086205461168,72.3767318725586,549500,0.0,0.0
2006-12-21 00:00:00-05:00,72.38658142089844,72.83979716376597,72.17967907199511,72.38658142089844,549800,0.0,0.0
2006-12-22 00:00:00-05:00,73.10580802447815,73.2043393897825,72.46539925132664,72.84964752197266,496100,0.0,0.0
2006-12-26 00:00:00-05:00,72.80039137372697,72.87921346953839,72.16982964101325,72.34717559814453,465100,0.0,0.0
2006-12-27 00:00:00-05:00,72.54421649265318,72.88906125014783,72.48510368480292,72.80038452148438,707500,0.0,0.0
2006-12-28 00:00:00-05:00,72.79054767264834,73.10582858639063,72.59349992039313,72.81025695800781,441200,0.0,0.0
2006-12-29 00:00:00-05:00,72.71171690498434,73.10581232181646,72.30775933077672,72.38658142089844,377900,0.0,0.0
2007-01-03 00:00:00-05:00,72.21909656369522,73.14522989618787,71.86440464337414,72.02204132080078,1519600,0.0,0.0
2007-01-04 00:00:00-05:00,72.04174563841562,72.89891145604157,71.67719910185215,72.6624526977539,1094100,0.0,0.0
2007-01-05 00:00:00-05:00,72.41614278813528,72.70186724674096,72.13041832952958,72.40628814697266,1464300,0.0,0.0
2007-01-08 00:00:00-05:00,72.46541394516314,73.74623926806733,71.92352139366065,73.59844970703125,1415400,0.0,0.0
2007-01-09 00:00:00-05:00,73.59843910974485,73.66740655937929,72.19938083608142,72.38658142089844,1189400,0.0,0.0
2007-01-10 00:00:00-05:00,72.199386331861,72.38658693092765,72.0417496565066,72.25849914550781,937800,0.0,0.0
2007-01-11 00:00:00-05:00,72.20924390802472,72.67231434544956,71.82499556992518,72.1796875,1118300,0.0,0.0
2007-01-12 00:00:00-05:00,72.17968336952777,72.50481135608335,71.8545478660835,71.92351531982422,956900,0.0,0.0
2007-01-16 00:00:00-05:00,72.16982983091287,72.67231129692182,71.411187828176,71.62793731689453,1187100,0.0,0.0
2007-01-17 00:00:00-05:00,71.62792420109201,71.93335788801471,71.35205443242954,71.75601196289062,1585900,0.0,0.0
2007-01-18 00:00:00-05:00,72.00233715072814,72.42599651269364,71.77572550818854,71.98262786865234,1215900,0.0,0.0
2007-01-19 00:00:00-05:00,72.13041485611784,72.3767282551007,71.84469041127109,72.00233459472656,719100,0.0,0.0
2007-01-22 00:00:00-05:00,72.12056209763884,72.47525400278202,71.98262719195966,72.15997314453125,748200,0.0,0.0
2007-01-23 00:00:00-05:00,71.9924857326861,72.00234037416517,71.430891438603,71.81513977050781,819100,0.0,0.0
2007-01-24 00:00:00-05:00,71.74617136540255,72.0910086437211,71.42103585289266,72.05159759521484,1035800,0.0,0.0
2007-01-25 00:00:00-05:00,72.04174429985152,72.11071174960766,70.8692901371088,71.0072250366211,1186000,0.0,0.0
2007-01-26 00:00:00-05:00,71.21413482921182,71.38162615085608,69.89389850534891,70.4062271118164,1186500,0.0,0.0
2007-01-29 00:00:00-05:00,70.40622690096986,71.33236776334071,70.2091791722007,71.1254653930664,908200,0.0,0.0
2007-01-30 00:00:00-05:00,71.14515675468877,71.92350794820965,71.12545499144872,71.86439514160156,790600,0.0,0.0
2007-01-31 00:00:00-05:00,71.76587455345856,72.47525840685174,71.49985936688066,72.3570327758789,808500,0.0,0.0
2007-02-01 00:00:00-05:00,72.36687240038475,72.42599272663294,71.81513280132339,72.32746887207031,815800,0.0,0.0
2007-02-02 00:00:00-05:00,72.32747596880101,72.90877202957877,72.0318968592228,72.4457015991211,565400,0.0,0.0
2007-02-05 00:00:00-05:00,72.20924045925355,72.57378701355528,71.63779154177152,71.74617004394531,827400,0.0,0.0
2007-02-06 00:00:00-05:00,71.89396544128046,72.33732661031422,71.82499798127766,72.18953704833984,782700,0.0,0.0
2007-02-07 00:00:00-05:00,72.31761345197009,72.89890944944509,72.21908959846954,72.50480651855469,802200,0.0,0.0
2007-02-08 00:00:00-05:00,72.6033437464948,73.214196197614,72.50481236815666,72.97773742675781,922000,0.0,0.0
2007-02-09 00:00:00-05:00,73.15508677300153,73.40140019647964,72.48511396046548,72.75112915039062,555100,0.0,0.0
2007-02-12 00:00:00-05:00,72.99743746398819,73.14522701110751,72.57378562147538,72.76097869873047,592400,0.0,0.0
2007-02-13 00:00:00-05:00,72.95803764377352,73.44080983981623,72.81024808913911,73.13538360595703,778200,0.0,0.0
2007-02-14 00:00:00-05:00,73.15507694475761,73.57873627689773,72.8102397015943,73.34227752685547,761500,0.0,0.0
2007-02-15 00:00:00-05:00,76.84978981018067,79.52968111908413,76.84978981018067,78.82029724121094,5475600,0.0,0.0
2007-02-16 00:00:00-05:00,78.82029079032343,79.80554442520247,78.8104361492458,79.1848373413086,1365800,0.0,0.0
2007-02-20 00:00:00-05:00,78.83014837407771,79.66761249160913,77.39167891548385,79.07646179199219,1821400,0.0,0.0
2007-02-21 00:00:00-05:00,78.76118415538913,79.30306918694296,78.55428177786247,78.87940979003906,666100,0.0,0.0
2007-02-22 00:00:00-05:00,79.03704058121588,79.61833656464944,78.83013823879607,79.06659698486328,821500,0.0,0.0
2007-02-23 00:00:00-05:00,78.82028560968763,79.25379958594515,78.57397221715736,79.1946792602539,893900,0.0,0.0
2007-02-26 00:00:00-05:00,79.18483857258387,79.18483857258387,78.56412396214958,78.85970306396484,620200,0.0,0.0
2007-02-27 00:00:00-05:00,78.82029086728639,78.83999263257219,77.71680408906445,77.83503723144531,1833800,0.0,0.0
2007-02-28 00:00:00-05:00,77.84488679391849,78.7316165117028,77.44092922147134,78.5050048828125,1404300,0.0,0.0
2007-03-01 00:00:00-05:00,73.00730144850307,73.89403132781477,69.03673003452415,69.13525390625,9507700,0.0,0.0
2007-03-02 00:00:00-05:00,68.67217254922728,69.51949124208689,66.60314150357249,67.35193634033203,5958400,0.0,0.0
2007-03-05 00:00:00-05:00,65.08585524000131,67.39135274385245,65.08585524000131,65.96273040771484,2836600,0.0,0.0
2007-03-06 00:00:00-05:00,65.42083730072497,66.52431646722127,64.63263145303785,66.11051177978516,4418700,0.0,0.0
2007-03-07 00:00:00-05:00,66.19919478433357,66.86916756331945,65.87405927757084,66.4652099609375,5701700,0.0,0.0
2007-03-08 00:00:00-05:00,66.85931669657641,67.86427216334395,66.74108354647291,67.47017669677734,2906200,0.0,0.0
2007-03-09 00:00:00-05:00,67.98249655983665,68.11057681828991,67.40120055967772,67.7361831665039,2689100,0.0,0.0
2007-03-12 00:00:00-04:00,67.73618251945632,68.82981457675787,67.58839298149078,68.57364654541016,2402900,0.0,0.0
2007-03-13 00:00:00-04:00,68.94806010873582,69.69684753980188,68.53424782464303,69.3125991821289,2749400,0.0,0.0
2007-03-14 00:00:00-04:00,69.70668466914168,70.03182012606844,68.61305268994265,69.21405792236328,2435100,0.0,0.0
2007-03-15 00:00:00-04:00,69.2140686968135,70.53430497559272,68.89878783047153,70.36681365966797,2108900,0.0,0.0
2007-03-16 00:00:00-04:00,70.42593874376138,71.26340289680323,69.51949961456536,69.81507873535156,1965100,0.0,0.0
2007-03-19 00:00:00-04:00,69.46038263177505,70.51460374125551,69.11554535612983,70.24858856201172,1130300,0.0,0.0
2007-03-20 00:00:00-04:00,70.36680949923895,70.65253394198182,70.04167401092243,70.14020538330078,924200,0.0,0.0
2007-03-21 00:00:00-04:00,70.19932112211966,70.93826134445776,69.62787221279157,70.69194793701172,817000,0.0,0.0
2007-03-22 00:00:00-04:00,70.8397325121903,71.50970523408965,70.52445167346637,70.6722412109375,1082200,0.0,0.0
2007-03-23 00:00:00-04:00,70.7707748413086,71.18457958988846,70.40622826743254,70.7707748413086,677700,0.0,0.0
2007-03-26 00:00:00-04:00,70.92839364346432,71.5096970867843,70.61311284066124,71.48014068603516,1080500,0.0,0.0
2007-03-27 00:00:00-04:00,71.28308692176333,71.3224979625183,70.79046018765732,71.06632995605469,869300,0.0,0.0
2007-03-28 00:00:00-04:00,71.15501470717507,71.34221529266586,70.62297687227095,70.97766876220703,1123900,0.0,0.0
2007-03-29 00:00:00-04:00,71.56881660563236,71.79542822745744,70.91855317745639,71.71660614013672,1127400,0.0,0.0
2007-03-30 00:00:00-04:00,71.82499027672797,72.33731885080786,70.93826051688914,71.55896759033203,1075200,0.0,0.0
2007-04-02 00:00:00-04:00,71.5491369929141,72.09102209800655,70.89886584653478,71.26341247558594,1058200,0.0,0.0
2007-04-03 00:00:00-04:00,71.3126584237782,71.78558349609376,71.2436909670748,71.78558349609375,692700,0.0,0.0
2007-04-04 00:00:00-04:00,71.88409743802725,71.96291952534797,71.55896196549529,71.71660614013672,713900,0.0,0.0
2007-04-05 00:00:00-04:00,71.7757300326007,72.23880047101896,71.5885369424129,72.12056732177734,463800,0.0,0.0
2007-04-09 00:00:00-04:00,72.10086376630315,72.93832788120609,72.10086376630315,72.59349060058594,696900,0.0,0.0
2007-04-10 00:00:00-04:00,72.59349425568762,72.8201059182988,72.29791513347988,72.30776977539062,837900,0.0,0.0
2007-04-11 00:00:00-04:00,72.46541016297996,72.46541016297996,71.04664247810626,71.33236694335938,1115400,0.0,0.0
2007-04-12 00:00:00-04:00,71.3914799114267,71.3914799114267,70.49490298195002,71.27324676513672,1147000,0.0,0.0
2007-04-13 00:00:00-04:00,71.44074021603254,72.16982577096957,71.28309603286326,72.03189086914062,935700,0.0,0.0
2007-04-16 00:00:00-04:00,72.0318911307715,72.17968067380741,71.59837714236974,71.9727783203125,617900,0.0,0.0
2007-04-17 00:00:00-04:00,71.92351730504271,72.26835458326444,71.80528415955715,72.08116149902344,1064800,0.0,0.0
2007-04-18 00:00:00-04:00,72.09100421605012,72.62304206287455,71.67719950748283,72.54421997070312,1223200,0.0,0.0
2007-04-19 00:00:00-04:00,72.54422277145191,72.55407741257591,71.67720227475814,72.49496459960938,723500,0.0,0.0
2007-04-20 00:00:00-04:00,72.9087699720544,73.667411973792,72.4161431479189,72.97773742675781,1036000,0.0,0.0
2007-04-23 00:00:00-04:00,74.4556144974062,74.4556144974062,72.36687415242292,72.51466369628906,670700,0.0,0.0
2007-04-24 00:00:00-04:00,72.4260011462422,72.6230488782745,70.9678223717801,71.46044921875,1102700,0.0,0.0
2007-04-25 00:00:00-04:00,71.70675779633561,71.70675779633561,71.04663967005973,71.41118621826172,1276600,0.0,0.0
2007-04-26 00:00:00-04:00,75.6674774325793,78.74146377031995,75.37189835384815,77.7857666015625,5044500,0.0,0.0
2007-04-27 00:00:00-04:00,77.74637083198729,77.97297496699142,76.82022997530353,77.75621795654297,1402600,0.0,0.0
2007-04-30 00:00:00-04:00,77.795634079297,78.29811558930056,77.10595947097013,77.77593231201172,1071800,0.0,0.0
2007-05-01 00:00:00-04:00,77.63799356840103,77.71680815055177,76.67244164738592,77.43108367919922,2123500,0.0,0.0
2007-05-02 00:00:00-04:00,77.24388442611456,78.46559679618417,77.11579664617385,77.73651123046875,1024500,0.0,0.0
2007-05-03 00:00:00-04:00,77.82518428497156,77.89415174030663,76.50494799230344,76.73155212402344,1131900,0.0,0.0
2007-05-04 00:00:00-04:00,77.14536850591865,77.3424162411787,76.71185446807947,76.98772430419922,920700,0.0,0.0
2007-05-07 00:00:00-04:00,77.23403178134082,77.86459350585939,77.13550792130142,77.86459350585938,734500,0.0,0.0
2007-05-08 00:00:00-04:00,77.86460451062327,78.13062723890474,77.48035614034093,77.66755676269531,796700,0.0,0.0
2007-05-09 00:00:00-04:00,77.66754591740562,78.05179423403254,77.34241041352477,77.83503723144531,604600,0.0,0.0
2007-05-10 00:00:00-04:00,77.68724977752977,77.68724977752977,76.47539198222515,76.64288330078125,975500,0.0,0.0
2007-05-11 00:00:00-04:00,76.65273829111236,77.44093671449423,76.65273829111236,77.2143325805664,550900,0.0,0.0
2007-05-14 00:00:00-04:00,77.00743200747762,77.33256001229532,76.62317615289467,76.74140930175781,506000,0.0,0.0
2007-05-15 00:00:00-04:00,76.59361078424699,77.26358351564677,76.27832994105228,76.43597412109375,634100,0.0,0.0
2007-05-16 00:00:00-04:00,76.94830536610209,77.28329550197275,76.61332274711992,77.04682922363281,470500,0.0,0.0
2007-05-17 00:00:00-04:00,76.80051353427103,77.27343855997889,76.53449837517105,77.0074234008789,575500,0.0,0.0
2007-05-18 00:00:00-04:00,77.11579332129706,77.35225958935146,76.6625775828584,77.2734375,490200,0.0,0.0
2007-05-21 00:00:00-04:00,77.47049148966381,77.7660705902604,76.84978439867754,77.62813568115234,552100,0.0,0.0
2007-05-22 00:00:00-04:00,77.62813193385843,77.67739010365419,77.01727199666125,77.28329467773438,587800,0.0,0.0
2007-05-23 00:00:00-04:00,77.7168070406674,77.9729751004439,77.44093721485685,77.7266616821289,389800,0.0,0.0
2007-05-24 00:00:00-04:00,77.6675499763187,78.18973322790163,77.14536672473578,77.43108367919922,678800,0.0,0.0
2007-05-25 00:00:00-04:00,77.30299057756083,77.72664989348262,77.24387777153522,77.4704818725586,402500,0.0,0.0
2007-05-29 00:00:00-04:00,77.26359009017132,77.93356287858052,77.13550982065517,77.36211395263672,483800,0.0,0.0
2007-05-30 00:00:00-04:00,77.26358433516586,77.8645896233943,77.14535871576899,77.54930877685547,530100,0.0,0.0
2007-05-31 00:00:00-04:00,77.50989760110787,77.86458949247874,77.25373708158648,77.57886505126953,858000,0.0,0.0
2007-06-01 00:00:00-04:00,77.94341038969037,78.61338311681098,77.54930745899209,78.56411743164062,603200,0.0,0.0
2007-06-04 00:00:00-04:00,78.17987528180313,78.47545438226443,78.02223860727554,78.28825378417969,509200,0.0,0.0
2007-06-05 00:00:00-04:00,78.04193797482118,78.28825137867439,77.98282516330076,78.24884033203125,865600,0.0,0.0
2007-06-06 00:00:00-04:00,78.08135802358339,78.25870399547972,77.02713683422446,77.89415740966797,841700,0.0,0.0
2007-06-07 00:00:00-04:00,77.89414575900344,78.74146444056434,76.70198982724641,76.94830322265625,1101300,0.0,0.0
2007-06-08 00:00:00-04:00,76.83992926582309,77.46064386972647,76.61332513811925,77.08624267578125,752300,0.0,0.0
2007-06-11 00:00:00-04:00,77.08623813006719,77.6084213256836,76.77095728458814,77.6084213256836,594600,0.0,0.0
2007-06-12 00:00:00-04:00,76.99757482095075,77.76607147093831,76.73155212402344,76.73155212402344,1664800,0.0,0.0
2007-06-13 00:00:00-04:00,76.92860832872132,77.81533813476562,76.54435999891695,77.81533813476562,1307100,0.0,0.0
2007-06-14 00:00:00-04:00,77.68724193547816,78.09119950439525,77.45078318509808,78.02223205566406,544700,0.0,0.0
2007-06-15 00:00:00-04:00,78.17002141271858,78.79073602644048,78.08135219183765,78.74147033691406,1031100,0.0,0.0
2007-06-18 00:00:00-04:00,78.75132110224888,78.75132110224888,78.16017044147114,78.42618560791016,480700,0.0,0.0
2007-06-19 00:00:00-04:00,78.03208635121253,78.80059051513672,77.95327177176726,78.80059051513672,583600,0.0,0.0
2007-06-20 00:00:00-04:00,78.80059854658144,78.82030031422858,78.05180358886717,78.05180358886719,675000,0.0,0.0
2007-06-21 00:00:00-04:00,77.90400293929655,78.57397569732862,77.75621339385489,78.27839660644531,543600,0.0,0.0
2007-06-22 00:00:00-04:00,77.88431168276402,78.31781821982364,77.34241911532756,77.53946685791016,786400,0.0,0.0
2007-06-25 00:00:00-04:00,77.6379872517539,78.17001758476385,76.92860345188933,77.10594940185547,584000,0.0,0.0
2007-06-26 00:00:00-04:00,77.16506490328565,77.80548127365235,76.85963867981839,77.05668640136719,713300,0.0,0.0
2007-06-27 00:00:00-04:00,76.85964373873203,77.19462639079136,76.69214489581314,77.07640075683594,686500,0.0,0.0
2007-06-28 00:00:00-04:00,76.93845031437354,77.80547829654574,76.859635738903,77.1650619506836,506600,0.0,0.0
2007-06-29 00:00:00-04:00,77.18476397759383,77.77592215540663,76.80051567214859,77.10594940185547,754900,0.0,0.0
2007-07-02 00:00:00-04:00,77.73651563908182,78.05179651107325,77.33255802849555,77.90400695800781,607200,0.0,0.0
2007-07-03 00:00:00-04:00,77.903999861073,78.54441618808966,77.83503241151048,78.44589233398438,277800,0.0,0.0
2007-07-05 00:00:00-04:00,78.4557443412145,80.03215617257892,78.24884197964788,79.81539916992188,1355300,0.0,0.0
2007-07-06 00:00:00-04:00,79.70701918717043,80.67256352320253,79.45085114180151,80.19964599609375,898200,0.0,0.0
2007-07-09 00:00:00-04:00,80.08141397361766,80.17993783339976,78.98778184119232,79.24394989013672,733800,0.0,0.0
2007-07-10 00:00:00-04:00,78.99763613458677,79.41144085398376,77.95326969509283,78.01238250732422,930600,0.0,0.0
2007-07-11 00:00:00-04:00,78.37693258714175,79.07646179199219,78.17002270123129,79.07646179199219,709100,0.0,0.0
2007-07-12 00:00:00-04:00,79.50996824325749,80.00259507875943,79.06660709806134,79.73657989501953,701700,0.0,0.0
2007-07-13 00:00:00-04:00,79.51981474007616,79.93361943546151,79.11586468512041,79.88436126708984,281000,0.0,0.0
2007-07-16 00:00:00-04:00,79.73658120865053,80.36714296713018,79.65775910961831,80.04200744628906,524000,0.0,0.0
2007-07-17 00:00:00-04:00,80.00259666384021,81.10608350330783,79.80554893249095,79.98289489746094,999100,0.0,0.0
2007-07-18 00:00:00-04:00,79.60849920561346,79.91392543661551,78.84984967346853,79.85481262207031,1327800,0.0,0.0
2007-07-19 00:00:00-04:00,79.75627215623875,79.90406169265465,78.98777558714175,79.54936981201172,747700,0.0,0.0
2007-07-20 00:00:00-04:00,79.53954161481288,79.6971783121144,78.47546571969066,78.63310241699219,947400,0.0,0.0
2007-07-23 00:00:00-04:00,78.86955480257818,79.06660251861058,77.35226333508538,77.61827850341797,888400,0.0,0.0
2007-07-24 00:00:00-04:00,77.42123978571372,78.0123905194063,75.31279740818027,77.26359558105469,2027000,0.0,0.0
2007-07-25 00:00:00-04:00,77.2635931575301,77.71680895637472,76.97786868321496,77.25374603271484,1115100,0.0,0.0
2007-07-26 00:00:00-04:00,76.80051217948281,76.80051217948281,74.77089224641811,75.3226318359375,1271200,0.0,0.0
2007-07-27 00:00:00-04:00,75.22411163740267,75.22411163740267,73.05655670166014,73.05655670166016,887300,0.0,0.0
2007-07-30 00:00:00-04:00,75.90395051363981,75.90395051363981,72.56394087117779,73.46051788330078,1024300,0.0,0.0
2007-07-31 00:00:00-04:00,73.94328755879634,74.81030804266709,72.69201124565994,72.76097869873047,1336800,0.0,0.0
2007-08-01 00:00:00-04:00,72.71172783623454,72.95804126722872,70.64268900237202,72.18953704833984,2246400,0.0,0.0
2007-08-02 00:00:00-04:00,74.23885939754756,76.21922129538666,73.61815231772724,76.0024642944336,3401600,0.0,0.0
2007-08-03 00:00:00-04:00,75.9039342699266,78.24883500901308,75.61820983886717,75.61820983886719,1890200,0.0,0.0
2007-08-06 00:00:00-04:00,76.01231506162236,77.83503267791745,75.86452552151448,77.69709777832031,1382200,0.0,0.0
2007-08-07 00:00:00-04:00,77.1453662317057,78.08135422193222,76.49509519411662,76.91875457763672,1621100,0.0,0.0
2007-08-08 00:00:00-04:00,77.03698075566513,77.03698075566513,73.79549553630436,75.4211654663086,1622500,0.0,0.0
2007-08-09 00:00:00-04:00,74.23885679486382,75.35219816674754,71.61808614394674,73.3816909790039,1728400,0.0,0.0
2007-08-10 00:00:00-04:00,72.81024598281768,75.86453078371954,71.44074401547566,74.98765563964844,1293100,0.0,0.0
2007-08-13 00:00:00-04:00,74.88914012363529,76.15026372903978,74.80046337678267,75.44087982177734,789700,0.0,0.0
2007-08-14 00:00:00-04:00,75.17485711994289,76.05173227430262,73.98269357877719,74.09107208251953,700100,0.0,0.0
2007-08-15 00:00:00-04:00,73.59844564917692,75.31279243565183,73.37184151605285,74.00240325927734,662800,0.0,0.0
2007-08-16 00:00:00-04:00,73.69697931140905,74.9679499616937,71.47030385843789,72.75112915039062,1585100,0.0,0.0
2007-08-17 00:00:00-04:00,74.31768868335344,74.91869405619383,72.31762482683745,74.14034271240234,1125500,0.0,0.0
2007-08-20 00:00:00-04:00,74.48517261200219,75.19455642532704,73.80535272163972,74.08122253417969,843400,0.0,0.0
2007-08-21 00:00:00-04:00,73.06641237243674,74.6231073857023,73.06641237243674,74.11077880859375,550800,0.0,0.0
2007-08-22 00:00:00-04:00,74.6723757383025,74.99751124991582,74.28812741253728,74.72163391113281,662300,0.0,0.0
2007-08-23 00:00:00-04:00,74.65266621317917,75.20441337206417,73.50977588091732,74.15019226074219,1092300,0.0,0.0
2007-08-24 00:00:00-04:00,73.99255081933279,74.82016782999366,73.81520485396898,74.73149108886719,646700,0.0,0.0
2007-08-27 00:00:00-04:00,74.53443882317977,75.09603309318878,74.4851731347853,74.59355163574219,515100,0.0,0.0
2007-08-28 00:00:00-04:00,74.40634537376802,74.49502210274724,72.74127197265625,72.74127197265625,791000,0.0,0.0
2007-08-29 00:00:00-04:00,72.95803691244252,73.97284698486328,72.82010200067012,73.97284698486328,553700,0.0,0.0
2007-08-30 00:00:00-04:00,75.12559203907507,77.22417964175872,74.76104547654315,76.55420684814453,1538300,0.0,0.0
2007-08-31 00:00:00-04:00,76.73155816225999,77.21433790448572,76.0911492481339,76.51480865478516,997900,0.0,0.0
2007-09-04 00:00:00-04:00,76.22907509099626,76.99757170993342,76.17980940336652,76.8990478515625,546000,0.0,0.0
2007-09-05 00:00:00-04:00,76.89904240190161,77.78576458128846,76.6527290149857,77.65768432617188,959500,0.0,0.0
2007-09-06 00:00:00-04:00,77.71681494123243,78.26856216583226,77.16507523352236,77.66755676269531,720300,0.0,0.0
2007-09-07 00:00:00-04:00,77.47048777253563,78.82028790905808,76.58376554706946,76.59361267089844,942300,0.0,0.0
2007-09-10 00:00:00-04:00,77.28329347379842,77.28329347379842,75.91379159446275,76.25862884521484,503200,0.0,0.0
2007-09-11 00:00:00-04:00,76.72169896072661,77.33255136935925,76.46553092526452,77.0074234008789,708800,0.0,0.0
2007-09-12 00:00:00-04:00,77.14536215170035,78.75132286077064,77.1157982286461,77.98282623291016,667400,0.0,0.0
2007-09-13 00:00:00-04:00,78.57396789436488,79.07644929221104,77.87443880009049,78.33750915527344,585200,0.0,0.0
2007-09-14 00:00:00-04:00,78.21928325248237,78.52470946522503,77.76606749532316,78.42618560791016,425200,0.0,0.0
2007-09-17 00:00:00-04:00,77.8350364445895,77.91385853871324,76.96801595989425,77.38182067871094,684500,0.0,0.0
2007-09-18 00:00:00-04:00,77.46064391842312,78.68235632785485,77.24388691482146,78.40648651123047,506600,0.0,0.0
2007-09-19 00:00:00-04:00,78.37692420025598,78.67249575999172,77.11579332129706,77.2734375,955800,0.0,0.0
2007-09-20 00:00:00-04:00,76.94830389369453,77.34240683316476,76.7512561824036,76.77095794677734,704200,0.0,0.0
2007-09-21 00:00:00-04:00,77.44093705468336,77.44093705468336,76.46553802490234,76.46553802490234,1607200,0.0,0.0
2007-09-24 00:00:00-04:00,76.39656550818144,76.52464577087642,75.61821425744625,75.78570556640625,898600,0.0,0.0
2007-09-25 00:00:00-04:00,75.67732141260392,76.08127896896403,75.21425104970834,75.2832260131836,1005800,0.0,0.0
2007-09-26 00:00:00-04:00,75.34234616745012,76.15025384207328,75.27337871413674,76.0024642944336,653700,0.0,0.0
2007-09-27 00:00:00-04:00,76.37686902565196,76.37686902565196,74.9876651172307,75.80542755126953,653000,0.0,0.0
2007-09-28 00:00:00-04:00,75.96305925782758,77.1650699823025,75.92364820754602,77.07640075683594,1068400,0.0,0.0
2007-10-01 00:00:00-04:00,77.53945602817494,78.07149387910705,76.76111229186026,77.04682922363281,751800,0.0,0.0
2007-10-02 00:00:00-04:00,76.99757535402121,77.31285622586269,76.34730432759815,76.61332702636719,560800,0.0,0.0
2007-10-03 00:00:00-04:00,76.50494706516871,76.75126047650737,75.96305455346811,76.33745574951172,556100,0.0,0.0
2007-10-04 00:00:00-04:00,76.43598411416873,76.64288648985696,75.29308621011278,75.81526947021484,605400,0.0,0.0
2007-10-05 00:00:00-04:00,76.20935996144254,76.61331752172171,75.71673319049995,76.42611694335938,691100,0.0,0.0
2007-10-08 00:00:00-04:00,76.4556849628054,77.02713390797203,76.35716109702578,76.71185302734375,451400,0.0,0.0
2007-10-09 00:00:00-04:00,76.72169896072661,77.07639085078543,76.61332046560375,77.0074234008789,465100,0.0,0.0
2007-10-10 00:00:00-04:00,77.05668636890654,77.77592483434526,76.95816250817364,77.71680450439453,603500,0.0,0.0
2007-10-11 00:00:00-04:00,77.55916382406136,78.46559532300168,75.88422821057074,76.11083984375,772200,0.0,0.0
2007-10-12 00:00:00-04:00,76.10098771938394,76.859637218388,76.07143131340248,76.78081512451172,383200,0.0,0.0
2007-10-15 00:00:00-04:00,76.91875290225161,77.08624422032582,75.57880732388011,76.04187774658203,584000,0.0,0.0
2007-10-16 00:00:00-04:00,75.76600057970373,76.43597330394104,75.2635191573037,75.29307556152344,480000,0.0,0.0
2007-10-17 00:00:00-04:00,75.66747726692554,76.19950758045574,74.77089290912187,75.1452865600586,649100,0.0,0.0
2007-10-18 00:00:00-04:00,74.97779992439189,75.58865988257716,74.88913070557993,75.25366973876953,526300,0.0,0.0
2007-10-19 00:00:00-04:00,74.97779017694162,75.73643958474099,74.91867737208524,75.15513610839844,600400,0.0,0.0
2007-10-22 00:00:00-04:00,74.38665206937486,74.7511986332783,73.98269445665301,74.54429626464844,817700,0.0,0.0
2007-10-23 00:00:00-04:00,75.37189885940255,76.56405478900834,73.89401848961035,76.31774139404297,853900,0.0,0.0
2007-10-24 00:00:00-04:00,76.18966453535039,76.33745408230362,73.7166758347913,74.7708969116211,1158800,0.0,0.0
2007-10-25 00:00:00-04:00,69.46037407744703,70.74120667711966,68.08101762785064,68.4751205444336,10059300,0.0,0.0
2007-10-26 00:00:00-04:00,68.96775741553769,69.42097320509883,68.31748638037018,68.51454162597656,2189400,0.0,0.0
2007-10-29 00:00:00-04:00,68.44557487162129,68.47513127954329,66.76079196806496,67.01695251464844,4940300,0.0,0.0
2007-10-30 00:00:00-04:00,66.58343816194567,68.28792263107889,66.3863829375248,67.76573944091797,2567700,0.0,0.0
2007-10-31 00:00:00-04:00,67.98249655983665,68.42585766108029,66.71151854821312,67.7361831665039,1698000,0.0,0.0
2007-11-01 00:00:00-04:00,67.74604090616153,69.1253974753043,66.73123088190796,66.9381332397461,3172300,0.0,0.0
2007-11-02 00:00:00-04:00,66.93814106687338,67.57854998020838,66.47507060937434,67.50958251953125,2833700,0.0,0.0
2007-11-05 00:00:00-05:00,64.1695734777168,68.03177385722692,64.1695734777168,67.391357421875,1939200,0.0,0.0
2007-11-06 00:00:00-05:00,67.44060938335946,68.4357176752909,67.12532851581241,68.32733917236328,1846200,0.0,0.0
2007-11-07 00:00:00-05:00,67.48986842304745,68.50467838057513,67.34207888662668,67.43075561523438,1867500,0.0,0.0
2007-11-08 00:00:00-05:00,67.48987601102448,68.19925985209076,66.97754741297045,68.09088134765625,1981100,0.0,0.0
2007-11-09 00:00:00-05:00,67.33223142311984,68.63277346873349,67.04651447697742,68.17955017089844,1977000,0.0,0.0
2007-11-12 00:00:00-05:00,68.45543185559065,68.6032139002574,67.63766946295095,67.74604797363281,2141400,0.0,0.0
2007-11-13 00:00:00-05:00,67.84457061325591,68.32734282316291,67.36179840334891,68.04161834716797,1777000,0.0,0.0
2007-11-14 00:00:00-05:00,68.31748488643261,69.28303677656703,68.06132434807945,68.89878845214844,2262300,0.0,0.0
2007-11-15 00:00:00-05:00,68.76084927869498,69.82492496506374,68.36674633742265,68.67217254638672,1916100,0.0,0.0
2007-11-16 00:00:00-05:00,68.9283456773302,69.17465909420898,68.34704962160298,68.69188690185547,1398000,0.0,0.0
2007-11-19 00:00:00-05:00,67.80515687194301,70.41608058554223,67.80515687194301,70.04167938232422,2275800,0.0,0.0
2007-11-20 00:00:00-05:00,69.54905639713684,70.24859315229868,68.60321372918149,69.0662841796875,1913600,0.0,0.0
2007-11-21 00:00:00-05:00,67.73618907561529,68.7608537832949,67.5194320678711,67.5194320678711,1163900,0.0,0.0
2007-11-23 00:00:00-05:00,67.62780152334611,68.8101027495402,67.62780152334611,68.56378936767578,555100,0.0,0.0
2007-11-26 00:00:00-05:00,69.26332788764066,70.4456291462775,69.26332788764066,69.440673828125,1979900,0.0,0.0
2007-11-27 00:00:00-05:00,69.43082238748055,70.6820911519195,69.43082238748055,70.59342193603516,1662300,0.0,0.0
2007-11-28 00:00:00-05:00,70.41607493362022,71.73631112961948,70.41607493362022,71.5195541381836,1312100,0.0,0.0
2007-11-29 00:00:00-05:00,70.92841042754847,72.56393514697041,70.92841042754847,72.3570327758789,1183500,0.0,0.0
2007-11-30 00:00:00-05:00,72.50482032368848,72.50482032368848,71.43089733734439,71.598388671875,1227500,0.0,0.0
2007-12-03 00:00:00-05:00,71.3914819641784,72.01218908704818,70.65254169161899,70.7707748413086,986500,0.0,0.0
2007-12-04 00:00:00-05:00,70.44563226212078,71.10575036877555,70.44563226212078,70.62297821044922,875300,0.0,0.0
2007-12-05 00:00:00-05:00,71.13531075524811,71.5983811749606,70.7806188387402,71.5688247680664,1081500,0.0,0.0
2007-12-06 00:00:00-05:00,71.53926127770795,72.15996831169304,71.00722345562585,72.11071014404297,756300,0.0,0.0
2007-12-07 00:00:00-05:00,72.3865878824888,72.3865878824888,71.63779299326777,72.02204132080078,539200,0.0,0.0
2007-12-10 00:00:00-05:00,72.0811621324192,72.56393432617188,71.82499407339392,72.56393432617188,883100,0.0,0.0
2007-12-11 00:00:00-05:00,72.12056286188256,73.19449322963756,72.12056286188256,72.64275360107422,1773700,0.0,0.0
2007-12-12 00:00:00-05:00,73.30287280187292,73.37184025645134,72.7708349307443,73.00729370117188,1221400,0.0,0.0
2007-12-13 00:00:00-05:00,72.7905291220272,73.80534658649668,72.65259422722319,73.66740417480469,876500,0.0,0.0
2007-12-14 00:00:00-05:00,73.69697895401505,73.79550281955068,73.30287597498344,73.49992370605469,945800,0.0,0.0
2007-12-17 00:00:00-05:00,73.03684807833514,74.27826974313898,73.03684807833514,73.5393295288086,1221400,0.0,0.0
2007-12-18 00:00:00-05:00,73.8546139920125,74.03195995278581,73.36198715840766,73.91372680664062,1102400,0.0,0.0
2007-12-19 00:00:00-05:00,74.07137235974784,74.08122700132955,72.90877271044624,73.5886001586914,1036300,0.0,0.0
2007-12-20 00:00:00-05:00,73.98269447697875,74.51473236083984,73.89402525477972,74.51473236083984,628700,0.0,0.0
2007-12-21 00:00:00-05:00,74.86942033975984,75.67732800598101,74.6428162170391,75.54924774169922,1119000,0.0,0.0
2007-12-24 00:00:00-05:00,75.17484382893124,76.27832292010011,75.17484382893124,75.56893920898438,415400,0.0,0.0
2007-12-26 00:00:00-05:00,75.41130256034063,75.69702697270044,75.12557814798082,75.56893920898438,416800,0.0,0.0
2007-12-27 00:00:00-05:00,75.61821481387835,75.81526252976498,74.73148505861153,74.97779846191406,722200,0.0,0.0
2007-12-28 00:00:00-05:00,74.82016139167948,75.3620463659084,74.29797818217824,74.4359130859375,367600,0.0,0.0
2007-12-31 00:00:00-05:00,74.53443950295512,74.92854246303916,74.27827145136717,74.41620635986328,491400,0.0,0.0
2008-01-02 00:00:00-05:00,74.41621352330012,74.96795321039596,73.81520814261808,73.90388488769531,1069800,0.0,0.0
2008-01-03 00:00:00-05:00,74.00240098635896,74.6329627102163,73.59844338866574,73.93343353271484,746900,0.0,0.0
2008-01-04 00:00:00-05:00,73.44080286114281,74.26841226143002,72.26834869384766,72.26834869384766,1015700,0.0,0.0
2008-01-07 00:00:00-05:00,72.55408220439351,73.96299530262768,72.29791413647204,73.86447143554688,1011100,0.0,0.0
2008-01-08 00:00:00-05:00,74.38664831916856,75.29307984562702,74.07136746140523,74.85957336425781,1061800,0.0,0.0
2008-01-09 00:00:00-05:00,74.83000951578607,77.15520866293305,74.50488153365842,76.81037139892578,1875700,0.0,0.0
2008-01-10 00:00:00-05:00,75.81526564049423,78.28825441584814,75.81526564049423,76.82022857666016,1621200,0.0,0.0
2008-01-11 00:00:00-05:00,76.75126147525343,77.6576930367216,76.42612596400217,77.39167785644531,1428400,0.0,0.0
2008-01-14 00:00:00-05:00,77.5000487161061,78.01237726039359,76.52464227855991,76.70198822021484,1073400,0.0,0.0
2008-01-15 00:00:00-05:00,75.90394209961183,76.92860679765988,74.92854309082031,74.92854309082031,1328800,0.0,0.0
2008-01-16 00:00:00-05:00,74.4359126863588,75.81526171654684,74.38664699947132,75.18470001220703,1263000,0.0,0.0
2008-01-17 00:00:00-05:00,75.25367131693085,75.46057368205308,73.49006637587317,73.54918670654297,1461200,0.0,0.0
2008-01-18 00:00:00-05:00,73.9137221072685,75.15514375375308,73.16493477995643,73.83490753173828,1894900,0.0,0.0
2008-01-22 00:00:00-05:00,70.41608422975457,73.77579548988564,69.42097587264942,72.99744415283203,1541400,0.0,0.0
2008-01-23 00:00:00-05:00,71.29294473018047,72.88905812571146,71.06633311498823,72.2781982421875,1438600,0.0,0.0
2008-01-24 00:00:00-05:00,72.46540498751651,72.55407420304391,71.09590309052281,72.00233459472656,947100,0.0,0.0
2008-01-25 00:00:00-05:00,72.38658891707267,72.91862680515842,72.02204235017436,72.41614532470703,1384700,0.0,0.0
2008-01-28 00:00:00-05:00,72.41614891513186,73.50978115316052,72.01219127906299,73.45066833496094,1229900,0.0,0.0
2008-01-29 00:00:00-05:00,73.7265290338847,74.11077733831519,73.401393540324,73.83490753173828,785600,0.0,0.0
2008-01-30 00:00:00-05:00,73.87432527698886,74.10092941713081,72.55408141836378,72.75112915039062,713100,0.0,0.0
2008-01-31 00:00:00-05:00,71.7560185597639,73.17477857430254,71.70675287502175,72.6821517944336,1156800,0.0,0.0
2008-02-01 00:00:00-05:00,72.71171918052711,73.67726350562643,72.38658368626595,73.11566925048828,818300,0.0,0.0
2008-02-04 00:00:00-05:00,72.90878083413541,73.51964089315044,72.5540888665641,72.81025695800781,782200,0.0,0.0
2008-02-05 00:00:00-05:00,72.40628628426992,72.56393047126119,71.58853149414062,71.58853149414062,997200,0.0,0.0
2008-02-06 00:00:00-05:00,71.82498744184613,72.34717063622753,71.35206241630192,72.32746887207031,1282300,0.0,0.0
2008-02-07 00:00:00-05:00,75.52954949921768,78.72176926622372,75.52954949921768,76.61332702636719,5120100,0.0,0.0
2008-02-08 00:00:00-05:00,76.60348228188622,77.94342803955078,75.89409834937086,77.94342803955078,1854800,0.0,0.0
2008-02-11 00:00:00-05:00,77.93357043231558,78.26856061743365,77.07640447720769,78.05180358886719,1129200,0.0,0.0
2008-02-12 00:00:00-05:00,78.37693025646514,78.8202913887715,78.05179475043316,78.34736633300781,1118300,0.0,0.0
2008-02-13 00:00:00-05:00,78.5838264538892,79.57892714244001,78.13061071598833,79.31291198730469,1230600,0.0,0.0
2008-02-14 00:00:00-05:00,79.01733478276513,79.08630223327746,77.93355733890499,78.15031433105469,899500,0.0,0.0
2008-02-15 00:00:00-05:00,78.08135033009853,78.63308995857246,77.58872351413576,78.58383178710938,842400,0.0,0.0
2008-02-19 00:00:00-05:00,79.17498510346222,79.31292001518099,78.71191467831112,79.22425079345703,686800,0.0,0.0
2008-02-20 00:00:00-05:00,78.69220828172563,79.22424613142783,78.17001755593179,79.0863037109375,769400,0.0,0.0
2008-02-21 00:00:00-05:00,79.08629858582063,79.31291020813173,78.39662411250511,78.43603515625,1190900,0.0,0.0
2008-02-22 00:00:00-05:00,78.63309429546213,78.90896412491428,77.29314868078964,78.12076568603516,859600,0.0,0.0
2008-02-25 00:00:00-05:00,78.05178858972134,78.32765838510514,77.61827461589642,77.99267578125,1301200,0.0,0.0
2008-02-26 00:00:00-05:00,77.76607840184424,78.37693842988982,77.58873242704969,78.2291488647461,1084400,0.0,0.0
2008-02-27 00:00:00-05:00,77.86459405393825,78.40648656330228,77.48034573525784,77.71680450439453,720700,0.0,0.0
2008-02-28 00:00:00-05:00,77.60843122279968,77.81534111621177,76.92861127619297,77.67739868164062,701400,0.0,0.0
2008-02-29 00:00:00-05:00,77.82518651431803,77.82518651431803,76.13054897252525,76.16996002197266,1097400,0.0,0.0
2008-03-03 00:00:00-05:00,75.92364314344918,76.41626996377654,75.31279069705204,75.76600646972656,1011000,0.0,0.0
2008-03-04 00:00:00-05:00,75.35220423835463,77.84489482900015,75.35220423835463,77.7266616821289,1567900,0.0,0.0
2008-03-05 00:00:00-05:00,77.74636426859344,78.55427191040427,77.42122878036889,78.15031433105469,1026000,0.0,0.0
2008-03-06 00:00:00-05:00,78.1109133938444,78.33752505593269,77.37197310691946,77.52961730957031,938700,0.0,0.0
2008-03-07 00:00:00-05:00,77.06653324896234,77.58871642345943,76.31773845240096,76.42611694335938,650400,0.0,0.0
2008-03-10 00:00:00-04:00,76.33744140592562,76.84976989781394,75.8152507578192,76.07141876220703,615200,0.0,0.0
2008-03-11 00:00:00-04:00,77.46064091357285,77.46064091357285,74.88912841039581,76.53450012207031,1262800,0.0,0.0
2008-03-12 00:00:00-04:00,76.32759602592103,76.67243327545582,75.52954303172793,75.65762329101562,2356900,0.0,0.0
2008-03-13 00:00:00-04:00,75.07632123491629,75.92363993138333,74.69207293266825,75.27337646484375,962700,0.0,0.0
2008-03-14 00:00:00-04:00,75.47042938406967,75.65762998619235,73.57874414760215,73.94329071044922,1226600,0.0,0.0
2008-03-17 00:00:00-04:00,72.96787877582207,73.98268877507326,72.38658276339213,72.69200897216797,1052700,0.0,0.0
2008-03-18 00:00:00-04:00,73.53932512424865,74.03195190429688,72.8299413582771,74.03195190429688,1261400,0.0,0.0
2008-03-19 00:00:00-04:00,73.9826955574586,75.21426266302467,73.9826955574586,74.24871826171875,1703900,0.0,0.0
2008-03-20 00:00:00-04:00,78.81043561411293,78.81043561411293,73.01714698644126,73.36198425292969,2085600,0.0,0.0
2008-03-24 00:00:00-04:00,73.50977724140861,74.14033899161409,73.50977724140861,73.79550170898438,1499100,0.0,0.0
2008-03-25 00:00:00-04:00,74.03195944642835,74.24871645443416,72.83980341928529,73.40139770507812,1113300,0.0,0.0
2008-03-26 00:00:00-04:00,72.87920995406982,73.10581407248597,71.44074060089842,72.60334014892578,1736300,0.0,0.0
2008-03-27 00:00:00-04:00,72.44569942335089,73.48021875891581,72.21909529411703,73.00729370117188,1946200,0.0,0.0
2008-03-28 00:00:00-04:00,73.20434805145328,73.67726558656432,71.83484610082415,71.92351531982422,1593800,0.0,0.0
2008-03-31 00:00:00-04:00,72.31762077608981,72.87921506649661,72.01218702735,72.59349060058594,1393500,0.0,0.0
2008-04-01 00:00:00-04:00,71.60824338982873,73.55904913694816,71.49986487516156,73.49007415771484,979500,0.0,0.0
2008-04-02 00:00:00-04:00,73.44080552268144,74.95809699508382,73.44080552268144,74.22900390625,1401300,0.0,0.0
2008-04-03 00:00:00-04:00,73.85462229587658,74.48518411243705,73.57875244074259,73.76595306396484,759600,0.0,0.0
2008-04-04 00:00:00-04:00,73.62799884917085,73.96298143782893,72.71171277499315,72.79052734375,957800,0.0,0.0
2008-04-07 00:00:00-04:00,73.16493700404591,73.56888708541622,71.81513681867612,71.92351531982422,1029900,0.0,0.0
2008-04-08 00:00:00-04:00,71.56882341004659,72.45555318449065,71.43088850256515,71.92351531982422,1030800,0.0,0.0
2008-04-09 00:00:00-04:00,72.45555308300759,74.15019053470742,72.45555308300759,73.93343353271484,2304900,0.0,0.0
2008-04-10 00:00:00-04:00,73.75608867359782,73.83491076947293,73.13538158158113,73.63785552978516,745300,0.0,0.0
2008-04-11 00:00:00-04:00,72.9186292785999,73.83491553079148,72.9186292785999,73.08612060546875,775800,0.0,0.0
2008-04-14 00:00:00-04:00,73.21419674966486,73.23390603223662,72.62304605962262,72.82994842529297,481000,0.0,0.0
2008-04-15 00:00:00-04:00,73.14522526895544,73.47036076149621,72.3077612110773,72.54421997070312,590500,0.0,0.0
2008-04-16 00:00:00-04:00,73.00729155857461,73.00729155857461,72.22894029866752,72.90876770019531,918300,0.0,0.0
2008-04-17 00:00:00-04:00,73.0072958938085,73.62801052054496,72.10086431587251,72.4457015991211,1309600,0.0,0.0
2008-04-18 00:00:00-04:00,73.46050449258907,73.95313128240929,73.0664090742435,73.647705078125,1082000,0.0,0.0
2008-04-21 00:00:00-04:00,73.64770666925445,75.75614877388604,73.64770666925445,75.2142562866211,1442900,0.0,0.0
2008-04-22 00:00:00-04:00,75.03692142245754,75.21425986284335,73.63785552978516,73.63785552978516,854600,0.0,0.0
2008-04-23 00:00:00-04:00,73.87433273328423,76.60348243344953,73.65757569604348,75.99262237548828,1829700,0.0,0.0
2008-04-24 00:00:00-04:00,75.07632429211209,75.07632429211209,71.92351565377078,73.15508270263672,1612100,0.0,0.0
2008-04-25 00:00:00-04:00,73.26345372911757,73.97283747958714,72.41613508459979,73.78563690185547,1149300,0.0,0.0
2008-04-28 00:00:00-04:00,74.18959996421835,74.65266284750885,73.79549701617948,74.34723663330078,795600,0.0,0.0
2008-04-29 00:00:00-04:00,74.86941930640171,74.86941930640171,71.96292417968118,73.83490753173828,678600,0.0,0.0
2008-04-30 00:00:00-04:00,74.1107798539177,75.12558989836722,73.74623330177356,74.5048828125,821900,0.0,0.0
2008-05-01 00:00:00-04:00,74.48516634030123,75.22410649748059,74.13047446350411,75.04676055908203,632100,0.0,0.0
2008-05-02 00:00:00-04:00,75.51969364407871,75.88423268313367,74.7314877186988,74.95809936523438,593200,0.0,0.0
2008-05-05 00:00:00-04:00,74.74134869344341,74.90884002379089,73.94329557611411,74.62311553955078,570200,0.0,0.0
2008-05-06 00:00:00-04:00,74.79060430607619,75.35219855681474,73.7363757389632,75.27337646484375,555400,0.0,0.0
2008-05-07 00:00:00-04:00,75.42117145013408,75.64777558479092,74.49503059486972,74.51473236083984,486500,0.0,0.0
2008-05-08 00:00:00-04:00,74.71179079467862,75.9138015261764,74.54429946767037,75.66748809814453,579600,0.0,0.0
2008-05-09 00:00:00-04:00,75.18469985757669,76.11084064755971,74.75119338478993,75.90393829345703,710500,0.0,0.0
2008-05-12 00:00:00-04:00,76.23892595540349,76.69214173965598,75.33249438689847,76.58377075195312,530400,0.0,0.0
2008-05-13 00:00:00-04:00,76.31775793134942,76.80053018536482,75.80542926623572,75.99262237548828,544900,0.0,0.0
2008-05-14 00:00:00-04:00,76.3571531103407,76.37685487468025,75.88422808041999,76.14039611816406,469200,0.0,0.0
2008-05-15 00:00:00-04:00,76.02217510943065,76.40642343090893,74.95809936523438,74.95809936523438,823300,0.0,0.0
2008-05-16 00:00:00-04:00,76.60347171612744,76.79067231607932,74.692077219028,74.81031036376953,1036900,0.0,0.0
2008-05-19 00:00:00-04:00,74.83987399677237,75.33250087209359,74.81031758695543,74.89898681640625,709900,0.0,0.0
2008-05-20 00:00:00-04:00,74.69208174620564,75.67733546143596,74.69208174620564,74.94824981689453,774700,0.0,0.0
2008-05-21 00:00:00-04:00,74.93838903636669,75.94335195303717,74.41620581277202,74.56399536132812,759400,0.0,0.0
2008-05-22 00:00:00-04:00,74.5245869305813,75.48028419232601,74.42606306704748,75.20441436767578,595000,0.0,0.0
2008-05-23 00:00:00-04:00,74.99750762509818,75.08617684204044,74.2585674163585,74.34723663330078,338600,0.0,0.0
2008-05-27 00:00:00-04:00,74.37679371572503,74.68222744960084,73.69697382898283,74.16989135742188,722800,0.0,0.0
2008-05-28 00:00:00-04:00,74.16988989187627,74.25856662476177,73.23390197753906,73.23390197753906,913000,0.0,0.0
2008-05-29 00:00:00-04:00,73.24376208554756,73.54919586753344,71.8348564023546,72.53438568115234,2199600,0.0,0.0
2008-05-30 00:00:00-04:00,72.55408421613323,72.77084123985465,71.92352242906519,72.70187377929688,1152100,0.0,0.0
2008-06-02 00:00:00-04:00,72.76097785939643,73.95313382979982,72.73142145369124,73.65756225585938,1488100,0.0,0.0
2008-06-03 00:00:00-04:00,73.92358144804163,74.39650651573342,73.46051102175083,73.91372680664062,1215200,0.0,0.0
2008-06-04 00:00:00-04:00,74.1698894945827,74.2585662269932,73.10581380698714,73.32257080078125,631200,0.0,0.0
2008-06-05 00:00:00-04:00,73.90387845082088,74.2782721320428,72.78068989026632,74.23886108398438,484500,0.0,0.0
2008-06-06 00:00:00-04:00,73.44079827498673,73.89401399211181,72.7018581350656,72.79052734375,755000,0.0,0.0
2008-06-09 00:00:00-04:00,72.92847387278898,73.24375474879095,72.30776676228514,73.07626342773438,556700,0.0,0.0
2008-06-10 00:00:00-04:00,72.82011189734989,73.43096444196354,72.43585600017394,73.35214233398438,571100,0.0,0.0
2008-06-11 00:00:00-04:00,73.15508110458785,73.49006372645522,72.63289788997781,72.90876770019531,1450700,0.0,0.0
2008-06-12 00:00:00-04:00,73.4210935876363,73.56888312824236,72.64274987309511,72.928466796875,1715700,0.0,0.0
2008-06-13 00:00:00-04:00,72.82994400500398,73.50977139158047,72.42599393946624,72.6624526977539,993700,0.0,0.0
2008-06-16 00:00:00-04:00,72.35702702855005,72.85950095405109,71.87424735079475,72.51466369628906,827200,0.0,0.0
2008-06-17 00:00:00-04:00,72.71172155221518,72.71172155221518,71.1156079512349,71.17472076416016,768000,0.0,0.0
2008-06-18 00:00:00-04:00,70.9086991233272,71.135303230137,69.50964088781818,69.52934265136719,2015800,0.0,0.0
2008-06-19 00:00:00-04:00,69.62786812847966,70.59341993646068,69.2830308816608,70.43577575683594,1022500,0.0,0.0
2008-06-20 00:00:00-04:00,70.18945797810798,70.26828006299522,68.8002544371872,68.88892364501953,1567300,0.0,0.0
2008-06-23 00:00:00-04:00,69.12539808385677,69.29288939640665,68.61306198831889,68.77070617675781,1000100,0.0,0.0
2008-06-24 00:00:00-04:00,68.41601956524579,69.05642845890459,67.8741270216538,68.04161834716797,1652500,0.0,0.0
2008-06-25 00:00:00-04:00,68.15000015521247,69.70670288590526,68.13029838762313,69.13525390625,1571500,0.0,0.0
2008-06-26 00:00:00-04:00,68.603210660524,69.64758466714855,68.603210660524,69.20421600341797,955400,0.0,0.0
2008-06-27 00:00:00-04:00,69.02686606506502,69.32244515719213,68.24851480489293,68.25836944580078,1446400,0.0,0.0
2008-06-30 00:00:00-04:00,68.31748598242062,69.92345427797949,68.24851852608238,68.60321044921875,1763600,0.0,0.0
2008-07-01 00:00:00-04:00,68.36674214412639,68.36674214412639,67.50956886320071,67.78544616699219,2928100,0.0,0.0
2008-07-02 00:00:00-04:00,68.37660167305289,68.37660167305289,66.46520727443288,66.51447296142578,1760300,0.0,0.0
2008-07-03 00:00:00-04:00,66.50461751858568,67.12532457601266,66.17948202888604,66.72137451171875,834000,0.0,0.0
2008-07-07 00:00:00-04:00,66.66226170155096,67.39134725554449,66.01199072215171,66.72137451171875,980300,0.0,0.0
2008-07-08 00:00:00-04:00,66.9381336325539,67.48987325669331,66.43565217949059,67.48001861572266,1162200,0.0,0.0
2008-07-09 00:00:00-04:00,67.89383879869186,68.54410235799503,67.42091369628906,67.42091369628906,1618500,0.0,0.0
2008-07-10 00:00:00-04:00,67.55884428014569,68.33719558641401,67.31253086108188,67.88397979736328,2718100,0.0,0.0
2008-07-11 00:00:00-04:00,67.23370686874065,67.32238360588761,65.82479385071368,66.40609741210938,1756600,0.0,0.0
2008-07-14 00:00:00-04:00,67.01694621075296,67.01694621075296,66.1105147075917,66.69181823730469,861300,0.0,0.0
2008-07-15 00:00:00-04:00,66.52432168089578,67.10562523042303,65.80509074163484,66.76078796386719,1124800,0.0,0.0
2008-07-16 00:00:00-04:00,66.96768508629329,67.35193336995917,66.46520367038865,66.8001937866211,1337900,0.0,0.0
2008-07-17 00:00:00-04:00,66.84945780256874,68.06132308415326,66.53417693923687,67.90367889404297,2240500,0.0,0.0
2008-07-18 00:00:00-04:00,67.82486016095147,69.08599119367977,67.67707812150867,68.997314453125,2571000,0.0,0.0
2008-07-21 00:00:00-04:00,68.91848872747036,70.10079759901988,68.30763628488069,69.28303527832031,1189500,0.0,0.0
2008-07-22 00:00:00-04:00,69.57861337562846,70.96781707154852,69.57861337562846,70.86929321289062,2376500,0.0,0.0
2008-07-23 00:00:00-04:00,70.9382591926216,71.0466376899614,70.12049690065344,70.59342193603516,1801100,0.0,0.0
2008-07-24 00:00:00-04:00,64.37646680617068,66.81989904882363,64.04148418928702,65.8839111328125,9267900,0.0,0.0
2008-07-25 00:00:00-04:00,65.72627049189924,67.81501094876806,65.72627049189924,66.91842651367188,3070900,0.0,0.0
2008-07-28 00:00:00-04:00,67.07607284079674,68.68203364514399,65.61789407604503,65.72627258300781,1987700,0.0,0.0
2008-07-29 00:00:00-04:00,65.9922932307764,66.61300032839463,65.51936816814664,66.25830841064453,1272000,0.0,0.0
2008-07-30 00:00:00-04:00,66.3962375495571,67.08591204251447,65.79523226988502,66.44550323486328,1684900,0.0,0.0
2008-07-31 00:00:00-04:00,66.21888854807227,66.99723973525843,65.91346236056565,66.58343505859375,1493800,0.0,0.0
2008-08-01 00:00:00-04:00,66.59329139941474,66.9578379603961,65.65730342736951,66.82975769042969,1704900,0.0,0.0
2008-08-04 00:00:00-04:00,66.65240535571228,68.49482471643178,66.65240535571228,67.8248519897461,1529900,0.0,0.0
2008-08-05 00:00:00-04:00,68.0810290994169,69.42097473144531,67.90368313291638,69.42097473144531,1671500,0.0,0.0
2008-08-06 00:00:00-04:00,71.34222219026668,71.34222219026668,68.93820081869082,69.20421600341797,930000,0.0,0.0
2008-08-07 00:00:00-04:00,68.7510048503846,69.83478246220297,68.7510048503846,69.3125991821289,1174100,0.0,0.0
2008-08-08 00:00:00-04:00,69.5786118018976,70.62297821044922,69.18450885929126,70.62297821044922,648800,0.0,0.0
2008-08-11 00:00:00-04:00,70.376669684348,71.46044721389812,70.24858941380927,71.33236694335938,1035100,0.0,0.0
2008-08-12 00:00:00-04:00,71.2831012532889,71.67720422318592,71.03678783671438,71.33236694335938,834300,0.0,0.0
2008-08-13 00:00:00-04:00,71.42103712004173,71.64764877375099,70.93826492183042,71.09590911865234,565500,0.0,0.0
2008-08-14 00:00:00-04:00,71.35206685225722,71.46044535408048,70.67224695168889,71.1451644897461,761200,0.0,0.0
2008-08-15 00:00:00-04:00,71.22398812725031,72.3274749347586,70.71165201355797,72.05159759521484,823500,0.0,0.0
2008-08-18 00:00:00-04:00,72.04174752074259,72.44569759683486,71.6180881627598,72.15997314453125,1073300,0.0,0.0
2008-08-19 00:00:00-04:00,72.02204571931725,72.4161487122858,71.77573228832308,72.18953704833984,748100,0.0,0.0
2008-08-20 00:00:00-04:00,72.01218686162059,72.21909674640546,70.96782038074907,71.33236694335938,1089500,0.0,0.0
2008-08-21 00:00:00-04:00,71.2338401333389,71.65749949299689,71.06634130416165,71.44074249267578,918800,0.0,0.0
2008-08-22 00:00:00-04:00,71.92351763976045,72.64275612358918,71.18457739003688,71.33236694335938,947400,0.0,0.0
2008-08-25 00:00:00-04:00,70.97767398755725,71.25354380739736,70.7215059333248,70.93826293945312,1025000,0.0,0.0
2008-08-26 00:00:00-04:00,70.79046712357186,71.37177063555343,70.44562987928863,71.24368286132812,723500,0.0,0.0
2008-08-27 00:00:00-04:00,71.18456979747491,72.1107105504172,69.47023070569692,71.99247741699219,964800,0.0,0.0
2008-08-28 00:00:00-04:00,72.3570322434323,73.19449636317982,72.0515984929256,72.47525787353516,900300,0.0,0.0
2008-08-29 00:00:00-04:00,72.25849739894223,72.87921199478559,72.01218399218244,72.07130432128906,568700,0.0,0.0
2008-09-02 00:00:00-04:00,72.40629199402048,73.86447077112308,72.40629199402048,72.72157287597656,678100,0.0,0.0
2008-09-03 00:00:00-04:00,72.75112230081585,73.58859387530417,72.32747046853422,73.23390197753906,704500,0.0,0.0
2008-09-04 00:00:00-04:00,72.78068842117122,72.86935763984627,71.95307146242733,71.98262786865234,628800,0.0,0.0
2008-09-05 00:00:00-04:00,71.87425472128604,72.19939024775553,71.38162786914044,71.91366577148438,920300,0.0,0.0
2008-09-08 00:00:00-04:00,72.9383197235188,74.41620006107563,72.46540222495797,74.06150817871094,1132700,0.0,0.0
2008-09-09 00:00:00-04:00,74.04180165795508,74.44575168215258,73.1452173693345,73.29300689697266,1017300,0.0,0.0
2008-09-10 00:00:00-04:00,73.33242705642604,73.95313412941539,72.83980024764094,72.90876770019531,947600,0.0,0.0
2008-09-11 00:00:00-04:00,72.10086358546955,73.3127289021969,72.10086358546955,73.28316497802734,1030800,0.0,0.0
2008-09-12 00:00:00-04:00,72.8792084799991,73.2634567746619,72.4358398590809,72.98758697509766,744200,0.0,0.0
2008-09-15 00:00:00-04:00,71.8052827704492,73.89402319895288,70.898851223262,73.0959701538086,1225600,0.0,0.0
2008-09-16 00:00:00-04:00,72.16982872845375,73.26346086411998,71.01708378012081,71.92351531982422,1506400,0.0,0.0
2008-09-17 00:00:00-04:00,70.54416325379601,71.89396352576058,70.02197999670355,70.11065673828125,2164200,0.0,0.0
2008-09-18 00:00:00-04:00,70.36681325839362,72.80039095513452,65.68685846216536,72.46540832519531,2067300,0.0,0.0
2008-09-19 00:00:00-04:00,74.86942209851033,77.13550848028162,72.08116000643503,72.46540832519531,1658000,0.0,0.0
2008-09-22 00:00:00-04:00,71.982629310168,73.056559698145,70.22887901473554,70.30770111083984,961300,0.0,0.0
2008-09-23 00:00:00-04:00,70.27815257894561,70.64269165972055,68.44557998206241,68.9579086303711,1499500,0.0,0.0
2008-09-24 00:00:00-04:00,68.93820225802976,69.94315771973437,68.63277601791262,69.48008728027344,1399500,0.0,0.0
2008-09-25 00:00:00-04:00,70.13035817093954,70.19932562877646,69.02687132865974,69.5392074584961,1074500,0.0,0.0
2008-09-26 00:00:00-04:00,68.85937636031298,69.53920377793011,68.38645882214442,68.50468444824219,1184000,0.0,0.0
2008-09-29 00:00:00-04:00,67.98249858703521,68.53423819914887,65.7262669348012,67.20414733886719,1606700,0.0,0.0
2008-09-30 00:00:00-04:00,67.99234841798564,68.54408799106902,64.95776573225116,68.4751205444336,1625400,0.0,0.0
2008-10-01 00:00:00-04:00,67.71648220787205,70.21901969903566,67.45045953045127,68.18939971923828,1611300,0.0,0.0
2008-10-02 00:00:00-04:00,67.99236103012078,68.38646401980725,65.86420939594746,66.54403686523438,1116700,0.0,0.0
2008-10-03 00:00:00-04:00,67.05635988144014,67.05635988144014,65.22378752202954,65.35187530517578,1104100,0.0,0.0
2008-10-06 00:00:00-04:00,64.63264078504321,64.91836525816201,60.41575617990336,62.05127716064453,1769600,0.0,0.0
2008-10-07 00:00:00-04:00,62.42567042802245,64.27794454129453,60.81970596313477,60.819705963134766,1186800,0.0,0.0
2008-10-08 00:00:00-04:00,60.0610593195404,62.149799684244314,59.0166928956327,59.73592758178711,2338000,0.0,0.0
2008-10-09 00:00:00-04:00,59.844303323366006,60.53397781362679,54.5140816753368,55.42051315307617,2131700,0.0,0.0
2008-10-10 00:00:00-04:00,54.060860386164066,56.760456724435045,52.149469882255744,53.53867721557617,3373900,0.0,0.0
2008-10-13 00:00:00-04:00,54.99686101192319,59.41079711914062,53.647064500721555,59.410797119140625,1968700,0.0,0.0
2008-10-14 00:00:00-04:00,61.29262621294761,61.29262621294761,59.006838137048,59.10536575317383,2085300,0.0,0.0
2008-10-15 00:00:00-04:00,58.26789907763555,58.69155843921681,56.95751370410891,57.144710540771484,1555800,0.0,0.0
2008-10-16 00:00:00-04:00,57.31220041054045,58.85905202847611,55.21361293754028,58.84919738769531,1855200,0.0,0.0
2008-10-17 00:00:00-04:00,57.8442411629774,60.89852974748558,56.81957646010583,58.740821838378906,1629500,0.0,0.0
2008-10-20 00:00:00-04:00,58.070842890504125,60.44530379593394,58.070842890504125,60.39604187011719,1573200,0.0,0.0
2008-10-21 00:00:00-04:00,61.5783549324053,62.70154352502124,60.336936950683594,60.336936950683594,2253900,0.0,0.0
2008-10-22 00:00:00-04:00,58.868902526330245,59.80489419684777,56.79987147229716,57.61763000488281,1524600,0.0,0.0
2008-10-23 00:00:00-04:00,57.30235387317425,60.35663877751459,56.996923879362406,59.01669692993164,2502600,0.0,0.0
2008-10-24 00:00:00-04:00,56.257977879119586,61.322184434216794,56.257977879119586,59.263004302978516,2200400,0.0,0.0
2008-10-27 00:00:00-04:00,58.593040952451865,59.755640662992995,56.977225424837336,57.18412780761719,1241200,0.0,0.0
2008-10-28 00:00:00-04:00,58.20878524973494,59.39108657836914,55.60771255478462,59.39108657836914,2545500,0.0,0.0
2008-10-29 00:00:00-04:00,58.2777523114678,61.06601806268787,58.2777523114678,59.16447830200195,1253500,0.0,0.0
2008-10-30 00:00:00-04:00,60.21870611817762,61.36160027932264,59.263012568628334,60.061065673828125,1273000,0.0,0.0
2008-10-31 00:00:00-04:00,60.425607705946284,61.26307179879565,59.16448048765034,60.583248138427734,1382300,0.0,0.0
2008-11-03 00:00:00-05:00,60.58325216512601,62.31729703767615,59.38124143853496,60.52413558959961,667200,0.0,0.0
2008-11-04 00:00:00-05:00,61.2827745307278,62.3074391743975,60.79014773186093,62.297584533691406,2038000,0.0,0.0
2008-11-05 00:00:00-05:00,61.67687670064553,63.23357926448089,60.8689690120671,61.18424987792969,886900,0.0,0.0
2008-11-06 00:00:00-05:00,60.83941026908368,62.05127175541406,60.632507913515035,61.144840240478516,1734300,0.0,0.0
2008-11-07 00:00:00-05:00,61.735994954433664,62.80007072454437,61.12513872998743,62.721248626708984,1231800,0.0,0.0
2008-11-10 00:00:00-05:00,63.31240113479852,64.04148672509382,61.7655494592082,62.56360626220703,945700,0.0,0.0
2008-11-11 00:00:00-05:00,61.95274701855953,62.543897671347835,60.89852597407239,61.69657897949219,872300,0.0,0.0
2008-11-12 00:00:00-05:00,61.18424904467299,62.38625967843189,60.760589682231554,61.735992431640625,1263400,0.0,0.0
2008-11-13 00:00:00-05:00,62.02172195343844,63.676944732666016,60.465019283638156,63.676944732666016,1394900,0.0,0.0
2008-11-14 00:00:00-05:00,62.74095056521906,64.86909446691776,62.37640777967703,63.667091369628906,1897400,0.0,0.0
2008-11-17 00:00:00-05:00,63.04637856252979,64.01192662488792,62.32714013799572,62.504486083984375,1898900,0.0,0.0
2008-11-18 00:00:00-05:00,62.011861212531166,63.10549708563736,61.351743094135536,62.66212844848633,1328000,0.0,0.0
2008-11-19 00:00:00-05:00,62.9675593004166,63.79517249939518,59.46990966796874,59.46990966796875,1238000,0.0,0.0
2008-11-20 00:00:00-05:00,59.11522342116617,60.346790575773795,57.76542687208072,58.02159118652344,2113500,0.0,0.0
2008-11-21 00:00:00-05:00,57.99203037809515,59.20389191528086,54.927890928533486,58.82949447631836,2593100,0.0,0.0
2008-11-24 00:00:00-05:00,59.35168010995639,61.08572483876055,58.95757715600602,60.504425048828125,1872800,0.0,0.0
2008-11-25 00:00:00-05:00,60.868967290414986,61.59805662112799,59.43049791079786,60.65221405029297,1422700,0.0,0.0
2008-11-26 00:00:00-05:00,59.83445685839778,61.95275382061366,59.341830007505216,61.58820724487305,834900,0.0,0.0
2008-11-28 00:00:00-05:00,61.50938820553258,62.573460237001505,61.20395820840307,62.42567443847656,526900,0.0,0.0
2008-12-01 00:00:00-05:00,61.253218182731004,62.11039157223552,57.923063521023785,58.68170928955078,1456400,0.0,0.0
2008-12-02 00:00:00-05:00,59.32212111872808,59.558583647464054,57.253089965676914,58.54376983642578,1621200,0.0,0.0
2008-12-03 00:00:00-05:00,58.12996022261747,60.36648626185689,58.021581729325945,60.18914031982422,1743200,0.0,0.0
2008-12-04 00:00:00-05:00,59.55858659624087,61.93304785012757,59.55858659624087,60.73103713989258,1401600,0.0,0.0
2008-12-05 00:00:00-05:00,59.46991180945583,62.95771068492005,58.859055589636306,62.8394775390625,1516000,0.0,0.0
2008-12-08 00:00:00-05:00,63.204024363367395,63.736062246600525,61.6473217624507,62.120243072509766,1117500,0.0,0.0
2008-12-09 00:00:00-05:00,61.86407602722882,62.30744091024975,60.100471136125705,60.84926223754883,1651400,0.0,0.0
2008-12-10 00:00:00-05:00,61.46997196663953,62.06112638616824,60.878821305555064,61.80495834350586,921300,0.0,0.0
2008-12-11 00:00:00-05:00,61.39115563320466,63.115345743967296,61.12513669951368,61.61776351928711,1038100,0.0,0.0
2008-12-12 00:00:00-05:00,60.622653999511435,61.381299737469405,58.18908011531421,61.28277587890625,859500,0.0,0.0
2008-12-15 00:00:00-05:00,61.322186409705466,61.4798268371466,59.82460046979266,60.42560577392578,1008400,0.0,0.0
2008-12-16 00:00:00-05:00,60.87882414523387,62.8000695210408,60.56354327682338,62.701541900634766,1286900,0.0,0.0
2008-12-17 00:00:00-05:00,62.20891380595405,63.10549822037432,61.548795675688446,62.711395263671875,923500,0.0,0.0
2008-12-18 00:00:00-05:00,62.553756832684556,64.04148821283643,62.37641087234268,62.8394775390625,1306900,0.0,0.0
2008-12-19 00:00:00-05:00,63.154755883683954,63.65723733735819,61.64731903954987,62.16950225830078,1688800,0.0,0.0
2008-12-22 00:00:00-05:00,62.07097804297748,62.839474663664554,61.54879482722286,62.6030158996582,1605200,0.0,0.0
2008-12-23 00:00:00-05:00,62.97741456552649,63.11534948188094,61.08572926961754,61.3320426940918,1454800,0.0,0.0
2008-12-24 00:00:00-05:00,61.33204037955066,61.47982993203579,60.31723031171574,60.947792053222656,593100,0.0,0.0
2008-12-26 00:00:00-05:00,60.92808375385609,62.011861227901896,60.859116301422866,62.002010345458984,545400,0.0,0.0
2008-12-29 00:00:00-05:00,62.179356617247755,62.80006745078812,61.7754027830107,62.573455810546875,881900,0.0,0.0
2008-12-30 00:00:00-05:00,62.80991585016567,63.2237205505371,62.189205041164385,63.22372055053711,815200,0.0,0.0
2008-12-31 00:00:00-05:00,63.43062208337456,63.68679011611285,62.90843889436479,63.46018600463867,733300,0.0,0.0
2009-01-02 00:00:00-05:00,64.03162791546397,64.1597156913844,62.386256244617606,63.97251510620117,737200,0.0,0.0
2009-01-05 00:00:00-05:00,63.60797219147871,64.92821596952699,63.14490178089958,64.69175720214844,1278900,0.0,0.0
2009-01-06 00:00:00-05:00,59.83445360182905,61.60790941683071,58.12996524152314,60.49457550048828,6281200,0.0,0.0
2009-01-07 00:00:00-05:00,59.41079728436215,60.07091921693168,58.71126806025956,59.6965217590332,2527700,0.0,0.0
2009-01-08 00:00:00-05:00,59.460053679056806,59.98224064650875,59.016692562662314,59.82460021972656,1321800,0.0,0.0
2009-01-09 00:00:00-05:00,59.824602227987526,60.25811247658005,59.04625095030252,59.95268249511719,1437100,0.0,0.0
2009-01-12 00:00:00-05:00,60.36649058399221,60.36649058399221,58.98713399352176,59.72607421875,1162700,0.0,0.0
2009-01-13 00:00:00-05:00,59.716223880557585,61.06602031858275,59.31227003742111,60.583248138427734,880700,0.0,0.0
2009-01-14 00:00:00-05:00,59.75563448785386,59.98224237297293,58.908315760094695,59.03639602661133,1707700,0.0,0.0
2009-01-15 00:00:00-05:00,58.57332810592611,59.22359534084984,57.99202832330911,59.04624938964844,1111100,0.0,0.0
2009-01-16 00:00:00-05:00,59.597997072314314,60.21870418791911,59.15463216227908,59.90342330932617,928900,0.0,0.0
2009-01-20 00:00:00-05:00,59.30241770304,60.26796585935276,57.312204816517735,57.69645690917969,1326000,0.0,0.0
2009-01-21 00:00:00-05:00,58.179221955249375,58.25804404408754,55.76534998201952,57.54866027832031,2322500,0.0,0.0
2009-01-22 00:00:00-05:00,56.98706737621299,57.903353508839835,56.48458970272931,57.1939697265625,1643500,0.0,0.0
2009-01-23 00:00:00-05:00,56.89839372486291,57.36146410593188,55.8737291090033,56.71119689941406,985700,0.0,0.0
2009-01-26 00:00:00-05:00,56.86884027598093,59.31226880801909,56.86884027598093,58.58317947387695,1642800,0.0,0.0
2009-01-27 00:00:00-05:00,58.81964102953522,59.70636701986334,58.376276155149036,59.50931930541992,893900,0.0,0.0
2009-01-28 00:00:00-05:00,60.179294927347094,60.64236158849992,59.676813459604475,60.09062194824219,1265200,0.0,0.0
2009-01-29 00:00:00-05:00,59.84430899689998,60.553689076770084,59.08566322724569,59.31227111816406,1195500,0.0,0.0
2009-01-30 00:00:00-05:00,59.12506794807717,59.39108687588575,57.844238996677696,58.3270149230957,1225200,0.0,0.0
2009-02-02 00:00:00-05:00,57.46984845066932,59.115220277678006,57.46984845066932,58.819644927978516,795000,0.0,0.0
2009-02-03 00:00:00-05:00,58.898465460636096,59.85416276008375,58.56347904958344,59.54873275756836,1160200,0.0,0.0
2009-02-04 00:00:00-05:00,59.57829087880151,59.607847286323896,58.09055572609988,58.445247650146484,1130500,0.0,0.0
2009-02-05 00:00:00-05:00,58.05114021629978,59.44035139821304,57.9821727650842,59.28270721435547,1234600,0.0,0.0
2009-02-06 00:00:00-05:00,59.42064879087308,61.322188629851034,59.19404090312498,60.839412689208984,1308700,0.0,0.0
2009-02-09 00:00:00-05:00,60.80000125149148,61.085725709254966,59.95268251933459,60.6128044128418,731400,0.0,0.0
2009-02-10 00:00:00-05:00,60.57339653176702,60.78029890505561,58.95758107827495,59.154632568359375,1079800,0.0,0.0
2009-02-11 00:00:00-05:00,59.54872390346102,59.54872390346102,58.59303050455696,58.868900299072266,2319900,0.0,0.0
2009-02-12 00:00:00-05:00,58.15952514046599,61.81481925104542,57.79498232112165,61.499534606933594,2687600,0.0,0.0
2009-02-13 00:00:00-05:00,61.51923722001434,62.54390192915146,61.07587607946249,61.92319107055664,1197500,0.0,0.0
2009-02-17 00:00:00-05:00,60.51427067151042,62.03156202635964,60.51427067151042,61.2335090637207,1426600,0.0,0.0
2009-02-18 00:00:00-05:00,61.72614564460528,61.73599652786352,60.553691339311506,61.016761779785156,1368700,0.0,0.0
2009-02-19 00:00:00-05:00,61.89363724546649,62.90844735560291,61.33204293612454,61.58820724487305,1192600,0.0,0.0
2009-02-20 00:00:00-05:00,61.04631236310436,61.78525256563581,59.42064617260173,61.20395278930664,1156500,0.0,0.0
2009-02-23 00:00:00-05:00,61.62761430479995,61.62761430479995,59.49946659707192,59.666961669921875,1257500,0.0,0.0
2009-02-24 00:00:00-05:00,59.88371774338581,60.494577733878096,59.40094554269219,60.24826431274414,1177900,0.0,0.0
2009-02-25 00:00:00-05:00,60.08076631530806,60.38619629572683,58.60288586024932,58.691558837890625,1037800,0.0,0.0
2009-02-26 00:00:00-05:00,59.1152158755498,59.499464177389804,56.26783357889523,56.29738998413086,1661000,0.0,0.0
2009-02-27 00:00:00-05:00,55.331846176370775,55.82447301332508,54.18895206497454,54.19880294799805,2533300,0.0,0.0
2009-03-02 00:00:00-05:00,52.51401847833787,54.27762340328662,52.51401847833787,53.63720703125,2400100,0.0,0.0
2009-03-03 00:00:00-05:00,54.2086485534664,55.38109887694277,53.656905235007244,54.23820495605469,1777500,0.0,0.0
2009-03-04 00:00:00-05:00,54.711132890613655,56.02152202303196,54.36629562336901,55.16435241699219,938700,0.0,0.0
2009-03-05 00:00:00-05:00,54.36629933415072,54.85892618294987,53.57809712776098,53.87367248535156,1193500,0.0,0.0
2009-03-06 00:00:00-05:00,53.98204475349301,55.09537859700543,52.86870715153644,54.17909622192383,2241200,0.0,0.0
2009-03-09 00:00:00-04:00,53.67661779515977,53.99189865892577,52.464756270350904,52.72092056274414,1405900,0.0,0.0
2009-03-10 00:00:00-04:00,53.45001410080496,54.494384392957535,52.69136828836082,54.26777648925781,1239400,0.0,0.0
2009-03-11 00:00:00-04:00,54.65201638615152,55.17419957225829,52.504163316413084,52.780033111572266,1362500,0.0,0.0
2009-03-12 00:00:00-04:00,52.6421038981047,55.11508895652739,52.48446346121454,54.91804122924805,973200,0.0,0.0
2009-03-13 00:00:00-04:00,55.02641194077992,56.652081880735224,54.57319618776065,56.29738998413086,1169500,0.0,0.0
2009-03-16 00:00:00-04:00,56.43532734689019,57.74571649331356,56.218574101638815,56.65208435058594,1177500,0.0,0.0
2009-03-17 00:00:00-04:00,56.57326248441999,57.262940787518325,56.159457757627614,57.253089904785156,542000,0.0,0.0
2009-03-18 00:00:00-04:00,56.74075870758908,58.228490087758736,56.51415081569275,56.957515716552734,1055900,0.0,0.0
2009-03-19 00:00:00-04:00,57.272795791905004,57.272795791905004,55.213615510728765,55.84417724609375,996500,0.0,0.0
2009-03-20 00:00:00-04:00,56.21857179318112,56.85898437838959,55.755501398280124,55.92299270629883,1427700,0.0,0.0
2009-03-23 00:00:00-04:00,56.50429516052247,57.223533630371094,55.469779582706636,57.223533630371094,1133200,0.0,0.0
2009-03-24 00:00:00-04:00,56.74076293375628,57.71616578829823,56.46489308976027,56.83928680419922,724600,0.0,0.0
2009-03-25 00:00:00-04:00,56.829427087962635,58.14966704230464,56.3959168635683,57.82453155517578,1308600,0.0,0.0
2009-03-26 00:00:00-04:00,57.99202859938298,58.75067433681295,57.371317767223125,58.642295837402344,1209200,0.0,0.0
2009-03-27 00:00:00-04:00,58.248194432388985,58.27775459747729,57.19397333305293,57.253089904785156,831300,0.0,0.0
2009-03-30 00:00:00-04:00,56.70134319394472,57.33190488842694,56.23827656368419,57.134857177734375,997300,0.0,0.0
2009-03-31 00:00:00-04:00,57.71616016074777,58.3762782969298,57.15456212695785,57.62748718261719,1171700,0.0,0.0
2009-04-01 00:00:00-04:00,57.67675245140168,57.84424377620707,56.2382829526411,57.74571990966797,1176100,0.0,0.0
2009-04-02 00:00:00-04:00,58.612741493287224,59.243303230099265,57.87380125325228,58.770381927490234,1235800,0.0,0.0
2009-04-03 00:00:00-04:00,59.11522101004058,59.11522101004058,57.322059606744915,58.29745864868164,1142800,0.0,0.0
2009-04-06 00:00:00-04:00,58.09055475183416,59.23344884434711,57.82453581326075,59.026546478271484,954000,0.0,0.0
2009-04-07 00:00:00-04:00,58.12011136654829,59.036393754396414,57.91320525466884,58.307308197021484,775000,0.0,0.0
2009-04-08 00:00:00-04:00,58.40583372912787,58.92802070649399,57.519107721059385,58.20878601074219,690100,0.0,0.0
2009-04-09 00:00:00-04:00,59.22359878287153,59.381239219940895,58.16937765526183,58.819644927978516,730400,0.0,0.0
2009-04-13 00:00:00-04:00,58.5339220773277,58.96743235162602,58.3565761109228,58.72111892700195,602100,0.0,0.0
2009-04-14 00:00:00-04:00,58.19893101354567,59.18418463322099,58.07084699062347,58.957576751708984,629800,0.0,0.0
2009-04-15 00:00:00-04:00,58.82949630470522,60.011801471870236,58.82949630470522,59.992095947265625,869400,0.0,0.0
2009-04-16 00:00:00-04:00,59.98224374245155,60.95764275899708,59.65710823130675,60.66206741333008,1071000,0.0,0.0
2009-04-17 00:00:00-04:00,61.18424486019485,61.62760971596753,60.8197020936458,61.50938034057617,1516400,0.0,0.0
2009-04-20 00:00:00-04:00,61.08572476130809,62.14980048055835,60.81970583149553,60.84926223754883,1379400,0.0,0.0
2009-04-21 00:00:00-04:00,61.14483929889168,62.4946356681486,61.14483929889168,62.38625717163086,1931500,0.0,0.0
2009-04-22 00:00:00-04:00,62.03156863530959,62.4552280036639,61.371450496700646,61.8443717956543,1274000,0.0,0.0
2009-04-23 00:00:00-04:00,62.13009570825456,63.00697084391807,58.711264384832496,60.67192077636719,3321300,0.0,0.0
2009-04-24 00:00:00-04:00,60.74089123284825,61.15469597683019,59.854161412251884,60.21870422363281,1587500,0.0,0.0
2009-04-27 00:00:00-04:00,59.992095422810394,61.89363530841996,59.93298260795785,61.430564880371094,1638900,0.0,0.0
2009-04-28 00:00:00-04:00,61.32218993042794,62.71139745152597,60.770446523484345,62.149803161621094,1150300,0.0,0.0
2009-04-29 00:00:00-04:00,62.76065881488753,63.08579056788818,61.85422349443452,62.61286926269531,1025800,0.0,0.0
2009-04-30 00:00:00-04:00,62.93800252448668,63.62768081265778,62.79021297757704,63.20402145385742,1310900,0.0,0.0
2009-05-01 00:00:00-04:00,63.08578904288371,63.13505473138648,61.71628709166001,62.0217170715332,1471400,0.0,0.0
2009-05-04 00:00:00-04:00,62.50449284671277,63.05623626708985,61.57835572957993,63.056236267089844,1315400,0.0,0.0
2009-05-05 00:00:00-04:00,63.0069668528156,64.00207130953237,62.52419094750438,63.686790466308594,1159300,0.0,0.0
2009-05-06 00:00:00-04:00,63.89369490462461,64.04148444903855,62.75080087094877,63.470035552978516,967200,0.0,0.0
2009-05-07 00:00:00-04:00,63.57841396255547,64.71145711229991,63.52915579241174,63.84443664550781,1195400,0.0,0.0
2009-05-08 00:00:00-04:00,63.69664789007156,65.01688412973256,59.666960443189666,64.29765319824219,1596100,0.0,0.0
2009-05-11 00:00:00-04:00,63.716348735253035,64.78042443110232,63.420777164331646,63.873992919921875,1323700,0.0,0.0
2009-05-12 00:00:00-04:00,64.03163068031593,64.3863225849847,62.86903486609894,63.57841491699219,1323400,0.0,0.0
2009-05-13 00:00:00-04:00,63.03652444869366,63.81487193098768,62.58330869779958,63.04637908935547,1099200,0.0,0.0
2009-05-14 00:00:00-04:00,63.15475377101967,63.499591024990494,62.002008871936454,62.38625717163086,1935800,0.0,0.0
2009-05-15 00:00:00-04:00,62.20891500567914,62.36655543971141,60.57339409317767,60.75074005126953,2087000,0.0,0.0
2009-05-18 00:00:00-04:00,61.05617128417924,61.351746634224135,60.15959059259119,61.08572769165039,1635700,0.0,0.0
2009-05-19 00:00:00-04:00,61.47982850963422,61.82466577952874,60.90837959558687,60.98720169067383,1010800,0.0,0.0
2009-05-20 00:00:00-04:00,61.27292011563343,61.53893903901435,60.4748671039349,60.57339096069336,1154900,0.0,0.0
2009-05-21 00:00:00-04:00,60.366490876256094,60.63250980963951,58.91816682509451,59.322120666503906,1660100,0.0,0.0
2009-05-22 00:00:00-04:00,59.32212351118697,59.903423336060484,58.90831876726577,58.92802429199219,996400,0.0,0.0
2009-05-26 00:00:00-04:00,58.79993327206705,60.32707555163924,58.28760096540491,60.100467681884766,1486500,0.0,0.0
2009-05-27 00:00:00-04:00,60.100471575820265,60.37634139018742,59.59799387701662,59.75563430786133,935100,0.0,0.0
2009-05-28 00:00:00-04:00,60.23840572563419,60.69162148880895,59.647255057010085,60.27781677246094,1623800,0.0,0.0
2009-05-29 00:00:00-04:00,60.445314022027226,60.59310358292442,59.72607925977986,60.061065673828125,2532600,0.0,0.0
2009-06-01 00:00:00-04:00,60.563542325692346,61.144842122403375,60.44530918306191,60.98720169067383,1659000,0.0,0.0
2009-06-02 00:00:00-04:00,60.74088848834504,61.578352580056055,60.30737448077705,60.92808532714844,1622200,0.0,0.0
2009-06-03 00:00:00-04:00,60.6226557686693,61.0266096140777,60.17929463375218,60.49457550048828,1396800,0.0,0.0
2009-06-04 00:00:00-04:00,60.48471884993206,60.72118137135088,60.01179756553869,60.68177032470703,1503700,0.0,0.0
2009-06-05 00:00:00-04:00,60.81970780343102,61.233516293815434,60.16944054006504,60.34678649902344,1406800,0.0,0.0
2009-06-08 00:00:00-04:00,60.34678416824181,60.34678416824181,59.745778859255985,59.9625358581543,823200,0.0,0.0
2009-06-09 00:00:00-04:00,60.28767031574211,60.494576441492214,59.19404190636466,59.59799575805664,872600,0.0,0.0
2009-06-10 00:00:00-04:00,59.952678463858014,60.051206076306954,58.87875191805128,59.35167694091797,1222700,0.0,0.0
2009-06-11 00:00:00-04:00,59.66695985320897,60.44530734710729,59.430497333574735,60.1398811340332,1395300,0.0,0.0
2009-06-12 00:00:00-04:00,59.70636229981928,61.46996701715478,59.588132928810914,61.44041061401367,1985800,0.0,0.0
2009-06-15 00:00:00-04:00,60.98720054477252,61.42071078427238,60.208849283413066,61.28277587890625,1976600,0.0,0.0
2009-06-16 00:00:00-04:00,61.2827810027242,62.02172127906305,60.83941608523197,61.58820724487305,1911300,0.0,0.0
2009-06-17 00:00:00-04:00,61.59805522085814,64.11045113684533,60.98719904421894,64.02178192138672,2590400,0.0,0.0
2009-06-18 00:00:00-04:00,64.051341186726,66.0612595126455,63.97251909153966,65.89376068115234,2073300,0.0,0.0
2009-06-19 00:00:00-04:00,65.81494663140577,66.54403222551286,65.02674070698977,65.7755355834961,1686000,0.0,0.0
2009-06-22 00:00:00-04:00,65.28291274839052,65.28291274839052,64.33707009143873,64.74102020263672,1534000,0.0,0.0
2009-06-23 00:00:00-04:00,64.92820899074565,65.08584564642494,63.69664208089421,64.4848403930664,1488200,0.0,0.0
2009-06-24 00:00:00-04:00,64.711456835137,65.22378540039062,64.10059689624099,65.22378540039062,1555200,0.0,0.0
2009-06-25 00:00:00-04:00,64.98733238607024,66.76079203197952,64.74101896396557,66.3568344116211,1965700,0.0,0.0
2009-06-26 00:00:00-04:00,66.30758003256895,66.6327080555207,65.43070480103789,66.04155731201172,1080000,0.0,0.0
2009-06-29 00:00:00-04:00,66.11051885876718,66.4159526038174,65.14497448469436,66.25830841064453,1490300,0.0,0.0
2009-06-30 00:00:00-04:00,66.02184761236154,67.08591581607958,66.02184761236154,66.79034423828125,1518900,0.0,0.0
2009-07-01 00:00:00-04:00,66.99724969637492,67.27311952183422,66.21889839346389,66.65241241455078,1028800,0.0,0.0
2009-07-02 00:00:00-04:00,66.09081915341802,66.57359135550465,64.73116425402637,65.72627258300781,1256700,0.0,0.0
2009-07-06 00:00:00-04:00,65.20408439617435,66.43565141218181,65.0661494917326,66.36668395996094,1233900,0.0,0.0
2009-07-07 00:00:00-04:00,66.22874001592632,67.09576037077566,66.21888537641453,66.75092315673828,2069000,0.0,0.0
2009-07-08 00:00:00-04:00,67.05635254138542,67.14502926746378,65.64743969921845,66.58343505859375,1561600,0.0,0.0
2009-07-09 00:00:00-04:00,66.99724297810903,66.99724297810903,65.39128235986058,66.38638305664062,960500,0.0,0.0
2009-07-10 00:00:00-04:00,66.2386027724061,66.42579584474386,64.9183590408803,65.28290557861328,1078600,0.0,0.0
2009-07-13 00:00:00-04:00,65.18439149836759,66.15979060300003,64.73116815996308,66.01200103759766,776400,0.0,0.0
2009-07-14 00:00:00-04:00,65.97257821636335,66.3863829121567,65.23363803806598,65.75582122802734,1097800,0.0,0.0
2009-07-15 00:00:00-04:00,66.01199286256808,66.25830626877169,65.5095114091839,66.15978240966797,1596000,0.0,0.0
2009-07-16 00:00:00-04:00,66.1696311839617,66.69181435611377,65.52921488123471,66.34696960449219,1027000,0.0,0.0
2009-07-17 00:00:00-04:00,66.08096099390407,66.34697616790343,65.47010103416916,65.98243713378906,1396900,0.0,0.0
2009-07-20 00:00:00-04:00,66.14007448913578,66.14007448913578,65.22378829852205,65.80509185791016,1078800,0.0,0.0
2009-07-21 00:00:00-04:00,66.34697294632795,67.0169456862226,66.04154673973527,66.81004333496094,1736900,0.0,0.0
2009-07-22 00:00:00-04:00,66.39623863243763,67.10562241784235,66.39623863243763,66.81004333496094,1048000,0.0,0.0
2009-07-23 00:00:00-04:00,66.95783339904341,67.96279627517382,66.1893367978192,67.35193634033203,1635700,0.0,0.0
2009-07-24 00:00:00-04:00,67.2435619819653,67.75589057534918,66.93813575419158,67.57854461669922,719200,0.0,0.0
2009-07-27 00:00:00-04:00,67.52928779508272,67.87412507799861,66.69182367460441,67.25341796875,1219300,0.0,0.0
2009-07-28 00:00:00-04:00,67.30267344570143,67.99235550078815,64.16956658366566,65.29275512695312,4892700,0.0,0.0
2009-07-29 00:00:00-04:00,65.83464161674003,67.59824636540193,65.70656136189089,66.88886260986328,3315200,0.0,0.0
2009-07-30 00:00:00-04:00,67.65736882220206,67.74604556273569,66.24845575036666,66.41595458984375,1239500,0.0,0.0
2009-07-31 00:00:00-04:00,66.45534874249832,67.06620864775573,65.90360916154842,66.19918823242188,1401700,0.0,0.0
2009-08-03 00:00:00-04:00,66.73123720740517,66.78049538286143,65.60804106041908,66.6031494140625,1180200,0.0,0.0
2009-08-04 00:00:00-04:00,66.41595295648689,67.0366600574011,66.18934130681978,66.82975769042969,750400,0.0,0.0
2009-08-05 00:00:00-04:00,66.60314490503256,66.82975655083543,65.72626976224927,65.80509185791016,788200,0.0,0.0
2009-08-06 00:00:00-04:00,65.79524030797963,65.80509494962243,65.04644539779817,65.66716003417969,727600,0.0,0.0
2009-08-07 00:00:00-04:00,65.78537816285744,66.58343867333703,65.78537816285744,66.29771423339844,917200,0.0,0.0
2009-08-10 00:00:00-04:00,66.2188979974551,66.74108123779297,65.86420607630316,66.74108123779297,782600,0.0,0.0
2009-08-11 00:00:00-04:00,66.44551080356322,67.30267669717887,66.37654334641152,67.10562896728516,1230900,0.0,0.0
2009-08-12 00:00:00-04:00,66.75093051104024,67.97264285404125,66.41594789960784,67.49972534179688,922500,0.0,0.0
2009-08-13 00:00:00-04:00,67.60810290805064,67.80515061596155,66.81004240216856,67.7361831665039,748900,0.0,0.0
2009-08-14 00:00:00-04:00,67.63766078484407,68.19925503319163,66.76078568684329,67.35193634033203,597500,0.0,0.0
2009-08-17 00:00:00-04:00,67.14503372815737,68.53423738264674,67.1351790875189,68.0711669921875,860700,0.0,0.0
2009-08-18 00:00:00-04:00,68.05147535196029,68.23867596749959,67.01695592077613,67.45046997070312,620300,0.0,0.0
2009-08-19 00:00:00-04:00,66.76078619962864,67.9036764695669,66.76078619962864,67.89382934570312,972300,0.0,0.0
2009-08-20 00:00:00-04:00,67.9430855277398,68.51453440443312,67.45045874098105,68.39630126953125,575400,0.0,0.0
2009-08-21 00:00:00-04:00,68.67216947437556,68.95789390609407,68.04160780330302,68.81010437011719,832400,0.0,0.0
2009-08-24 00:00:00-04:00,69.14509446915181,69.14509446915181,68.5342345618117,68.83966827392578,494800,0.0,0.0
2009-08-25 00:00:00-04:00,69.04658089881904,69.83477934638836,68.70174360820191,69.45053100585938,744100,0.0,0.0
2009-08-26 00:00:00-04:00,69.51949495822191,70.23873342828688,69.2337704984366,69.70669555664062,1115000,0.0,0.0
2009-08-27 00:00:00-04:00,69.75596124576833,70.05153282986817,69.16480304379108,69.70669555664062,578300,0.0,0.0
2009-08-28 00:00:00-04:00,69.96286727266607,69.96286727266607,69.11554849015135,69.42097473144531,806900,0.0,0.0
2009-08-31 00:00:00-04:00,69.28303988674146,69.70669927843792,68.40616469504934,68.76085662841797,856000,0.0,0.0
2009-09-01 00:00:00-04:00,67.81501035521305,68.32733894443464,66.86916775572708,67.72633361816406,1775500,0.0,0.0
2009-09-02 00:00:00-04:00,67.52928800509352,68.2879300298678,67.39135309149819,67.85442352294922,1259300,0.0,0.0
2009-09-03 00:00:00-04:00,67.82485359444435,69.29288685715308,67.273113988904,68.0711669921875,1957200,0.0,0.0
2009-09-04 00:00:00-04:00,67.9627920146973,68.81010313755196,67.75588215790312,68.4751205444336,741200,0.0,0.0
2009-09-08 00:00:00-04:00,68.63276888714324,68.74113986682119,67.09576817078839,67.3814926147461,1226300,0.0,0.0
2009-09-09 00:00:00-04:00,67.38149235363561,67.75588601139401,66.57358471129186,67.44060516357422,1732300,0.0,0.0
2009-09-10 00:00:00-04:00,67.33222292635017,67.8150025703193,66.81003975587018,67.78544616699219,874300,0.0,0.0
2009-09-11 00:00:00-04:00,67.83471287372677,68.55395135175027,67.62781050750083,68.20911407470703,933400,0.0,0.0
2009-09-14 00:00:00-04:00,68.20911354508864,68.72144213601928,68.0022036635804,68.32733917236328,994000,0.0,0.0
2009-09-15 00:00:00-04:00,68.1401522335728,68.32734533259747,67.42091369628906,67.42091369628906,1256500,0.0,0.0
2009-09-16 00:00:00-04:00,66.21889724245352,66.23860652500888,64.2089788844718,64.30750274658203,4244900,0.0,0.0
2009-09-17 00:00:00-04:00,64.65234577459144,64.77057139914115,61.14484150591751,62.80006790161133,5699800,0.0,0.0
2009-09-18 00:00:00-04:00,62.957709222354595,63.78531867346459,62.494638807947865,62.56360626220703,2128300,0.0,0.0
2009-09-21 00:00:00-04:00,62.29758339065925,63.470033797410444,61.76554555561821,63.282840728759766,2091300,0.0,0.0
2009-09-22 00:00:00-04:00,63.01682249173321,67.48002031926445,62.72124714870464,65.74597930908203,6923400,0.0,0.0
2009-09-23 00:00:00-04:00,65.41098730891376,66.59328864757657,64.89865873333015,65.55877685546875,1467800,0.0,0.0
2009-09-24 00:00:00-04:00,65.5587733751243,65.94302166563541,64.94791345634061,65.12525939941406,1196500,0.0,0.0
2009-09-25 00:00:00-04:00,65.24349104449125,65.59818292254184,64.62277649945871,64.8493881225586,1185700,0.0,0.0
2009-09-28 00:00:00-04:00,64.83954052012953,65.99229300735912,64.57352534116198,65.65730285644531,1264600,0.0,0.0
2009-09-29 00:00:00-04:00,65.62773906481547,65.64744082823401,64.80012218036474,64.90850067138672,2247500,0.0,0.0
2009-09-30 00:00:00-04:00,65.1449752785796,65.21394273471098,64.10060127830428,64.73116302490234,1649600,0.0,0.0
2009-10-01 00:00:00-04:00,64.65234432015922,64.72131177189125,63.81487274169922,63.81487274169922,1366300,0.0,0.0
2009-10-02 00:00:00-04:00,63.647390707857795,63.77547850608911,62.86904310224988,63.40107727050781,1292900,0.0,0.0
2009-10-05 00:00:00-04:00,63.410928066752625,64.52426202996875,62.97741403790534,64.37647247314453,1074300,0.0,0.0
2009-10-06 00:00:00-04:00,64.39617213673664,65.27304718817773,64.13014947081435,64.90850067138672,952500,0.0,0.0
2009-10-07 00:00:00-04:00,64.9085094640998,65.66715900402271,64.74101814324528,65.27305603027344,895200,0.0,0.0
2009-10-08 00:00:00-04:00,65.50951639098847,65.94303042427865,65.27305760777983,65.51937103271484,716100,0.0,0.0
2009-10-09 00:00:00-04:00,65.74598125505734,66.58344537816662,65.6868609228796,66.5341796875,763200,0.0,0.0
2009-10-12 00:00:00-04:00,66.4356472557227,66.59328391512729,66.01198792804628,66.11051177978516,501500,0.0,0.0
2009-10-13 00:00:00-04:00,66.02184538143821,66.02184538143821,65.2237848595059,65.37157440185547,832800,0.0,0.0
2009-10-14 00:00:00-04:00,65.55877904461315,67.30267470490641,65.29275634855338,66.94798278808594,1864800,0.0,0.0
2009-10-15 00:00:00-04:00,66.89873349780044,67.35194933682571,66.63271076642027,67.2829818725586,727700,0.0,0.0
2009-10-16 00:00:00-04:00,66.80020225637368,66.88887147912929,66.08096376528144,66.56373596191406,1261700,0.0,0.0
2009-10-19 00:00:00-04:00,66.80020361013865,68.938202326872,66.70167222700582,68.8199691772461,1756500,0.0,0.0
2009-10-20 00:00:00-04:00,68.96775749179253,69.81507625661425,68.55395275089515,69.14510345458984,1590400,0.0,0.0
2009-10-21 00:00:00-04:00,68.96776007287872,69.51949974805717,67.82486215499272,67.834716796875,1506400,0.0,0.0
2009-10-22 00:00:00-04:00,68.17955028029907,70.36681460868427,68.09088105898616,70.13035583496094,2060300,0.0,0.0
2009-10-23 00:00:00-04:00,70.24859075983595,70.58357340468918,69.45053016335847,69.68699645996094,902300,0.0,0.0
2009-10-26 00:00:00-04:00,69.66728505860112,70.46533811392514,69.27318209313523,69.55890655517578,1248200,0.0,0.0
2009-10-27 00:00:00-04:00,69.72639557319106,70.75106024285718,69.3125908556976,70.15005493164062,1265200,0.0,0.0
2009-10-28 00:00:00-04:00,70.22888169699083,70.34711484566297,68.78055757253563,68.96775817871094,1557500,0.0,0.0
2009-10-29 00:00:00-04:00,69.02687168565451,69.02687168565451,68.42586632844346,68.79041290283203,1571600,0.0,0.0
2009-10-30 00:00:00-04:00,68.57365180160423,68.86923090019154,67.4701725362409,67.8741226196289,1697900,0.0,0.0
2009-11-02 00:00:00-05:00,67.95294808249787,69.38156292372982,67.95294808249787,68.96775817871094,1105000,0.0,0.0
2009-11-03 00:00:00-05:00,68.73129406163528,69.12539700972002,68.36674751920141,69.0367202758789,829500,0.0,0.0
2009-11-04 00:00:00-05:00,69.32244136067872,70.06138153363915,69.13524077812454,69.2633285522461,834200,0.0,0.0
2009-11-05 00:00:00-05:00,69.35200108728249,70.45548783784693,69.22392082391325,70.38652038574219,880700,0.0,0.0
2009-11-06 00:00:00-05:00,70.22887752831099,70.82002820280374,69.93330594950893,70.69194793701172,936100,0.0,0.0
2009-11-09 00:00:00-05:00,70.98752143708099,72.1698226928711,70.6131202764666,72.1698226928711,944900,0.0,0.0
2009-11-10 00:00:00-05:00,71.79542904914477,72.45554712501279,71.79542904914477,72.1698226928711,728300,0.0,0.0
2009-11-11 00:00:00-05:00,72.17968242642176,72.5245196906197,71.56882247492214,72.15997314453125,566200,0.0,0.0
2009-11-12 00:00:00-05:00,72.21909362585019,72.4161413438399,71.37177490809499,71.47029876708984,493600,0.0,0.0
2009-11-13 00:00:00-05:00,71.48015247076894,72.02203744657943,71.23383906806731,71.70675659179688,583200,0.0,0.0
2009-11-16 00:00:00-05:00,71.75602014634708,73.00728888744999,71.75602014634708,72.928466796875,798900,0.0,0.0
2009-11-17 00:00:00-05:00,72.56393228474947,73.20434865585149,72.38658632839643,73.0959701538086,793700,0.0,0.0
2009-11-18 00:00:00-05:00,73.23390050074042,73.45065749132456,72.6624516195437,72.9580307006836,410100,0.0,0.0
2009-11-19 00:00:00-05:00,73.15508355574902,73.1649381969837,71.72646876915994,72.2880630493164,627300,0.0,0.0
2009-11-20 00:00:00-05:00,72.05158557717625,72.7905257004149,72.05158557717625,72.57377624511719,565300,0.0,0.0
2009-11-23 00:00:00-05:00,72.74127704268822,73.6181521688515,72.74127704268822,73.39154052734375,419700,0.0,0.0
2009-11-24 00:00:00-05:00,73.07626431905129,73.69697895401505,72.9481840455439,73.49992370605469,421400,0.0,0.0
2009-11-25 00:00:00-05:00,73.4211052638564,73.53933841852161,72.98759873052957,73.21420288085938,394000,0.0,0.0
2009-11-27 00:00:00-05:00,72.13041405416814,72.62304084665683,71.50970700171217,72.20923614501953,359500,0.0,0.0
2009-11-30 00:00:00-05:00,72.41613971454395,72.41613971454395,71.54911925125236,71.88410186767578,714700,0.0,0.0
2009-12-01 00:00:00-05:00,72.45554766804214,73.18463319734735,71.88409879947596,72.71171569824219,1008500,0.0,0.0
2009-12-02 00:00:00-05:00,72.73142069170761,72.90876664096929,72.13041539237017,72.51466369628906,676900,0.0,0.0
2009-12-03 00:00:00-05:00,72.63290322697112,72.86936200783394,71.47030357213607,71.54912567138672,589900,0.0,0.0
2009-12-04 00:00:00-05:00,71.83484341798255,72.88906446686904,71.48015152145173,71.9727783203125,467100,0.0,0.0
2009-12-07 00:00:00-05:00,71.79543554842813,72.82994736167166,71.67720240539083,72.46540832519531,542500,0.0,0.0
2009-12-08 00:00:00-05:00,72.34717559814453,72.76098032582127,71.83484700914792,72.34717559814453,545400,0.0,0.0
2009-12-09 00:00:00-05:00,72.46540755995656,72.63289887315744,71.82499119648935,71.98262786865234,712200,0.0,0.0
2009-12-10 00:00:00-05:00,72.465411015357,72.67231338568664,71.93337312727125,72.41614532470703,680500,0.0,0.0
2009-12-11 00:00:00-05:00,72.63290365146821,73.26346541538037,72.54422691007069,72.72157287597656,647600,0.0,0.0
2009-12-14 00:00:00-05:00,72.86935384818243,73.8151963826107,72.86935384818243,73.647705078125,872800,0.0,0.0
2009-12-15 00:00:00-05:00,73.64770825222747,74.88912992080652,73.34228203477977,74.80045318603516,766000,0.0,0.0
2009-12-16 00:00:00-05:00,74.59355644028648,75.59851941990898,73.85461616810665,74.67237854003906,900700,0.0,0.0
2009-12-17 00:00:00-05:00,74.5245823316981,74.5245823316981,73.3718374140212,73.74623107910156,657300,0.0,0.0
2009-12-18 00:00:00-05:00,73.73637293796318,74.01225024938198,72.98758564334803,73.34227752685547,1014400,0.0,0.0
2009-12-21 00:00:00-05:00,74.02210139892892,74.74133984540762,73.71667518364175,74.28812408447266,497500,0.0,0.0
2009-12-22 00:00:00-05:00,74.24871875141795,74.95810261160493,74.24871875141795,74.76104736328125,953300,0.0,0.0
2009-12-23 00:00:00-05:00,74.9285364245026,75.42116320568437,74.69207015737588,75.3226318359375,402200,0.0,0.0
2009-12-24 00:00:00-05:00,75.44086630994799,75.60835761447267,74.90882847479176,74.96794128417969,226800,0.0,0.0
2009-12-28 00:00:00-05:00,75.12559295623052,75.16500400538177,74.81031207990944,75.02706909179688,423100,0.0,0.0
2009-12-29 00:00:00-05:00,75.29308094614584,75.36204839988686,74.53443895499464,74.56399536132812,484700,0.0,0.0
2009-12-30 00:00:00-05:00,74.54429241195194,74.66251803540789,73.87431965044354,74.19944763183594,550700,0.0,0.0
2009-12-31 00:00:00-05:00,74.32754744065042,74.32754744065042,73.72654203453386,73.73638916015625,498800,0.0,0.0
2010-01-04 00:00:00-05:00,74.35709044643507,75.37190045243895,73.72652874334743,75.24382019042969,883400,0.0,0.0
2010-01-05 00:00:00-05:00,74.9383899869649,75.24382372902559,74.2388607996071,74.3275375366211,864600,0.0,0.0
2010-01-06 00:00:00-05:00,74.2290058293482,74.68222911983054,72.72156895879176,73.0959701538086,1981000,0.0,0.0
2010-01-07 00:00:00-05:00,72.72157150262103,73.15508552595712,72.29791212078506,73.07626342773438,1554900,0.0,0.0
2010-01-08 00:00:00-05:00,73.05655698306741,73.32257215142224,72.73142148638708,72.96788024902344,761100,0.0,0.0
2010-01-11 00:00:00-05:00,73.49991247364477,74.12062701374964,73.27330836923186,73.78563690185547,843100,0.0,0.0
2010-01-12 00:00:00-05:00,73.65756839704775,74.11078419505405,72.63290365146821,72.72157287597656,1118800,0.0,0.0
2010-01-13 00:00:00-05:00,72.98759474832134,74.45562063342716,72.98759474832134,74.24871826171875,1033300,0.0,0.0
2010-01-14 00:00:00-05:00,74.35709084451933,75.86452765893631,74.04180999128761,75.78570556640625,1339200,0.0,0.0
2010-01-15 00:00:00-05:00,75.7758552006203,75.8349680090446,74.3176766187529,74.6329574584961,779500,0.0,0.0
2010-01-19 00:00:00-05:00,74.80046337678267,75.86453923767633,74.80046337678267,75.44087982177734,883000,0.0,0.0
2010-01-20 00:00:00-05:00,75.25367205659126,75.95320125513406,74.38665153943022,74.66252136230469,1672000,0.0,0.0
2010-01-21 00:00:00-05:00,74.93839319016435,74.96794959813612,73.00729686148745,73.49992370605469,841300,0.0,0.0
2010-01-22 00:00:00-05:00,73.51962122155585,73.52946834471089,70.99736706960546,71.20426940917969,2211500,0.0,0.0
2010-01-25 00:00:00-05:00,71.27324165106842,72.05159289529503,69.16479955329544,71.9727783203125,2448300,0.0,0.0
2010-01-26 00:00:00-05:00,71.4210331888835,72.65260022043289,71.4210331888835,72.10086059570312,1190200,0.0,0.0
2010-01-27 00:00:00-05:00,71.85455100977909,72.28806503333804,70.79047523389202,71.1254653930664,1478900,0.0,0.0
2010-01-28 00:00:00-05:00,71.40133710816394,71.66735230072544,69.85448909406685,69.99242401123047,1146400,0.0,0.0
2010-01-29 00:00:00-05:00,70.11064925770431,70.81017840642552,69.28303233113621,70.05152893066406,1584600,0.0,0.0
2010-02-01 00:00:00-05:00,70.66239207811662,70.77077057958338,69.82492798969149,70.54415893554688,1039200,0.0,0.0
2010-02-02 00:00:00-05:00,70.60327049389547,71.61808041165621,70.34710247526365,71.52940368652344,1273500,0.0,0.0
2010-02-03 00:00:00-05:00,71.27324894928101,71.3028128744262,70.52446155049824,70.74121856689453,539500,0.0,0.0
2010-02-04 00:00:00-05:00,70.1599044519502,70.74120795571648,69.4209642888343,69.49978637695312,1381100,0.0,0.0
2010-02-05 00:00:00-05:00,69.4012722762297,69.6672874648962,68.58350991009817,69.59832000732422,1015000,0.0,0.0
2010-02-08 00:00:00-05:00,69.54905113557336,69.78551742233992,68.94805332815247,69.1056900024414,632000,0.0,0.0
2010-02-09 00:00:00-05:00,69.48007089182846,69.92343946023749,68.96774239858371,69.11553192138672,1415900,0.0,0.0
2010-02-10 00:00:00-05:00,68.88893492260642,70.12050201225637,68.60321045578095,69.92345428466797,1730100,0.0,0.0
2010-02-11 00:00:00-05:00,68.7707119946007,70.5835752136806,68.46527823288346,70.50475311279297,1582300,0.0,0.0
2010-02-12 00:00:00-05:00,70.28798527781396,70.78061205722187,69.53919798527338,70.70179748535156,1080400,0.0,0.0
2010-02-16 00:00:00-05:00,71.30281040331008,71.37177785914697,70.47519341637842,71.36192321777344,848300,0.0,0.0
2010-02-17 00:00:00-05:00,71.4210333193367,72.41614158737502,71.4210333193367,72.07130432128906,1021700,0.0,0.0
2010-02-18 00:00:00-05:00,72.10086085920105,72.23879576588759,71.70675790428724,72.041748046875,1149400,0.0,0.0
2010-02-19 00:00:00-05:00,71.92351671552001,73.00729423114323,71.71661435028285,72.88906860351562,938300,0.0,0.0
2010-02-22 00:00:00-05:00,73.07625914289517,73.37183823545463,72.5836323332218,72.87921142578125,589100,0.0,0.0
2010-02-23 00:00:00-05:00,72.60334378390293,73.0664142015311,72.09100767708031,72.31761932373047,1122900,0.0,0.0
2010-02-24 00:00:00-05:00,72.61319305352886,72.72157155944757,72.15997726372744,72.41614532470703,699300,0.0,0.0
2010-02-25 00:00:00-05:00,72.1599760993848,72.1698307407336,71.40133408708398,72.05159759521484,1135900,0.0,0.0
2010-02-26 00:00:00-05:00,72.06145155419489,72.77083538681224,72.00233874043971,72.22894287109375,711900,0.0,0.0
2010-03-01 00:00:00-05:00,72.28806246750892,73.13538120154135,72.16982932431064,73.0959701538086,834500,0.0,0.0
2010-03-02 00:00:00-05:00,73.27331688638,73.9728460780472,73.23390583822973,73.54918670654297,656700,0.0,0.0
2010-03-03 00:00:00-05:00,73.36198620962695,73.41125189910586,71.79543650713019,72.19938659667969,2038900,0.0,0.0
2010-03-04 00:00:00-05:00,72.33731641791415,72.60333909536305,71.12545871763285,71.5195541381836,962800,0.0,0.0
2010-03-05 00:00:00-05:00,71.71661245662668,71.85454736314264,71.00722864203671,71.38162231445312,1461100,0.0,0.0
2010-03-08 00:00:00-05:00,71.17471647133229,71.28309496641766,70.80032281723899,70.97766876220703,1066700,0.0,0.0
2010-03-09 00:00:00-05:00,70.8692908062447,71.06633851686895,70.59342100461541,70.82987976074219,582500,0.0,0.0
2010-03-10 00:00:00-05:00,70.81017892589418,71.55896624960565,70.56386552593656,71.2535400390625,749800,0.0,0.0
2010-03-11 00:00:00-05:00,71.19442681652211,72.71171825350805,71.02692799268493,72.69200897216797,1119200,0.0,0.0
2010-03-12 00:00:00-05:00,72.603342573102,73.17478396702823,72.41614197755156,72.61318969726562,676700,0.0,0.0
2010-03-15 00:00:00-04:00,72.6131810614094,73.56887817382812,72.45554440776355,73.56887817382812,1131000,0.0,0.0
2010-03-16 00:00:00-04:00,73.5294659503332,73.99253629772925,73.09595952210327,73.89401245117188,702100,0.0,0.0
2010-03-17 00:00:00-04:00,74.00240095945196,74.879276091275,73.89402245849507,74.59355163574219,1024100,0.0,0.0
2010-03-18 00:00:00-04:00,74.88912390099885,75.12558264656761,74.35708608580316,75.04676055908203,675200,0.0,0.0
2010-03-19 00:00:00-04:00,74.3965072631836,75.02706901518185,74.06151710418446,74.3965072631836,1178000,0.0,0.0
2010-03-22 00:00:00-04:00,74.31768231640434,75.30293595574848,74.20930381472539,75.13544464111328,1115700,0.0,0.0
2010-03-23 00:00:00-04:00,73.9531328969211,74.28812303009411,72.95803217191919,73.23390197753906,1458600,0.0,0.0
2010-03-24 00:00:00-04:00,73.16493842383184,73.56888851304092,72.68215872138961,72.88906860351562,1160700,0.0,0.0
2010-03-25 00:00:00-04:00,72.89891725725813,73.96299302956324,72.73142593667927,73.79550170898438,1070800,0.0,0.0
2010-03-26 00:00:00-04:00,74.86941943010994,74.86941943010994,73.67726346863932,74.46546936035156,1062400,0.0,0.0
2010-03-29 00:00:00-04:00,74.66251360321479,74.7610374558756,74.35708740489989,74.69207000732422,588100,0.0,0.0
2010-03-30 00:00:00-04:00,74.63296174313038,74.83986410138174,74.53443788447096,74.83000946044922,542600,0.0,0.0
2010-03-31 00:00:00-04:00,74.5738498705176,74.90883249755622,74.08122305412763,74.59355163574219,860800,0.0,0.0
2010-04-01 00:00:00-04:00,74.9186866767498,76.0812862569384,74.9186866767498,76.03202056884766,947800,0.0,0.0
2010-04-05 00:00:00-04:00,76.31774354768557,76.35715459401877,75.6871818401312,75.75614929199219,716800,0.0,0.0
2010-04-06 00:00:00-04:00,75.98275743860346,76.3275946820669,75.78570221598996,76.01231384277344,1293200,0.0,0.0
2010-04-07 00:00:00-04:00,76.11084025618241,76.33745189058965,75.0073535230874,75.33248901367188,1052500,0.0,0.0
2010-04-08 00:00:00-04:00,75.36204663781406,75.43101408994252,74.80045237994274,75.00735473632812,905800,0.0,0.0
2010-04-09 00:00:00-04:00,74.90883847623806,75.12559549545182,74.60341223110375,75.03692626953125,767800,0.0,0.0
2010-04-12 00:00:00-04:00,74.96794925224457,75.53939819335938,74.83001433775328,75.53939819335938,579000,0.0,0.0
2010-04-13 00:00:00-04:00,75.32264467152892,75.45073246727179,74.7216392947199,75.31279754638672,710200,0.0,0.0
2010-04-14 00:00:00-04:00,75.3423470033489,75.3423470033489,74.57385036736267,75.13544464111328,616800,0.0,0.0
2010-04-15 00:00:00-04:00,74.74134108646086,76.79067044402099,74.74134108646086,76.60346984863281,1448300,0.0,0.0
2010-04-16 00:00:00-04:00,76.02216404679329,76.81036234058692,75.63790826434256,75.84481811523438,1027300,0.0,0.0
2010-04-19 00:00:00-04:00,74.03194920756307,79.62818952573437,74.03194920756307,78.16016387939453,4002600,0.0,0.0
2010-04-20 00:00:00-04:00,78.53456422675222,79.05674743652345,77.67739088132929,79.05674743652344,1186800,0.0,0.0
2010-04-21 00:00:00-04:00,78.24884697305826,81.77605701964578,77.7660747652616,79.80554962158203,3221600,0.0,0.0
2010-04-22 00:00:00-04:00,79.13556790718741,79.84495169342617,78.26854745561134,79.50011444091797,1173800,0.0,0.0
2010-04-23 00:00:00-04:00,79.25380873132588,79.41144541195365,78.13062013313012,78.81044006347656,1214800,0.0,0.0
2010-04-26 00:00:00-04:00,78.92866202506116,78.92866202506116,77.66753869122162,77.7463607788086,1110700,0.0,0.0
2010-04-27 00:00:00-04:00,77.07639613710084,77.79562709018509,76.14040066201568,76.27833557128906,1487300,0.0,0.0
2010-04-28 00:00:00-04:00,76.32759604307122,77.11579439691522,75.76600180316316,76.97785949707031,1810200,0.0,0.0
2010-04-29 00:00:00-04:00,77.5296218357678,77.82519345765974,77.16507523352236,77.66755676269531,938600,0.0,0.0
2010-04-30 00:00:00-04:00,77.79561759794923,78.00251993661412,77.37195828061985,77.41136932373047,1589600,0.0,0.0
2010-05-03 00:00:00-04:00,77.42123668802365,77.89415424930012,77.07639940024102,77.40152740478516,1147700,0.0,0.0
2010-05-04 00:00:00-04:00,76.75126421078453,77.07639973362411,76.24878272247692,76.68229675292969,1612200,0.0,0.0
2010-05-05 00:00:00-04:00,76.56405398914526,77.40151801990089,76.41626445033233,76.52464294433594,1012700,0.0,0.0
2010-05-06 00:00:00-04:00,76.41626986212742,77.09609727867928,72.04174881492376,75.13544464111328,1771500,0.0,0.0
2010-05-07 00:00:00-04:00,74.93838309592752,75.52954124329021,73.8743149678285,74.1206283569336,1559000,0.0,0.0
2010-05-10 00:00:00-04:00,76.5837740795645,76.5837740795645,75.07632959116727,75.72660064697266,1283300,0.0,0.0
2010-05-11 00:00:00-04:00,75.25368032798721,76.18967592063433,74.77090808489369,75.80542755126953,1250800,0.0,0.0
2010-05-12 00:00:00-04:00,76.0123238745924,76.24878265604738,75.54925343644656,76.0517349243164,1366200,0.0,0.0
2010-05-13 00:00:00-04:00,75.8940833700155,76.72170030023175,75.55910075516044,76.6527328491211,1774700,0.0,0.0
2010-05-14 00:00:00-04:00,76.11084918202886,76.48524288616453,75.49014205011964,76.32760620117188,1499600,0.0,0.0
2010-05-17 00:00:00-04:00,76.1995156101047,76.7709645456109,75.61821955000939,76.37686157226562,990400,0.0,0.0
2010-05-18 00:00:00-04:00,76.62316448004191,77.26358078426632,75.50983068618788,75.7955551147461,1361400,0.0,0.0
2010-05-19 00:00:00-04:00,75.67732665261435,76.69213665847566,75.46056965779185,76.56405639648438,1849000,0.0,0.0
2010-05-20 00:00:00-04:00,75.38175658022,75.68718279705331,74.62310708326889,74.85957336425781,2736800,0.0,0.0
2010-05-21 00:00:00-04:00,74.03195377647583,75.0467637663364,73.90387351650402,74.8792724609375,2174000,0.0,0.0
2010-05-24 00:00:00-04:00,74.63296134639181,74.9876532491911,74.08122172732116,74.28812408447266,1299900,0.0,0.0
2010-05-25 00:00:00-04:00,73.25360452301499,74.42605872628626,72.81024340452659,74.34723663330078,1280000,0.0,0.0
2010-05-26 00:00:00-04:00,74.4162007311699,74.91868215519256,73.82505009420166,73.88416290283203,942800,0.0,0.0
2010-05-27 00:00:00-04:00,74.82015565028802,75.33248417966718,74.65265683695768,75.2832260131836,1173800,0.0,0.0
2010-05-28 00:00:00-04:00,75.06647452940715,75.1649983864757,74.36694537226533,74.49502563476562,854900,0.0,0.0
2010-06-01 00:00:00-04:00,73.95312525572876,74.83000026879833,73.69696475805715,73.89401245117188,661000,0.0,0.0
2010-06-02 00:00:00-04:00,74.23886402421303,75.5098421861016,73.85461568653615,75.45072937011719,931000,0.0,0.0
2010-06-03 00:00:00-04:00,75.69703152216651,76.4950844866917,75.45071813638585,75.73644256591797,1057600,0.0,0.0
2010-06-04 00:00:00-04:00,74.78075482396869,75.38176016215196,73.69697729371472,73.94329071044922,841500,0.0,0.0
2010-06-07 00:00:00-04:00,74.23884967256649,74.99749907652227,73.82504500689296,73.89401245117188,891300,0.0,0.0
2010-06-08 00:00:00-04:00,73.99254473175465,74.43591336713156,73.61815106540642,74.34723663330078,988700,0.0,0.0
2010-06-09 00:00:00-04:00,74.53444190995174,75.28323680660394,74.31768489906119,74.45561981201172,1069400,0.0,0.0
2010-06-10 00:00:00-04:00,75.32264320639777,76.43598471074338,75.32264320639777,76.32760620117188,815200,0.0,0.0
2010-06-11 00:00:00-04:00,76.10098903594856,77.20447581864113,75.80541745413198,77.08624267578125,1160200,0.0,0.0
2010-06-14 00:00:00-04:00,77.16505503058795,78.14045390617028,77.16505503058795,77.6478271484375,999100,0.0,0.0
2010-06-15 00:00:00-04:00,78.07149370806582,78.61338619863035,77.7266564490195,78.42618560791016,1071400,0.0,0.0
2010-06-16 00:00:00-04:00,77.84488917374483,79.34247134087289,77.84488917374483,79.20453643798828,1040400,0.0,0.0
2010-06-17 00:00:00-04:00,79.31292511455241,79.40159434197729,78.80059648335558,79.21440124511719,711800,0.0,0.0
2010-06-18 00:00:00-04:00,79.33261213457789,79.33261213457789,78.66263942331412,79.06659698486328,1373900,0.0,0.0
2010-06-21 00:00:00-04:00,79.31291815681745,79.74643216456967,78.82029133596764,79.03704833984375,1014200,0.0,0.0
2010-06-22 00:00:00-04:00,79.24394519740764,79.65774989412068,77.69709738807609,77.7857666015625,740500,0.0,0.0
2010-06-23 00:00:00-04:00,77.55917227354966,78.15032298869964,76.89905410024703,77.25374603271484,944700,0.0,0.0
2010-06-24 00:00:00-04:00,76.87933982260522,77.35226487413655,75.83497337645474,75.9137954711914,722100,0.0,0.0
2010-06-25 00:00:00-04:00,75.1551504560955,76.7217077358465,75.1551504560955,76.0517349243164,1181500,0.0,0.0
2010-06-28 00:00:00-04:00,76.40643129983725,77.1946297895032,76.11085216815654,76.84979248046875,614600,0.0,0.0
2010-06-29 00:00:00-04:00,75.93349404492788,76.25862953438461,75.04676430863152,75.3916015625,1628800,0.0,0.0
2010-06-30 00:00:00-04:00,74.91868850843697,75.62807233971118,74.16989362910431,74.23886108398438,1156300,0.0,0.0
2010-07-01 00:00:00-04:00,74.19945230429512,74.50488605686328,72.51466941195736,74.30783081054688,1309200,0.0,0.0
2010-07-02 00:00:00-04:00,74.66252118777858,74.66252118777858,73.03685114462391,73.40139770507812,1213700,0.0,0.0
2010-07-06 00:00:00-04:00,74.30783038874371,74.30783038874371,72.58363645692994,73.10581970214844,1101800,0.0,0.0
2010-07-07 00:00:00-04:00,73.35212507449417,73.92357394754833,72.73141803321076,73.88416290283203,821800,0.0,0.0
2010-07-08 00:00:00-04:00,74.2881258094353,74.72163229867597,74.1304816192469,74.5048828125,712800,0.0,0.0
2010-07-09 00:00:00-04:00,74.27826838935385,74.36694512223934,72.91862112584657,73.23390197753906,1057400,0.0,0.0
2010-07-12 00:00:00-04:00,73.0073034454566,73.83492052774835,72.91863421354488,73.76595306396484,734500,0.0,0.0
2010-07-13 00:00:00-04:00,74.29798205385889,74.82016529057118,73.78564594157932,74.72163391113281,818600,0.0,0.0
2010-07-14 00:00:00-04:00,74.32753682693398,75.43101609025183,74.18960191901925,75.16500091552734,680400,0.0,0.0
2010-07-15 00:00:00-04:00,75.15515025641692,75.75615560855545,74.79061120199425,75.45072937011719,545400,0.0,0.0
2010-07-16 00:00:00-04:00,74.93838635958757,75.45072244069637,73.88416530898068,73.92357635498047,755800,0.0,0.0
2010-07-19 00:00:00-04:00,74.2979765973929,74.47531502682487,73.7265277129288,74.1600341796875,587700,0.0,0.0
2010-07-20 00:00:00-04:00,73.58860216420446,75.89409224247585,73.40140155349567,75.66748809814453,1178800,0.0,0.0
2010-07-21 00:00:00-04:00,74.34723729119607,75.60836072256923,73.21419412439128,74.83000946044922,3417900,0.0,0.0
2010-07-22 00:00:00-04:00,77.05668619066174,77.49020019715016,70.52445727131622,71.17472076416016,4158400,0.0,0.0
2010-07-23 00:00:00-04:00,71.50970820516342,73.31272410006855,71.13530702576261,71.88410186767578,1502600,0.0,0.0
2010-07-26 00:00:00-04:00,72.28806166612169,73.38169379869326,72.0023372108933,73.30287170410156,1052800,0.0,0.0
2010-07-27 00:00:00-04:00,73.5886008485002,73.98269631279366,71.69690804220156,73.4112548828125,2319900,0.0,0.0
2010-07-28 00:00:00-04:00,73.46050612075267,73.77578697254991,72.37672866250519,72.54421997070312,672300,0.0,0.0
2010-07-29 00:00:00-04:00,73.24375062496274,73.5590390001021,71.5097096630278,72.15997314453125,1134700,0.0,0.0
2010-07-30 00:00:00-04:00,71.73631738622463,72.10086395060574,71.38162546328326,71.90381622314453,1504600,0.0,0.0
2010-08-02 00:00:00-04:00,72.84966674976138,73.77580018958407,72.45556373518863,73.76595306396484,824200,0.0,0.0
2010-08-03 00:00:00-04:00,73.79549862542659,74.3570928956398,72.91862349328471,73.93343353271484,878800,0.0,0.0
2010-08-04 00:00:00-04:00,74.18960181759864,74.68222863573173,73.9432884085321,74.53443908691406,694300,0.0,0.0
2010-08-05 00:00:00-04:00,74.0910776223681,74.69208300009912,73.83491706426823,74.62311553955078,694500,0.0,0.0
2010-08-06 00:00:00-04:00,74.17974772233752,74.56399604195762,73.57874239844175,74.38665008544922,935300,0.0,0.0
2010-08-09 00:00:00-04:00,74.58369054675578,74.85956785427042,74.05166024591188,74.2979736328125,788800,0.0,0.0
2010-08-10 00:00:00-04:00,73.84475869228886,76.24878002425325,73.63785632604602,75.41131591796875,1018900,0.0,0.0
2010-08-11 00:00:00-04:00,74.57384773516436,74.72162976233881,73.69697262844981,73.83490753173828,866500,0.0,0.0
2010-08-12 00:00:00-04:00,72.98759448622768,74.61326456311504,72.71172465827377,74.30783081054688,636400,0.0,0.0
2010-08-13 00:00:00-04:00,74.02211052527902,74.41621352330012,73.73638603963596,73.90388488769531,510100,0.0,0.0
2010-08-16 00:00:00-04:00,73.4605015585993,74.01224865264538,72.67230323650028,73.7560806274414,408100,0.0,0.0
2010-08-17 00:00:00-04:00,74.37680085800751,75.39161098199246,73.96299610166422,74.94824981689453,732000,0.0,0.0
2010-08-18 00:00:00-04:00,75.16499690261767,75.19455330746591,74.43591135443728,74.8792724609375,368600,0.0,0.0
2010-08-19 00:00:00-04:00,74.46545629509441,74.65264933594375,73.164922063775,73.84474182128906,651400,0.0,0.0
2010-08-20 00:00:00-04:00,73.44080404482146,74.87927339485388,73.44080404482146,74.64281463623047,1365200,0.0,0.0
2010-08-23 00:00:00-04:00,75.00735420165523,75.62806878327527,74.45561458856051,74.49502563476562,619000,0.0,0.0
2010-08-24 00:00:00-04:00,73.696975410832,74.64281800490045,73.68712076968549,74.41620635986328,1370600,0.0,0.0
2010-08-25 00:00:00-04:00,74.31768537287167,75.60836528808996,74.219161508263,74.99751281738281,1378100,0.0,0.0
2010-08-26 00:00:00-04:00,75.05662451317025,75.16500301768984,73.97284698486328,73.97284698486328,1449200,0.0,0.0
2010-08-27 00:00:00-04:00,74.3078265266612,74.33738293268246,73.23390368448294,74.11077880859375,1669900,0.0,0.0
2010-08-30 00:00:00-04:00,74.1501894967652,74.18960054356569,72.82994573805848,72.87921142578125,1109000,0.0,0.0
2010-08-31 00:00:00-04:00,72.5836375357172,72.9875951567099,71.26340119926998,71.54912567138672,1921700,0.0,0.0
2010-09-01 00:00:00-04:00,72.68215606072319,73.05655724620854,72.08115826954284,72.90876770019531,1236200,0.0,0.0
2010-09-02 00:00:00-04:00,73.04671310847478,73.62801673520718,72.88907641577948,73.46051788330078,1002600,0.0,0.0
2010-09-03 00:00:00-04:00,73.89402502034675,74.13048379568295,73.58859878900043,73.94329071044922,1142800,0.0,0.0
2010-09-07 00:00:00-04:00,73.83491386914275,74.29798430573821,73.28316669174285,73.49992370605469,1249900,0.0,0.0
2010-09-08 00:00:00-04:00,73.67727334051963,73.67727334051963,72.7708417054214,73.21420288085938,1677900,0.0,0.0
2010-09-09 00:00:00-04:00,73.7955033517368,74.80045881447013,73.73638301847778,74.67237854003906,953900,0.0,0.0
2010-09-10 00:00:00-04:00,74.68222739376371,75.79556127814978,74.33738261329437,75.51969146728516,966100,0.0,0.0
2010-09-13 00:00:00-04:00,74.4359123146163,74.86941878612966,71.86439982321205,71.9727783203125,2951200,0.0,0.0
2010-09-14 00:00:00-04:00,72.11071412635489,73.9137225199459,71.98262634623727,73.7166748046875,1965000,0.0,0.0
2010-09-15 00:00:00-04:00,73.42109332732349,74.41620154586194,73.42109332732349,74.3373794555664,1473700,0.0,0.0
2010-09-16 00:00:00-04:00,74.15018989616131,74.31768120829915,73.3718386306583,73.42109680175781,1008800,0.0,0.0
2010-09-17 00:00:00-04:00,73.74623575267827,74.1797497732152,73.14523041216624,73.8546142578125,1293300,0.0,0.0
2010-09-20 00:00:00-04:00,73.90387167349688,75.49013050715985,73.72652573194176,75.38175201416016,902200,0.0,0.0
2010-09-21 00:00:00-04:00,75.35220111552327,75.7955622433604,74.87927606452682,75.25366973876953,774700,0.0,0.0
2010-09-22 00:00:00-04:00,75.16500614304553,75.54925448708694,74.86942702444941,75.12559509277344,1726900,0.0,0.0
2010-09-23 00:00:00-04:00,74.64281917869029,75.6576292429651,74.63296453738882,74.78075408935547,726200,0.0,0.0
2010-09-24 00:00:00-04:00,75.46057046434565,75.82511700652431,74.8595726771256,75.69703674316406,628700,0.0,0.0
2010-09-27 00:00:00-04:00,75.84483858751024,75.84483858751024,74.74135165807726,75.17486572265625,520600,0.0,0.0
2010-09-28 00:00:00-04:00,75.16499651802967,77.09609263274663,74.96794129190246,76.97785949707031,1204500,0.0,0.0
2010-09-29 00:00:00-04:00,76.82022028395899,77.77591742752062,76.66257610828828,76.99756622314453,971000,0.0,0.0
2010-09-30 00:00:00-04:00,77.37196135324524,77.73650787882964,76.77095607649463,77.2734375,709800,0.0,0.0
2010-10-01 00:00:00-04:00,77.37196795060805,78.29810878723762,76.50494744447724,76.87934112548828,699700,0.0,0.0
2010-10-04 00:00:00-04:00,76.92860212932078,77.33255219253371,76.43597533420508,76.77095794677734,694600,0.0,0.0
2010-10-05 00:00:00-04:00,77.14536637795005,78.21928928420603,77.14536637795005,78.17987823486328,668100,0.0,0.0
2010-10-06 00:00:00-04:00,78.2291370950915,78.38677376180921,77.82517951226716,77.97296905517578,773000,0.0,0.0
2010-10-07 00:00:00-04:00,78.07150263612444,78.30796894098799,77.31286057946618,77.4409408569336,547800,0.0,0.0
2010-10-08 00:00:00-04:00,77.6379956043498,78.30796842997923,77.3128600749511,78.21929168701172,685500,0.0,0.0
2010-10-11 00:00:00-04:00,78.13061801293145,78.8104379248299,77.9532720539821,78.7119140625,366100,0.0,0.0
2010-10-12 00:00:00-04:00,78.4261986033741,78.61339922511402,78.00253918151883,78.35723114013672,878400,0.0,0.0
2010-10-13 00:00:00-04:00,78.49516271615015,79.54938390457484,78.42619525585656,79.21440124511719,925200,0.0,0.0
2010-10-14 00:00:00-04:00,79.23409830754754,79.37203321994456,77.16506710470348,77.81533813476562,1392300,0.0,0.0
2010-10-15 00:00:00-04:00,78.21929278675465,78.71191965026458,77.65769846302891,77.95327758789062,734000,0.0,0.0
2010-10-18 00:00:00-04:00,78.21928191400576,78.88925465592632,78.04193596711832,78.78087615966797,837600,0.0,0.0
2010-10-19 00:00:00-04:00,78.07149345464282,78.28825045016504,77.4507863903743,77.82518005371094,1477000,0.0,0.0
2010-10-20 00:00:00-04:00,78.12075914909333,78.38677431469442,76.73154795959749,77.1650619506836,2331100,0.0,0.0
2010-10-21 00:00:00-04:00,76.76111281534325,77.12565184238181,74.63296139710158,76.92860412597656,3261300,0.0,0.0
2010-10-22 00:00:00-04:00,76.89904372320126,78.22913453202352,76.89904372320126,77.99267578125,1189100,0.0,0.0
2010-10-25 00:00:00-04:00,78.18971958869868,78.37692016204122,77.50004513462788,77.6478271484375,887500,0.0,0.0
2010-10-26 00:00:00-04:00,77.44093093319931,78.17987112820482,77.322705312807,78.0616455078125,1208700,0.0,0.0
2010-10-27 00:00:00-04:00,77.68724301834101,78.52470705514675,77.30299472478438,78.38677215576172,985500,0.0,0.0
2010-10-28 00:00:00-04:00,78.82028854453064,79.21439149063099,78.24883964852955,79.0863037109375,982600,0.0,0.0
2010-10-29 00:00:00-04:00,79.0961620205575,80.29817267931821,78.92867070368463,80.1208267211914,1526400,0.0,0.0
2010-11-01 00:00:00-04:00,80.55433842655218,80.7809425506809,80.30802502048007,80.71197509765625,1248300,0.0,0.0
2010-11-02 00:00:00-04:00,80.90903268204914,81.77605319051925,80.80065417887928,81.44107055664062,754400,0.0,0.0
2010-11-03 00:00:00-04:00,81.24401308932715,81.61840676108758,79.963187885796,80.68241882324219,1605100,0.0,0.0
2010-11-04 00:00:00-04:00,81.19475648426221,81.75635076117929,80.56418723598897,81.58885192871094,917900,0.0,0.0
2010-11-05 00:00:00-04:00,81.45091634152298,82.1504455215498,81.34253784013544,81.76619720458984,951900,0.0,0.0
2010-11-08 00:00:00-05:00,81.45091126901546,82.26867354059793,81.42135486445748,81.77604675292969,1193300,0.0,0.0
2010-11-09 00:00:00-05:00,81.62826015715189,82.7613033130294,81.03710949400795,81.66767120361328,900100,0.0,0.0
2010-11-10 00:00:00-05:00,81.59871377329873,81.72679405236241,80.75139496253416,81.70709228515625,613000,0.0,0.0
2010-11-11 00:00:00-05:00,81.24402466233964,82.64308320635062,81.22432289444625,82.25883483886719,571000,0.0,0.0
2010-11-12 00:00:00-05:00,81.92384197837048,81.92384197837048,80.69227492372536,80.95829010009766,483400,0.0,0.0
2010-11-15 00:00:00-05:00,81.01741079030434,81.8745766533384,80.99770150788471,81.52973937988281,556500,0.0,0.0
2010-11-16 00:00:00-05:00,80.84006183471998,81.15534268974154,79.56908377378933,79.65775299072266,734700,0.0,0.0
2010-11-17 00:00:00-05:00,79.70700920910345,80.68240806393818,79.69715456942983,80.16022491455078,640700,0.0,0.0
2010-11-18 00:00:00-05:00,80.72182424010605,81.67752139326886,80.45580908709928,80.84005737304688,576900,0.0,0.0
2010-11-19 00:00:00-05:00,80.92873058744937,82.08147550230161,80.88931954118665,81.78590393066406,817400,0.0,0.0
2010-11-22 00:00:00-05:00,81.48047359485518,81.55929569066338,80.29817222528744,80.89917755126953,817800,0.0,0.0
2010-11-23 00:00:00-05:00,80.05185994936429,80.45581755844621,79.75628084433416,79.9434814453125,704200,0.0,0.0
2010-11-24 00:00:00-05:00,80.02230781245584,80.74153881384639,79.92378394448458,80.14053344726562,714500,0.0,0.0
2010-11-26 00:00:00-05:00,79.8055476177695,80.15038490039441,79.60849988966642,79.6774673461914,492400,0.0,0.0
2010-11-29 00:00:00-05:00,79.26364632062293,80.32772197518658,78.98777652504454,79.97303009033203,652800,0.0,0.0
2010-11-30 00:00:00-05:00,79.42129985293941,81.76620090841227,78.89911660453954,80.82035827636719,1484700,0.0,0.0
2010-12-01 00:00:00-05:00,82.49529606669165,84.64314944529852,82.32779722392542,84.21949005126953,3021400,0.0,0.0
2010-12-02 00:00:00-05:00,83.65789931644318,84.18008259996648,82.32780074367757,82.67264556884766,1680000,0.0,0.0
2010-12-03 00:00:00-05:00,82.2095681987471,82.72189679702713,81.78590882219501,82.49529266357422,843800,0.0,0.0
2010-12-06 00:00:00-05:00,82.12089648497087,82.49529771132383,81.74650277550728,81.8548812866211,596100,0.0,0.0
2010-12-07 00:00:00-05:00,81.96324585078412,82.4460179892125,81.24400744640506,81.50017547607422,694000,0.0,0.0
2010-12-08 00:00:00-05:00,81.44107781661788,82.3376548118971,81.31299001951406,82.16030883789062,678900,0.0,0.0
2010-12-09 00:00:00-05:00,82.14058809236657,82.6529166117426,81.70707414120302,82.47557067871094,621200,0.0,0.0
2010-12-10 00:00:00-05:00,82.47558503356092,83.51010440911796,82.47558503356092,83.3721694946289,626200,0.0,0.0
2010-12-13 00:00:00-05:00,83.47068587288474,83.63817718018576,82.43616659011792,82.65292358398438,560600,0.0,0.0
2010-12-14 00:00:00-05:00,82.84997022734275,84.60372792013636,82.84997022734275,84.26873779296875,640800,0.0,0.0
2010-12-15 00:00:00-05:00,84.25888658747814,85.6185413989297,83.9731696514804,85.36237335205078,936500,0.0,0.0
2010-12-16 00:00:00-05:00,85.42149160651412,87.39199897936925,84.90916299700298,87.21465301513672,1664900,0.0,0.0
2010-12-17 00:00:00-05:00,87.31317781613208,87.67771684182443,86.61364865352164,87.60874938964844,1393100,0.0,0.0
2010-12-20 00:00:00-05:00,88.13093017519522,88.16049409693264,86.70231548364056,86.90921783447266,570900,0.0,0.0
2010-12-21 00:00:00-05:00,87.29347001682375,87.52992878303,86.74173039004626,87.22450256347656,642900,0.0,0.0
2010-12-22 00:00:00-05:00,87.27377224105138,87.78610084406544,87.1259826865836,87.5102310180664,399100,0.0,0.0
2010-12-23 00:00:00-05:00,87.26390461399669,87.51021799582651,86.65304472097907,86.9190673828125,566400,0.0,0.0
2010-12-27 00:00:00-05:00,86.8993684183448,87.00774692056622,86.24910492190513,86.86981201171875,412200,0.0,0.0
2010-12-28 00:00:00-05:00,87.1555366032773,87.18509300994836,86.51512023014544,86.84025573730469,304500,0.0,0.0
2010-12-29 00:00:00-05:00,86.94863196301368,87.15553432118233,86.36733593533349,86.77128601074219,354400,0.0,0.0
2010-12-30 00:00:00-05:00,86.7811411562056,87.61860523467767,86.4264492496005,87.31317901611328,535600,0.0,0.0
2010-12-31 00:00:00-05:00,86.75158479148885,87.50037213522225,86.5348277910281,86.62349700927734,399400,0.0,0.0
2011-01-03 00:00:00-05:00,87.04715511850101,89.185153652529,87.04715511850101,88.26886749267578,1406700,0.0,0.0
2011-01-04 00:00:00-05:00,87.28361700680122,88.86987598031624,87.28361700680122,88.79106140136719,1014200,0.0,0.0
2011-01-05 00:00:00-05:00,88.40681452777216,89.40191531568507,88.02255868349333,89.06693267822266,797700,0.0,0.0
2011-01-06 00:00:00-05:00,89.22456926946606,89.94380775051307,87.80580910696847,88.43637084960938,1662200,0.0,0.0
2011-01-07 00:00:00-05:00,88.61370944379524,88.61370944379524,87.83535821310144,88.34768676757812,964800,0.0,0.0
2011-01-10 00:00:00-05:00,87.3230217272438,88.3870973932849,87.3230217272438,87.80580139160156,934800,0.0,0.0
2011-01-11 00:00:00-05:00,88.19990818553991,89.65808697341797,87.91419122653109,89.44132995605469,698100,0.0,0.0
2011-01-12 00:00:00-05:00,89.6876470658202,89.904404092087,89.30339870721615,89.81573486328125,510600,0.0,0.0
2011-01-13 00:00:00-05:00,90.13101060691963,90.58422640097695,89.60881983854905,90.45613861083984,726400,0.0,0.0
2011-01-14 00:00:00-05:00,90.0718852293494,90.35760968464324,89.64822586693285,89.80587005615234,970500,0.0,0.0
2011-01-18 00:00:00-05:00,89.04721737068208,89.41176390756962,87.68757011320878,89.31324005126953,1468900,0.0,0.0
2011-01-19 00:00:00-05:00,89.43147108000261,89.43147108000261,88.22946793343495,88.58415985107422,1284300,0.0,0.0
2011-01-20 00:00:00-05:00,87.86492574045408,89.25412955616247,87.8452239737791,88.75165557861328,1091700,0.0,0.0
2011-01-21 00:00:00-05:00,89.42162451209691,89.42162451209691,87.69743060274374,88.43637084960938,1133300,0.0,0.0
2011-01-24 00:00:00-05:00,88.49547120790028,88.96839620675952,88.11122293496557,88.35753631591797,824000,0.0,0.0
2011-01-25 00:00:00-05:00,88.48562444590442,89.88469028710912,88.17034359089108,89.61866760253906,1556200,0.0,0.0
2011-01-26 00:00:00-05:00,89.9240879562822,91.45123396138028,89.70733849005818,91.18521881103516,1324800,0.0,0.0
2011-01-27 00:00:00-05:00,91.03743785481404,91.60888677016425,90.86009189890844,90.91920471191406,840400,0.0,0.0
2011-01-28 00:00:00-05:00,91.0768477665817,91.28375012640974,88.69252827427803,89.23442077636719,1056200,0.0,0.0
2011-01-31 00:00:00-05:00,89.31324545204876,89.58911527312623,88.27872610611942,88.58415985107422,1609500,0.0,0.0
2011-02-01 00:00:00-05:00,88.8994448826577,88.8994448826577,87.08657416130282,87.52008819580078,2085600,0.0,0.0
2011-02-02 00:00:00-05:00,87.40184556185015,88.08167294820444,86.94862980991009,87.99299621582031,1063500,0.0,0.0
2011-02-03 00:00:00-05:00,87.7959613468704,88.8403279055579,87.24422165803767,88.61372375488281,715300,0.0,0.0
2011-02-04 00:00:00-05:00,88.66297506810616,89.41176995704836,88.30828314791718,89.06693267822266,862200,0.0,0.0
2011-02-07 00:00:00-05:00,89.37235919560524,89.46103593438184,88.86987772090839,88.97825622558594,614500,0.0,0.0
2011-02-08 00:00:00-05:00,88.93884886285339,89.93395721209315,88.73194648631845,89.3526611328125,645200,0.0,0.0
2011-02-09 00:00:00-05:00,88.87972567321346,89.64822227262512,88.337840707497,89.40190887451172,1328100,0.0,0.0
2011-02-10 00:00:00-05:00,85.38208866337315,88.3674061511562,85.38208866337315,86.43630981445312,2510600,0.0,0.0
2011-02-11 00:00:00-05:00,86.03234433764345,86.93877584860687,85.40178263289599,86.49541473388672,1350500,0.0,0.0
2011-02-14 00:00:00-05:00,86.53483368039825,86.62350290468211,85.71707131096439,86.43630981445312,1373400,0.0,0.0
2011-02-15 00:00:00-05:00,86.07175579376899,86.77128495340236,85.55941970816609,86.37718200683594,914000,0.0,0.0
2011-02-16 00:00:00-05:00,86.60378869613618,87.07670619148574,86.55452301179692,87.01759338378906,775100,0.0,0.0
2011-02-17 00:00:00-05:00,86.68261747013598,86.7909884536425,85.91411332636427,86.59394073486328,688200,0.0,0.0
2011-02-18 00:00:00-05:00,86.78113213555416,88.10136824865839,86.70231004963777,87.69741821289062,852500,0.0,0.0
2011-02-22 00:00:00-05:00,87.05700953394097,87.41170143470053,86.1702797820421,86.34762573242188,768000,0.0,0.0
2011-02-23 00:00:00-05:00,86.30821848477457,87.67772046086104,86.15058180910351,87.35259246826172,1095000,0.0,0.0
2011-02-24 00:00:00-05:00,87.11612474148201,88.14078942554166,86.66290897068637,87.04715728759766,1041100,0.0,0.0
2011-02-25 00:00:00-05:00,87.5102176840907,88.36739095588466,87.20479149711385,88.35753631591797,937900,0.0,0.0
2011-02-28 00:00:00-05:00,88.3772515691248,89.35265811874442,88.20976024856388,88.80091094970703,889100,0.0,0.0
2011-03-01 00:00:00-05:00,88.78121362195617,88.86988284896029,87.67772674560545,87.67772674560547,571800,0.0,0.0
2011-03-02 00:00:00-05:00,87.85506358399127,88.35754503544995,86.95848669762786,88.06196594238281,541100,0.0,0.0
2011-03-03 00:00:00-05:00,88.47577113099821,89.94379680472305,88.06195893027713,89.92408752441406,824000,0.0,0.0
2011-03-04 00:00:00-05:00,89.70735657304363,91.13597149787614,89.618679827128,91.01773834228516,1082100,0.0,0.0
2011-03-07 00:00:00-05:00,91.01771493699421,91.13594806218144,89.1654410770532,89.78614807128906,589000,0.0,0.0
2011-03-08 00:00:00-05:00,89.93395399569098,91.11626291246408,89.72705162655572,90.81082916259766,468900,0.0,0.0
2011-03-09 00:00:00-05:00,90.5152587890625,91.03744203965273,90.33791282500458,90.5152587890625,418500,0.0,0.0
2011-03-10 00:00:00-05:00,90.10144101900707,90.28864161320197,87.95358781536639,88.63341522216797,892200,0.0,0.0
2011-03-11 00:00:00-05:00,88.58415157261837,89.19500397166422,88.15063759893047,88.73193359375,479900,0.0,0.0
2011-03-14 00:00:00-04:00,88.45606793416357,88.89943656895238,87.58904746313893,88.32798767089844,425900,0.0,0.0
2011-03-15 00:00:00-04:00,86.9387786350592,87.75654095604385,86.70231986742233,87.10627746582031,886100,0.0,0.0
2011-03-16 00:00:00-04:00,86.85995858119509,87.03729700807628,84.93870960421185,85.85499572753906,943100,0.0,0.0
2011-03-17 00:00:00-04:00,86.68262478354396,86.79099577619374,85.87471704136419,86.02249908447266,908500,0.0,0.0
2011-03-18 00:00:00-04:00,86.99789660108067,86.99789660108067,85.23429174057338,85.7170639038086,1216700,0.0,0.0
2011-03-21 00:00:00-04:00,86.11117036904402,86.42645123584002,84.9190143565689,85.46089935302734,994700,0.0,0.0
2011-03-22 00:00:00-04:00,85.4707465141882,86.49541112082292,85.4214808293268,86.0914535522461,635700,0.0,0.0
2011-03-23 00:00:00-04:00,85.89440436305225,86.2786526442927,85.23428629188408,85.81558227539062,697700,0.0,0.0
2011-03-24 00:00:00-04:00,86.11116920909409,87.18509206322126,85.9338232541047,87.07671356201172,443200,0.0,0.0
2011-03-25 00:00:00-04:00,87.27377210835415,87.73684253710088,87.07671686373374,87.53978729248047,643800,0.0,0.0
2011-03-28 00:00:00-04:00,87.75653892185686,88.76149429868529,87.74668428100789,88.26886749267578,754200,0.0,0.0
2011-03-29 00:00:00-04:00,88.27872288539639,89.7369015510348,88.24916647948626,89.4117660522461,907400,0.0,0.0
2011-03-30 00:00:00-04:00,89.76646498727568,90.24923719435775,89.5201515628823,90.21968078613281,606600,0.0,0.0
2011-03-31 00:00:00-04:00,90.07187895313592,90.79111736177812,89.57925217148426,90.77140808105469,481000,0.0,0.0
2011-04-01 00:00:00-04:00,91.2640423461271,91.79608021596322,90.73200447629097,91.49065399169922,662200,0.0,0.0
2011-04-04 00:00:00-04:00,91.48080675662435,92.37739125343992,91.38228288761664,92.18033599853516,696900,0.0,0.0
2011-04-05 00:00:00-04:00,91.99313500548166,92.8108898132471,91.76652336101665,92.26900482177734,411200,0.0,0.0
2011-04-06 00:00:00-04:00,92.71236982315443,93.2148513048922,92.39708894609896,92.58428955078125,471100,0.0,0.0
2011-04-07 00:00:00-04:00,92.6039915837773,93.1557387578809,92.05225192656276,92.52517700195312,405200,0.0,0.0
2011-04-08 00:00:00-04:00,92.58428370384489,92.80104070254846,90.99802477721084,91.45124053955078,570100,0.0,0.0
2011-04-11 00:00:00-04:00,91.32316064958174,92.45619630163137,91.32316064958174,92.02268981933594,600000,0.0,0.0
2011-04-12 00:00:00-04:00,91.76652322971579,92.85030072799334,91.76652322971579,92.2985610961914,544900,0.0,0.0
2011-04-13 00:00:00-04:00,92.44634581044798,93.21484240509197,91.77637307106042,92.90941619873047,879800,0.0,0.0
2011-04-14 00:00:00-04:00,92.48576400747208,93.65821075439453,92.12121744625715,93.65821075439453,933300,0.0,0.0
2011-04-15 00:00:00-04:00,94.10157921342335,95.14594568808609,93.84541115697986,94.37744903564453,1145600,0.0,0.0
2011-04-18 00:00:00-04:00,93.61879112093526,93.67791144674993,92.52516657135469,93.26410675048828,689100,0.0,0.0
2011-04-19 00:00:00-04:00,93.45130631928394,94.90948501498636,93.37248422397273,94.8503646850586,972000,0.0,0.0
2011-04-20 00:00:00-04:00,95.53018508919446,95.82576416646712,94.71242282337651,95.3626937866211,1514700,0.0,0.0
2011-04-21 00:00:00-04:00,95.54004819007098,97.067186846179,94.50552884489389,95.15579986572266,1224900,0.0,0.0
2011-04-25 00:00:00-04:00,94.83066121207871,94.83066121207871,93.5104249653885,93.9734878540039,868800,0.0,0.0
2011-04-26 00:00:00-04:00,93.6877567155135,94.26906022037201,93.48085437147886,93.73702239990234,944700,0.0,0.0
2011-04-27 00:00:00-04:00,93.71732344060817,94.61390029158677,93.71732344060817,94.34788513183594,1319200,0.0,0.0
2011-04-28 00:00:00-04:00,94.17054413787379,94.57449421901494,93.53012777242257,94.36759185791016,639300,0.0,0.0
2011-04-29 00:00:00-04:00,94.5055241963093,95.11638413883854,94.23950902980259,95.04741668701172,782000,0.0,0.0
2011-05-02 00:00:00-04:00,95.32328988577574,97.0573384008298,95.13608928834759,96.8011703491211,744600,0.0,0.0
2011-05-03 00:00:00-04:00,96.64352873022148,96.702649061813,94.70258531756033,94.8306655883789,852800,0.0,0.0
2011-05-04 00:00:00-04:00,94.80109792077333,95.35283750416691,94.2000926530533,94.45626068115234,592700,0.0,0.0
2011-05-05 00:00:00-04:00,94.01290282440101,95.549903651882,93.71733123530427,94.94889831542969,719400,0.0,0.0
2011-05-06 00:00:00-04:00,95.56960573876839,96.63368150362453,95.53019469004532,96.1509017944336,669300,0.0,0.0
2011-05-09 00:00:00-04:00,95.93414651923221,97.15585888845136,94.85036153689666,97.02777862548828,554900,0.0,0.0
2011-05-10 00:00:00-04:00,97.16571192309026,97.60907303261614,96.88983460321793,97.44158172607422,428300,0.0,0.0
2011-05-11 00:00:00-04:00,97.43173113026123,97.6189317258669,96.87999150138809,97.03762817382812,611400,0.0,0.0
2011-05-12 00:00:00-04:00,97.02778545464797,98.5253677368164,96.52530397446128,98.5253677368164,720000,0.0,0.0
2011-05-13 00:00:00-04:00,98.41698267740044,98.52536117604517,97.37261625433868,98.25934600830078,797800,0.0,0.0
2011-05-16 00:00:00-04:00,97.73716411006318,98.26920201050804,97.49085068486957,97.93421936035156,435400,0.0,0.0
2011-05-17 00:00:00-04:00,97.72731466355268,99.45150859894697,97.66819433142605,98.5253677368164,1378000,0.0,0.0
2011-05-18 00:00:00-04:00,98.52535997654513,98.83078618706811,97.96376572535436,98.55491638183594,908600,0.0,0.0
2011-05-19 00:00:00-04:00,98.56477605759146,99.33327270196384,98.31846264506757,99.23474884033203,920000,0.0,0.0
2011-05-20 00:00:00-04:00,99.08695207923678,99.40223292364996,98.82093692049901,99.11650848388672,1120900,0.0,0.0
2011-05-23 00:00:00-04:00,98.49580749622436,98.49580749622436,96.61396943757633,97.54996490478516,1128000,0.0,0.0
2011-05-24 00:00:00-04:00,97.63863320651258,97.70760065992071,96.76175807737123,97.12630462646484,691500,0.0,0.0
2011-05-25 00:00:00-04:00,96.59426555060243,97.55980988618364,96.564709144783,97.4514389038086,800100,0.0,0.0
2011-05-26 00:00:00-04:00,97.2051304470796,97.47114562988283,96.2001674967364,97.47114562988281,758900,0.0,0.0
2011-05-27 00:00:00-04:00,97.54010159349644,98.5253551449459,97.00806377368717,98.50565338134766,895000,0.0,0.0
2011-05-31 00:00:00-04:00,98.88005398516871,99.42194648336596,97.9637678171461,99.34312438964844,2445300,0.0,0.0
2011-06-01 00:00:00-04:00,98.84064476650605,98.88991045521287,97.54996490478516,97.54996490478516,589300,0.0,0.0
2011-06-02 00:00:00-04:00,97.95391746989205,98.1214087887171,96.87013994288017,96.89969635009766,747600,0.0,0.0
2011-06-03 00:00:00-04:00,96.08192858629775,96.31839486447977,95.559745376534,95.677978515625,579200,0.0,0.0
2011-06-06 00:00:00-04:00,95.38240026627965,95.63856831145506,94.7321367877741,94.7813949584961,618000,0.0,0.0
2011-06-07 00:00:00-04:00,94.9685959464888,95.392255304282,94.65331508837912,94.6927261352539,856000,0.0,0.0
2011-06-08 00:00:00-04:00,94.43656090257562,94.77155105254742,93.93407943606235,94.61390686035156,506600,0.0,0.0
2011-06-09 00:00:00-04:00,94.66317132181949,95.21491095357112,94.36759222373044,94.93904113769531,780900,0.0,0.0
2011-06-10 00:00:00-04:00,94.48583360447431,94.7912598534111,93.97349745870166,94.13114166259766,593500,0.0,0.0
2011-06-13 00:00:00-04:00,94.4562675414252,94.91933043004062,93.94393144801661,93.9734878540039,434100,0.0,0.0
2011-06-14 00:00:00-04:00,94.60405112366071,95.0769761778833,94.1409882274472,94.90948486328125,576100,0.0,0.0
2011-06-15 00:00:00-04:00,94.25921335682355,95.21491058446617,94.0720202778556,94.36759185791016,586300,0.0,0.0
2011-06-16 00:00:00-04:00,94.40700300887706,95.06712114030071,94.15083495903777,94.99815368652344,529200,0.0,0.0
2011-06-17 00:00:00-04:00,95.56959976433473,96.52529696468024,94.95873982264779,95.07697296142578,803400,0.0,0.0
2011-06-20 00:00:00-04:00,94.7813890796178,96.39720431009265,94.68286522739628,95.68782806396484,857200,0.0,0.0
2011-06-21 00:00:00-04:00,96.18046749596071,96.19031462065674,95.56960750479843,95.7075424194336,533300,0.0,0.0
2011-06-22 00:00:00-04:00,95.5006321810016,95.86517872073173,95.03756178420316,95.10652923583984,467400,0.0,0.0
2011-06-23 00:00:00-04:00,94.51537536270037,94.51537536270037,92.42663508618912,93.95378112792969,832300,0.0,0.0
2011-06-24 00:00:00-04:00,94.0523133473264,94.0523133473264,92.5842875007507,93.11632537841797,874700,0.0,0.0
2011-06-27 00:00:00-04:00,92.85030224381795,93.99320009051027,92.83060047816997,93.8651123046875,511500,0.0,0.0
2011-06-28 00:00:00-04:00,94.07201773033097,94.59420093948613,93.63850373772435,94.38729858398438,630400,0.0,0.0
2011-06-29 00:00:00-04:00,94.38729335277242,94.48581720466204,93.38233051958923,93.73702239990234,1261900,0.0,0.0
2011-06-30 00:00:00-04:00,94.13112682613198,95.44151587614557,94.11141754530676,95.3626937866211,786100,0.0,0.0
2011-07-01 00:00:00-04:00,95.26418140749954,97.04748817567857,94.96860229462509,96.96866607666016,734400,0.0,0.0
2011-07-05 00:00:00-04:00,97.07704313065706,97.23468732633442,96.48589243064487,96.69279479980469,521900,0.0,0.0
2011-07-06 00:00:00-04:00,96.77161072089767,97.96376668628112,96.3972095385057,97.62877655029297,500900,0.0,0.0
2011-07-07 00:00:00-04:00,98.23965198515924,98.28891768015461,97.0376411894134,97.59923553466797,446000,0.0,0.0
2011-07-08 00:00:00-04:00,96.83071645650924,97.06717520076525,96.1804530305832,96.82086181640625,521400,0.0,0.0
2011-07-11 00:00:00-04:00,96.00312945745482,96.50560346644104,95.46123687887395,95.6484375,357000,0.0,0.0
2011-07-12 00:00:00-04:00,95.55975236885432,96.36766008620471,95.16564939326872,95.1952133178711,786900,0.0,0.0
2011-07-13 00:00:00-04:00,95.40209866443674,95.72723412504175,93.25424572350886,93.59908294677734,1179500,0.0,0.0
2011-07-14 00:00:00-04:00,93.59910005366784,94.52524092276127,93.35278663247398,93.78630065917969,664600,0.0,0.0
2011-07-15 00:00:00-04:00,93.96363696600504,94.45626375776305,93.3527770381453,94.31832885742188,808000,0.0,0.0
2011-07-18 00:00:00-04:00,93.68776246139554,94.51537940518,93.16557924915568,93.57939147949219,613800,0.0,0.0
2011-07-19 00:00:00-04:00,93.77643677566252,95.55974336395153,93.06705298983378,95.54989624023438,742500,0.0,0.0
2011-07-20 00:00:00-04:00,95.40211570959896,96.27899088410176,94.62376439979182,95.1656494140625,1567100,0.0,0.0
2011-07-21 00:00:00-04:00,95.09667736409136,95.09667736409136,91.43154016296431,93.07691192626953,1802600,0.0,0.0
2011-07-22 00:00:00-04:00,92.90942068726707,93.05720271884707,91.03743727940395,91.72711181640625,1149400,0.0,0.0
2011-07-25 00:00:00-04:00,91.37241859557705,91.37241859557705,90.15070621175313,90.76156616210938,938400,0.0,0.0
2011-07-26 00:00:00-04:00,90.93891832969815,90.97832186232132,89.73690762868615,90.45613861083984,769700,0.0,0.0
2011-07-27 00:00:00-04:00,90.04233266304463,90.37732282097774,88.71224170655883,88.83047485351562,1037500,0.0,0.0
2011-07-28 00:00:00-04:00,88.85018088496425,89.75661250448084,88.85018088496425,89.02752685546875,1071300,0.0,0.0
2011-07-29 00:00:00-04:00,88.70237719121624,90.17040289729438,88.18019400483941,89.42161560058594,972400,0.0,0.0
2011-08-01 00:00:00-04:00,89.83542535141567,89.83542535141567,84.87960084666858,87.43140411376953,2064200,0.0,0.0
2011-08-02 00:00:00-04:00,86.8993706077494,88.01271206463986,86.14072858997454,86.30821990966797,1285200,0.0,0.0
2011-08-03 00:00:00-04:00,86.55453114622613,87.10627829850478,84.67270059444206,86.86981201171875,1519900,0.0,0.0
2011-08-04 00:00:00-04:00,85.94367107148874,86.38703216531617,84.19976806640625,84.19976806640625,1215100,0.0,0.0
2011-08-05 00:00:00-04:00,84.99783421280173,85.87471692981207,83.28349486296709,84.7613754272461,1263500,0.0,0.0
2011-08-08 00:00:00-04:00,83.41158427760888,84.10125888092459,79.76614097138314,79.84496307373047,1746800,0.0,0.0
2011-08-09 00:00:00-04:00,80.7612478702319,82.97806871934671,78.95823177556508,82.81057739257812,1921400,0.0,0.0
2011-08-10 00:00:00-04:00,81.5691485425637,82.07162999620752,78.45574347843473,78.70205688476562,1495000,0.0,0.0
2011-08-11 00:00:00-04:00,78.80059485454159,82.48544161685676,78.62324888646818,81.57901000976562,1946700,0.0,0.0
2011-08-12 00:00:00-04:00,81.6282596148523,83.00761616428336,81.16518921811793,81.81546020507812,681400,0.0,0.0
2011-08-15 00:00:00-04:00,82.17015076275288,83.61847474017061,81.9238373656924,83.49038696289062,583600,0.0,0.0
2011-08-16 00:00:00-04:00,82.86968980734461,83.46084052752634,82.10119311941943,82.89924621582031,776000,0.0,0.0
2011-08-17 00:00:00-04:00,82.98791332123358,83.71699887423027,81.80560450127551,82.08147430419922,687800,0.0,0.0
2011-08-18 00:00:00-04:00,80.43610249165475,80.84006007168831,78.06164524837712,78.78087615966797,996800,0.0,0.0
2011-08-19 00:00:00-04:00,77.99267338891136,79.54936826038265,77.49019198165354,77.92369842529297,880300,0.0,0.0
2011-08-22 00:00:00-04:00,79.03704933973837,79.06660574666107,75.88423313628026,76.16011047363281,1625000,0.0,0.0
2011-08-23 00:00:00-04:00,76.42612734111026,78.38678005147936,75.77586382377963,78.32766723632812,1033000,0.0,0.0
2011-08-24 00:00:00-04:00,78.16016737632602,79.30305760675803,77.56901673873097,79.25379943847656,620700,0.0,0.0
2011-08-25 00:00:00-04:00,79.69717541556771,79.82525569727581,77.57887834492097,78.08135986328125,745400,0.0,0.0
2011-08-26 00:00:00-04:00,77.87444714932764,79.93362361026033,76.50494521672442,79.45085144042969,713200,0.0,0.0
2011-08-29 00:00:00-04:00,80.22920183377059,81.87457355986923,80.21934719293311,81.66767120361328,554400,0.0,0.0
2011-08-30 00:00:00-04:00,81.2440133062418,82.38691112343872,80.47551667869357,81.94354248046875,455500,0.0,0.0
2011-08-31 00:00:00-04:00,82.4755866289503,83.33276005718966,81.6578242508829,82.2982406616211,803200,0.0,0.0
2011-09-01 00:00:00-04:00,82.40661034086021,82.90909178060245,81.11593053279849,81.27356719970703,831600,0.0,0.0
2011-09-02 00:00:00-04:00,80.22921327085238,80.90904076466946,79.94348878094216,80.03216552734375,874000,0.0,0.0
2011-09-06 00:00:00-04:00,78.8104421300111,81.89429105201833,78.2094367657747,81.51988983154297,1198400,0.0,0.0
2011-09-07 00:00:00-04:00,82.88938924501525,85.26385421770227,82.4558827380702,84.81063842773438,888600,0.0,0.0
2011-09-08 00:00:00-04:00,84.36726364427575,86.101312096974,83.7170001725692,84.42638397216797,1026400,0.0,0.0
2011-09-09 00:00:00-04:00,83.57906230933533,83.57906230933533,79.40158175226956,79.82524108886719,1750700,0.0,0.0
2011-09-12 00:00:00-04:00,78.92866528919392,80.90902709960938,78.63308620696296,80.90902709960938,1124700,0.0,0.0
2011-09-13 00:00:00-04:00,81.175045503774,81.46076995684429,79.7365761143395,80.71197509765625,876000,0.0,0.0
2011-09-14 00:00:00-04:00,81.14548970786831,82.79086146874805,79.98289012179099,81.88442993164062,515500,0.0,0.0
2011-09-15 00:00:00-04:00,82.17014927962477,82.53468828988599,79.81539384757977,81.20459747314453,1150400,0.0,0.0
2011-09-16 00:00:00-04:00,81.76619052367738,82.57409813907961,81.1454834893559,82.18984985351562,980200,0.0,0.0
2011-09-19 00:00:00-04:00,80.85976156198271,81.16518776846371,80.07155568584604,80.84990692138672,657400,0.0,0.0
2011-09-20 00:00:00-04:00,81.49032660543081,82.74160292145925,81.25386783962657,81.31298065185547,835000,0.0,0.0
2011-09-21 00:00:00-04:00,81.25386421911955,81.96324800181223,78.91881052057087,78.92866516113281,823900,0.0,0.0
2011-09-22 00:00:00-04:00,77.46063902428067,78.33751410752892,76.84977909971596,77.69709777832031,1266500,0.0,0.0
2011-09-23 00:00:00-04:00,77.06653818946114,78.59367676715057,76.72170093107246,78.48530578613281,1113300,0.0,0.0
2011-09-26 00:00:00-04:00,79.04690000798172,81.17504388522974,78.93852151011984,81.12577819824219,852900,0.0,0.0
2011-09-27 00:00:00-04:00,82.35735147387952,83.06673532593013,81.44107276801802,82.17015838623047,799200,0.0,0.0
2011-09-28 00:00:00-04:00,82.10118581616953,82.180007909686,79.46070581847646,79.50996398925781,767700,0.0,0.0
2011-09-29 00:00:00-04:00,80.73168170995183,80.73168170995183,78.16016923424307,79.41143798828125,1121000,0.0,0.0
2011-09-30 00:00:00-04:00,78.8104335061758,80.24890286283052,77.44093160097408,77.8843002319336,1113300,0.0,0.0
2011-10-03 00:00:00-04:00,77.01727354561561,77.5591660424864,74.64281623407398,74.88912963867188,1616400,0.0,0.0
2011-10-04 00:00:00-04:00,74.13048100133133,76.69213893543042,73.47036287341942,76.63302612304688,1200000,0.0,0.0
2011-10-05 00:00:00-04:00,76.70199530671395,76.80051916853861,74.05166809425299,74.86942291259766,1812400,0.0,0.0
2011-10-06 00:00:00-04:00,75.09603416551796,77.00742864580906,75.08617952432063,76.9384536743164,1833200,0.0,0.0
2011-10-07 00:00:00-04:00,77.32270867722728,77.982826809435,76.03202130230727,77.17491912841797,1175400,0.0,0.0
2011-10-10 00:00:00-04:00,77.92370110777745,79.25379943847656,77.73650804128673,79.25379943847656,882800,0.0,0.0
2011-10-11 00:00:00-04:00,78.3079746484517,78.39664388157118,76.93846496285741,77.94342803955078,903700,0.0,0.0
2011-10-12 00:00:00-04:00,78.26854852314429,79.7956870956207,77.52960832188164,79.20453643798828,819700,0.0,0.0
2011-10-13 00:00:00-04:00,79.16512909865952,79.16512909865952,76.84978452966905,77.59857940673828,782100,0.0,0.0
2011-10-14 00:00:00-04:00,78.17001939291573,79.3030625707474,78.14046298671911,79.27350616455078,649900,0.0,0.0
2011-10-17 00:00:00-04:00,78.85970972676922,79.88437451157623,78.5444288327432,79.0961685180664,714400,0.0,0.0
2011-10-18 00:00:00-04:00,79.32276901204132,81.69722626642695,78.9286660707935,81.36224365234375,1576500,0.0,0.0
2011-10-19 00:00:00-04:00,81.17505060516206,82.41647235451057,80.45581962368956,80.731689453125,1039500,0.0,0.0
2011-10-20 00:00:00-04:00,80.65287268459656,81.79576312734788,77.22418632256347,80.03216552734375,1765900,0.0,0.0
2011-10-21 00:00:00-04:00,81.13563833185918,81.5790069940977,80.40655271979301,81.02725982666016,1208100,0.0,0.0
2011-10-24 00:00:00-04:00,81.27357516197132,82.24898173177527,80.61345699064965,81.84502410888672,934100,0.0,0.0
2011-10-25 00:00:00-04:00,82.53468217447681,84.18990835087877,82.31793271922207,82.83026123046875,1554300,0.0,0.0
2011-10-26 00:00:00-04:00,83.80567558566801,83.9928761902061,81.84502286789242,82.17015838623047,1403800,0.0,0.0
2011-10-27 00:00:00-04:00,83.7958228049894,84.48549732743757,82.71203781701583,84.27859497070312,1027900,0.0,0.0
2011-10-28 00:00:00-04:00,84.17022156364902,85.84514980056726,83.80567499865174,85.5889892578125,1244800,0.0,0.0
2011-10-31 00:00:00-04:00,84.71210504142796,85.21457894869553,82.61351013183594,82.61351013183594,753600,0.0,0.0
2011-11-01 00:00:00-04:00,80.79079261610816,81.65781305029884,79.88436113715133,79.9139175415039,811400,0.0,0.0
2011-11-02 00:00:00-04:00,80.9779932157993,81.51003104491694,79.99273964711217,80.57403564453125,706900,0.0,0.0
2011-11-03 00:00:00-04:00,81.47062175684204,81.95339391117975,80.82035077938083,81.45091247558594,562800,0.0,0.0
2011-11-04 00:00:00-04:00,80.9976999473973,81.60855990352759,79.78584219304528,80.62330627441406,869500,0.0,0.0
2011-11-07 00:00:00-05:00,80.8006454385313,81.90412459960272,80.48536460438403,81.73663330078125,946700,0.0,0.0
2011-11-08 00:00:00-05:00,81.87457351735503,83.62832374108974,81.78590430052932,83.01747131347656,848100,0.0,0.0
2011-11-09 00:00:00-05:00,81.4115037732333,81.51003514857318,78.62324174630756,79.50996398925781,1478300,0.0,0.0
2011-11-10 00:00:00-05:00,80.33758634249509,81.26372721140265,79.28336520067246,80.76124572753906,1289600,0.0,0.0
2011-11-11 00:00:00-05:00,81.75635706301249,82.93865852126876,81.40166512215774,82.57411193847656,603600,0.0,0.0
2011-11-14 00:00:00-05:00,82.00265958314797,83.18496088410453,81.85487004130631,82.80071258544922,806200,0.0,0.0
2011-11-15 00:00:00-05:00,82.42632214662606,83.32289903954195,82.17015409855497,82.6036605834961,771200,0.0,0.0
2011-11-16 00:00:00-05:00,81.47062457659766,82.96820677769507,80.88932102963679,81.3720932006836,1143000,0.0,0.0
2011-11-17 00:00:00-05:00,81.05681760614358,81.22431644594305,78.87940785764152,79.38188934326172,952300,0.0,0.0
2011-11-18 00:00:00-05:00,79.825248851177,80.40655242391357,79.06660683446435,79.79569244384766,1009800,0.0,0.0
2011-11-21 00:00:00-05:00,78.839991528056,79.10601421546389,77.84489078195733,78.130615234375,644800,0.0,0.0
2011-11-22 00:00:00-05:00,78.27839828438448,80.42625150909633,78.14046337685251,79.1848373413086,1411700,0.0,0.0
2011-11-23 00:00:00-05:00,78.8695482219268,80.67255647216213,78.4458889026064,79.36217498779297,1001400,0.0,0.0
2011-11-25 00:00:00-05:00,79.09615927362923,80.08141289191936,79.09615927362923,79.50996398925781,452900,0.0,0.0
2011-11-28 00:00:00-05:00,80.59374850540345,81.66767133487065,80.20950019789791,81.63811492919922,851700,0.0,0.0
2011-11-29 00:00:00-05:00,81.77606259813741,83.00762980594068,81.61841838743155,82.25883483886719,869100,0.0,0.0
2011-11-30 00:00:00-05:00,84.23919086053374,84.82048693204935,83.34260639063648,84.45594787597656,1011300,0.0,0.0
2011-12-01 00:00:00-05:00,84.26873566727362,85.89440554239752,83.9238984251293,84.83032989501953,515300,0.0,0.0
2011-12-02 00:00:00-05:00,85.61853789659679,86.85010487578579,84.4460837270046,84.95841979980469,843200,0.0,0.0
2011-12-05 00:00:00-05:00,86.01264545482098,86.29836239448285,84.5150557182034,85.0667953491211,600200,0.0,0.0
2011-12-06 00:00:00-05:00,85.31311677145746,85.58899412971753,84.18992812194011,84.34757232666016,409800,0.0,0.0
2011-12-07 00:00:00-05:00,84.05198991949979,84.36727079974052,82.97806700511043,83.8844985961914,672900,0.0,0.0
2011-12-08 00:00:00-05:00,83.67758933742306,84.00272483254102,81.56914721489989,81.69722747802734,691300,0.0,0.0
2011-12-09 00:00:00-05:00,82.08146627635675,83.1356872155022,81.88441858407985,82.19969940185547,619500,0.0,0.0
2011-12-12 00:00:00-05:00,82.07162827356183,82.17015213064849,80.92873048406886,81.12577819824219,807700,0.0,0.0
2011-12-13 00:00:00-05:00,81.45091383263582,82.25882148916465,80.18979041921409,80.43610382080078,603100,0.0,0.0
2011-12-14 00:00:00-05:00,80.29816985450069,81.07652111462616,80.03215468511307,80.19964599609375,527700,0.0,0.0
2011-12-15 00:00:00-05:00,79.66760256835553,81.25386138349432,79.33261245293534,80.32772064208984,549900,0.0,0.0
2011-12-16 00:00:00-05:00,81.056808329887,81.43120949929741,80.15037684469341,80.4262466430664,662700,0.0,0.0
2011-12-19 00:00:00-05:00,80.78095142373495,81.94355112877189,80.08142217567985,80.41641235351562,525400,0.0,0.0
2011-12-20 00:00:00-05:00,81.52973127304656,83.08643368630106,81.52973127304656,82.99775695800781,676100,0.0,0.0
2011-12-21 00:00:00-05:00,82.69234429582245,83.943613201829,82.69234429582245,83.4411392211914,595700,0.0,0.0
2011-12-22 00:00:00-05:00,83.53965981444058,85.70721488773347,83.31304816227708,85.5889892578125,751800,0.0,0.0
2011-12-23 00:00:00-05:00,85.54957644783215,86.46586264530275,85.54957644783215,86.0323486328125,622100,0.0,0.0
2011-12-27 00:00:00-05:00,85.85500890102142,86.85011726690945,85.79589608299084,86.38704681396484,337200,0.0,0.0
2011-12-28 00:00:00-05:00,86.51511106072617,86.64319883191025,84.367258039903,84.55445861816406,492100,0.0,0.0
2011-12-29 00:00:00-05:00,84.87960185581589,85.36237403051474,84.50520066504282,85.18502807617188,480900,0.0,0.0
2011-12-30 00:00:00-05:00,85.23428543063697,85.55941338440196,84.59386912941127,84.7022476196289,397600,0.0,0.0
2012-01-03 00:00:00-05:00,85.92396856591404,86.33777328836615,84.83033643022728,85.12591552734375,644000,0.0,0.0
2012-01-04 00:00:00-05:00,84.85003759301304,85.35251148638477,84.36725794612776,85.24413299560547,557700,0.0,0.0
2012-01-05 00:00:00-05:00,84.92886358423483,85.64810207277299,84.31801111793921,85.5889892578125,641300,0.0,0.0
2012-01-06 00:00:00-05:00,85.50031047563883,86.45600771807358,85.29340811133163,86.12102508544922,491600,0.0,0.0
2012-01-09 00:00:00-05:00,86.12101598585745,86.52496603056932,84.91900545812555,85.81558227539062,603200,0.0,0.0
2012-01-10 00:00:00-05:00,86.42643993170229,87.49051553679641,86.00278061764932,86.40673065185547,837800,0.0,0.0
2012-01-11 00:00:00-05:00,86.29835844145681,86.37718053280268,85.79588452212565,86.10131072998047,618900,0.0,0.0
2012-01-12 00:00:00-05:00,86.10131006015499,86.84025024777519,85.86485130484525,86.27865600585938,700300,0.0,0.0
2012-01-13 00:00:00-05:00,85.91411953391864,85.96338522561736,84.90916406851171,85.657958984375,512800,0.0,0.0
2012-01-17 00:00:00-05:00,86.54467767079493,87.35259288619653,86.28851713199278,87.23435974121094,861300,0.0,0.0
2012-01-18 00:00:00-05:00,87.30333256322747,87.54964599275539,86.15058751709023,87.16539764404297,529600,0.0,0.0
2012-01-19 00:00:00-05:00,86.89937355242611,87.57920101254534,86.31807747606675,87.52008819580078,894300,0.0,0.0
2012-01-20 00:00:00-05:00,87.52992582515796,87.66786824407954,86.46585765474319,87.33287811279297,607400,0.0,0.0
2012-01-23 00:00:00-05:00,87.24420794939456,87.77623827037729,86.83039573090265,87.5988998413086,542200,0.0,0.0
2012-01-24 00:00:00-05:00,88.94869655972978,90.58422119448274,88.31813483755455,89.8354263305664,1051400,0.0,0.0
2012-01-25 00:00:00-05:00,89.44132864783211,90.6827504001891,88.51518777514954,90.42658233642578,716700,0.0,0.0
2012-01-26 00:00:00-05:00,90.23937682739731,91.00788097693366,89.27383247449234,89.71719360351562,878300,0.0,0.0
2012-01-27 00:00:00-05:00,89.56940808841242,90.71229835185743,89.28368364332906,89.97335815429688,1181700,0.0,0.0
2012-01-30 00:00:00-05:00,89.38222166535648,89.57926940917969,88.43637896460382,89.57926940917969,506700,0.0,0.0
2012-01-31 00:00:00-05:00,90.03248086847366,90.52510772103741,89.50044296567808,90.0423355102539,752900,0.0,0.0
2012-02-01 00:00:00-05:00,90.8305372111147,91.74682341448371,90.3576121474547,91.1359634399414,923800,0.0,0.0
2012-02-02 00:00:00-05:00,91.13595862824111,91.2640388910442,90.36746201764566,91.05713653564453,515000,0.0,0.0
2012-02-03 00:00:00-05:00,91.78623724248524,91.92417215754473,90.92906382728205,91.7172622680664,846800,0.0,0.0
2012-02-06 00:00:00-05:00,91.32316210825037,91.56947551774128,89.45117869274179,89.6580810546875,819900,0.0,0.0
2012-02-07 00:00:00-05:00,89.42162369836383,90.70244893780882,89.42162369836383,90.59407043457031,756700,0.0,0.0
2012-02-08 00:00:00-05:00,90.446283185432,91.58917344884244,90.43642854473606,90.63347625732422,646800,0.0,0.0
2012-02-09 00:00:00-05:00,90.48569391203775,90.8403858364208,89.85513216133211,90.75171661376953,660500,0.0,0.0
2012-02-10 00:00:00-05:00,89.33294668367746,89.42162342100156,85.795889686612,88.70238494873047,2075400,0.0,0.0
2012-02-13 00:00:00-05:00,88.96840962764475,89.37235972456087,87.03730581480966,87.53978729248047,1101400,0.0,0.0
2012-02-14 00:00:00-05:00,87.20480077423764,88.4166585279875,87.20480077423764,87.8846206665039,1002200,0.0,0.0
2012-02-15 00:00:00-05:00,87.5299277421716,87.5299277421716,85.61854083632646,86.17028045654297,1865000,0.0,0.0
2012-02-16 00:00:00-05:00,86.17028070120483,87.02745405666515,85.75647598486755,86.77128601074219,840600,0.0,0.0
2012-02-17 00:00:00-05:00,87.14567765771855,87.26391079545171,86.23924615242959,86.64320373535156,653300,0.0,0.0
2012-02-21 00:00:00-05:00,86.76142748485071,87.11611937351147,85.95351985332083,86.45600128173828,686000,0.0,0.0
2012-02-22 00:00:00-05:00,86.26880721326451,86.87966718251916,86.11117053800162,86.7515869140625,726700,0.0,0.0
2012-02-23 00:00:00-05:00,86.5742436411456,87.24421644478969,86.41659944410509,86.70232391357422,567300,0.0,0.0
2012-02-24 00:00:00-05:00,86.91907684179243,87.92403224159187,85.7367679702116,87.76639556884766,883300,0.0,0.0
2012-02-27 00:00:00-05:00,86.99789837169044,88.78120503322302,86.92893091839605,88.57430267333984,898900,0.0,0.0
2012-02-28 00:00:00-05:00,88.82062269624181,89.83543280611468,88.70238954597818,89.47088623046875,767800,0.0,0.0
2012-02-29 00:00:00-05:00,89.32310267175113,89.40191725369914,88.39696180263797,88.564453125,1038800,0.0,0.0
2012-03-01 00:00:00-05:00,88.59400759451118,88.81076460312627,87.09642533381711,87.74668884277344,1278100,0.0,0.0
2012-03-02 00:00:00-05:00,87.56933939359747,88.38710170555727,87.31317886352149,88.00285339355469,811400,0.0,0.0
2012-03-05 00:00:00-05:00,87.81565732993828,88.3772516239057,87.59890783566634,88.14079284667969,1256900,0.0,0.0
2012-03-06 00:00:00-05:00,87.48066444717891,87.97329122691285,87.29346386547581,87.5003662109375,761700,0.0,0.0
2012-03-07 00:00:00-05:00,87.70727832581854,87.76639865745574,87.18509508383842,87.62846374511719,703500,0.0,0.0
2012-03-08 00:00:00-05:00,87.91418164297998,88.06196366880954,87.33287811279295,87.33287811279297,756100,0.0,0.0
2012-03-09 00:00:00-05:00,87.40184770787857,87.7072739246033,87.18509070882673,87.43140411376953,837400,0.0,0.0
2012-03-12 00:00:00-04:00,87.65801993630741,87.68757634360864,86.94863609352205,87.02745819091797,751000,0.0,0.0
2012-03-13 00:00:00-04:00,87.5003660642073,87.68756664559648,86.62349099910239,87.55948638916016,970900,0.0,0.0
2012-03-14 00:00:00-04:00,87.53977952496835,89.01765990248686,87.17524050932231,88.91913604736328,1090100,0.0,0.0
2012-03-15 00:00:00-04:00,88.91913978491002,89.470879410304,88.13093387701409,89.26397705078125,589000,0.0,0.0
2012-03-16 00:00:00-04:00,89.49058209918476,90.04232168393003,88.77134369745207,88.99795532226562,671900,0.0,0.0
2012-03-19 00:00:00-04:00,88.97825691173887,89.55956048830006,88.62356498767518,88.80091094970703,351500,0.0,0.0
2012-03-20 00:00:00-04:00,88.60386030839778,88.68268240379565,88.09153172208907,88.2491683959961,390800,0.0,0.0
2012-03-21 00:00:00-04:00,88.20975633684738,90.0029176436998,87.98315221128775,89.8354263305664,1154900,0.0,0.0
2012-03-22 00:00:00-04:00,89.42162839890142,89.74675640881877,88.73194629504906,88.75165557861328,764000,0.0,0.0
2012-03-23 00:00:00-04:00,88.67282560979729,88.9388407791957,86.61364915652072,88.15064239501953,2090900,0.0,0.0
2012-03-26 00:00:00-04:00,88.44621245317116,90.5743638394095,88.20975369366303,90.54480743408203,779100,0.0,0.0
2012-03-27 00:00:00-04:00,90.6827459749835,90.78126983565721,89.94380574459761,90.25908660888672,582100,0.0,0.0
2012-03-28 00:00:00-04:00,90.12115091770266,90.32805327838675,89.51029095981012,89.80587005615234,515200,0.0,0.0
2012-03-29 00:00:00-04:00,89.35265600092661,90.15070905271013,88.86002917550196,90.02262878417969,778500,0.0,0.0
2012-03-30 00:00:00-04:00,90.19997152320991,90.41672100447542,89.70734471536473,90.19011688232422,556600,0.0,0.0
2012-04-02 00:00:00-04:00,90.2984946856207,92.02268849979336,90.19011618737876,91.68769836425781,942700,0.0,0.0
2012-04-03 00:00:00-04:00,91.74682195631365,92.93897796249986,91.25419513473808,92.8404541015625,924800,0.0,0.0
2012-04-04 00:00:00-04:00,92.25914172995739,92.3675202217019,91.77636959566061,91.81578063964844,616600,0.0,0.0
2012-04-05 00:00:00-04:00,91.36256971585408,92.04238958896836,91.03743422351465,91.86504364013672,438000,0.0,0.0
2012-04-09 00:00:00-04:00,90.63348654303857,90.63348654303857,88.6235680756086,88.66297912597656,860100,0.0,0.0
2012-04-10 00:00:00-04:00,88.47577654826269,89.64822322424395,87.80580379760691,87.84521484375,786500,0.0,0.0
2012-04-11 00:00:00-04:00,88.36739402927658,89.22455981399466,88.12108063975748,88.2196044921875,958200,0.0,0.0
2012-04-12 00:00:00-04:00,88.47579039106743,88.60387067340544,86.85997483083429,88.19991302490234,1954600,0.0,0.0
2012-04-13 00:00:00-04:00,88.22947062634394,88.22947062634394,87.17524948254201,87.21465301513672,562200,0.0,0.0
2012-04-16 00:00:00-04:00,87.68757447402274,87.68757447402274,86.5446766368165,86.84025573730469,886900,0.0,0.0
2012-04-17 00:00:00-04:00,87.07670694901445,90.32804670460213,87.05700518524017,90.17040252685547,1512000,0.0,0.0
2012-04-18 00:00:00-04:00,90.0817365221851,90.86008776452663,88.7910567177001,89.3427963256836,1106000,0.0,0.0
2012-04-19 00:00:00-04:00,88.59401112340268,88.59401112340268,86.59394731006029,87.52008819580078,1257800,0.0,0.0
2012-04-20 00:00:00-04:00,87.67772708284973,87.69743636685271,86.14073367375133,86.29837036132812,1139500,0.0,0.0
2012-04-23 00:00:00-04:00,85.76633976196145,85.8550089890983,85.13577797935703,85.7269287109375,813700,0.0,0.0
2012-04-24 00:00:00-04:00,85.83529303825352,86.5446692887962,85.638237815696,86.0914535522461,495000,0.0,0.0
2012-04-25 00:00:00-04:00,86.39689303967104,86.85996344750615,85.79588772527511,85.93382263183594,577800,0.0,0.0
2012-04-26 00:00:00-04:00,85.95352317736709,86.9781878379148,85.75647546132998,86.25895690917969,832200,0.0,0.0
2012-04-27 00:00:00-04:00,86.32792451180386,86.66290713302794,86.07175646699874,86.19983673095703,709600,0.0,0.0
2012-04-30 00:00:00-04:00,86.20969242142175,86.63335178199685,86.04220110877054,86.59394073486328,557500,0.0,0.0
2012-05-01 00:00:00-04:00,86.32792791803463,87.64816420702932,86.09146162878189,87.29347229003906,553200,0.0,0.0
2012-05-02 00:00:00-04:00,87.20480346679688,87.9930018838995,87.03730463192367,87.20480346679688,647800,0.0,0.0
2012-05-03 00:00:00-04:00,87.10627714130442,87.23435740727874,85.53971995893578,85.84514617919922,737700,0.0,0.0
2012-05-04 00:00:00-04:00,85.67765649108196,85.91411526232304,85.26385176218788,85.43134307861328,572400,0.0,0.0
2012-05-07 00:00:00-04:00,85.3525197572012,85.99293612380337,85.23429413172238,85.75647735595703,621400,0.0,0.0
2012-05-08 00:00:00-04:00,85.27370997807249,85.89441709743353,84.73181744116982,85.80574035644531,785100,0.0,0.0
2012-05-09 00:00:00-04:00,84.98797998552494,85.36237365777454,84.23918512413714,84.61357879638672,842400,0.0,0.0
2012-05-10 00:00:00-04:00,85.52001539574732,86.07175500575589,84.44608506410819,84.60372924804688,577700,0.0,0.0
2012-05-11 00:00:00-04:00,84.55446289154334,86.04219791890375,84.55446289154334,85.44119262695312,679800,0.0,0.0
2012-05-14 00:00:00-04:00,84.91901984348381,84.91901984348381,83.75642016263728,84.07170104980469,672600,0.0,0.0
2012-05-15 00:00:00-04:00,84.18991887510563,85.73676675880132,83.99287115773735,85.4214859008789,1117100,0.0,0.0
2012-05-16 00:00:00-04:00,85.82545129373611,86.18014323074628,85.0372453188492,85.39193725585938,939100,0.0,0.0
2012-05-17 00:00:00-04:00,85.48060586708738,86.04220012778279,84.18991851806639,84.1899185180664,676900,0.0,0.0
2012-05-18 00:00:00-04:00,84.89930714511216,84.89930714511216,82.74160671407988,82.97806549072266,595400,0.0,0.0
2012-05-21 00:00:00-04:00,82.9977575243467,84.23917911070683,82.03221324809067,84.19976806640625,376500,0.0,0.0
2012-05-22 00:00:00-04:00,84.49535103724999,84.85989005928926,83.48054102959188,83.85493469238281,430800,0.0,0.0
2012-05-23 00:00:00-04:00,83.4706806399774,84.3475556842729,82.65291840234381,83.35244750976562,612000,0.0,0.0
2012-05-24 00:00:00-04:00,83.26379003705152,84.14066520495572,82.75145391746699,83.60862731933594,541000,0.0,0.0
2012-05-25 00:00:00-04:00,83.40172169461006,84.8697475058285,83.40172169461006,84.4657974243164,456600,0.0,0.0
2012-05-29 00:00:00-04:00,84.92885815188349,85.55941986075895,84.55446448626633,85.02738952636719,487600,0.0,0.0
2012-05-30 00:00:00-04:00,84.54461110137133,84.79092450746263,83.91404938312871,84.0125732421875,756700,0.0,0.0
2012-05-31 00:00:00-04:00,83.68744260242002,83.86478854985165,82.0026598602637,82.05191802978516,1504000,0.0,0.0
2012-06-01 00:00:00-04:00,81.2440036806117,81.4607606559087,80.3572740166184,81.15533447265625,1334600,0.0,0.0
2012-06-04 00:00:00-04:00,81.65781800241277,82.8992396787234,80.90903065711055,82.6036605834961,1314500,0.0,0.0
2012-06-05 00:00:00-04:00,82.17015142423263,83.78596672060581,82.17015142423263,83.31304168701172,888700,0.0,0.0
2012-06-06 00:00:00-04:00,82.72189445858342,84.38697551047937,81.40165819314049,83.7465591430664,1077200,0.0,0.0
2012-06-07 00:00:00-04:00,84.21948916250736,84.48550435274659,83.64804021531002,83.79582977294922,616600,0.0,0.0
2012-06-08 00:00:00-04:00,83.46083213007222,84.93871254027347,82.85982682857262,84.42638397216797,437300,0.0,0.0
2012-06-11 00:00:00-04:00,84.88945356575223,85.11605768371184,83.90419996828652,83.9731674194336,357700,0.0,0.0
2012-06-12 00:00:00-04:00,84.01257468257747,84.55446719202448,83.09628849553265,84.31800842285156,486800,0.0,0.0
2012-06-13 00:00:00-04:00,84.04213514563187,85.2835492703419,84.04213514563187,84.54460906982422,583500,0.0,0.0
2012-06-14 00:00:00-04:00,85.01754191363767,86.10131947055388,84.29830341164768,85.80574035644531,452400,0.0,0.0
2012-06-15 00:00:00-04:00,86.25895959768044,86.41659627204561,85.63824499072905,86.2096939086914,528200,0.0,0.0
2012-06-18 00:00:00-04:00,86.35748196895048,86.63335178199685,85.76633129572417,86.59394073486328,438000,0.0,0.0
2012-06-19 00:00:00-04:00,86.37718438313381,87.34273625294014,86.37718438313381,87.07671356201172,378600,0.0,0.0
2012-06-20 00:00:00-04:00,86.81069555393691,87.99299687067607,86.65305136936452,87.84521484375,781000,0.0,0.0
2012-06-21 00:00:00-04:00,88.37725602885155,88.93885035081026,86.25896653593544,86.38704681396484,769900,0.0,0.0
2012-06-22 00:00:00-04:00,86.84025182989284,88.27872118597396,86.84025182989284,87.87477111816406,1271600,0.0,0.0
2012-06-25 00:00:00-04:00,87.84521608015831,87.84521608015831,86.83039854068913,86.8599624633789,650400,0.0,0.0
2012-06-26 00:00:00-04:00,87.13582865930401,88.51517765207404,86.85010422026214,87.80580139160156,751500,0.0,0.0
2012-06-27 00:00:00-04:00,87.9043268515784,88.85016939970784,87.54963495641883,88.05211639404297,838900,0.0,0.0
2012-06-28 00:00:00-04:00,87.75653495953583,91.13595499685135,87.33287562482087,90.6827392578125,2372500,0.0,0.0
2012-06-29 00:00:00-04:00,91.59903089629562,92.76163047672206,90.85023603511708,91.24433898925781,1677500,0.0,0.0
2012-07-02 00:00:00-04:00,92.21974205864353,93.06706081665425,90.50540277664255,90.86994934082031,952900,0.0,0.0
2012-07-03 00:00:00-04:00,90.80097652043271,91.87489934976584,90.80097652043271,91.59902954101562,298900,0.0,0.0
2012-07-05 00:00:00-04:00,91.43153975933862,91.61873283732622,90.31819834798658,90.52510070800781,644000,0.0,0.0
2012-07-06 00:00:00-04:00,89.88469915034456,90.66304296533953,89.88469915034456,90.61378479003906,453600,0.0,0.0
2012-07-09 00:00:00-04:00,90.28863579358261,91.13595445800266,90.19996658113519,90.83052825927734,610000,0.0,0.0
2012-07-10 00:00:00-04:00,91.07684900218696,92.01283695461518,91.07684900218696,91.54976654052734,856400,0.0,0.0
2012-07-11 00:00:00-04:00,91.45124439810753,92.20988640869045,91.18522921740384,91.76652526855469,785800,0.0,0.0
2012-07-12 00:00:00-04:00,91.33300922364928,92.63354372496008,90.91920449979783,92.2985610961914,993600,0.0,0.0
2012-07-13 00:00:00-04:00,92.23945241247053,93.89467889886213,92.06210644903967,93.84541320800781,1336700,0.0,0.0
2012-07-16 00:00:00-04:00,93.69761845941386,93.76658591265414,93.06705673924878,93.22470092773438,646200,0.0,0.0
2012-07-17 00:00:00-04:00,92.03253746307968,92.27885084990918,90.86993797656893,91.18521881103516,1616000,0.0,0.0
2012-07-18 00:00:00-04:00,90.86008931878759,92.34782437792202,90.77141258490853,92.25914764404297,1111200,0.0,0.0
2012-07-19 00:00:00-04:00,88.04226909421241,88.18020400750991,85.78603727400476,86.820556640625,2569900,0.0,0.0
2012-07-20 00:00:00-04:00,85.44119304188102,86.75158212852313,83.69728996762478,84.00272369384766,1707700,0.0,0.0
2012-07-23 00:00:00-04:00,83.0568870565983,83.32290223900652,82.5346962993936,83.0962905883789,1280500,0.0,0.0
2012-07-24 00:00:00-04:00,83.10614254147251,83.78596995447555,82.42632264535817,83.14555358886719,913500,0.0,0.0
2012-07-25 00:00:00-04:00,83.135697067339,83.53965465633078,82.26867659493334,82.9879150390625,1737200,0.0,0.0
2012-07-26 00:00:00-04:00,83.84508300338639,84.23918596155504,83.31304513739204,83.7465591430664,890000,0.0,0.0
2012-07-27 00:00:00-04:00,83.93375892824129,84.23918514734777,83.500244926757,83.95346069335938,891900,0.0,0.0
2012-07-30 00:00:00-04:00,83.77611060354161,84.22932634776778,83.33274949983226,83.6972885131836,732700,0.0,0.0
2012-07-31 00:00:00-04:00,83.58892351878761,84.09140502986645,82.82042680589613,82.84998321533203,635800,0.0,0.0
2012-08-01 00:00:00-04:00,85.97322859992292,87.69742234696153,85.38207796145873,86.60379028320312,5376600,0.0,0.0
2012-08-02 00:00:00-04:00,85.39193891754131,86.16043562372147,84.20963744909326,84.97813415527344,1279700,0.0,0.0
2012-08-03 00:00:00-04:00,85.82544826666907,86.53483211566943,85.42149065164259,86.16043090820312,729800,0.0,0.0
2012-08-06 00:00:00-04:00,86.36733232824741,86.77128238678537,86.07175324784345,86.39688873291016,870600,0.0,0.0
2012-08-07 00:00:00-04:00,86.60380044874924,86.87967027795487,86.44615625098082,86.61365509033203,687200,0.0,0.0
2012-08-08 00:00:00-04:00,86.54467843301867,87.9240350691102,86.54467843301867,87.68757629394531,776900,0.0,0.0
2012-08-09 00:00:00-04:00,87.401848913812,87.74668618211213,86.87966569083056,87.13583374023438,901200,0.0,0.0
2012-08-10 00:00:00-04:00,87.19493865966797,87.49051772967628,86.56437699274571,87.19493865966797,600100,0.0,0.0
2012-08-13 00:00:00-04:00,87.19495405288403,87.32303433015839,86.88952780567399,87.16539764404297,385100,0.0,0.0
2012-08-14 00:00:00-04:00,87.34273811216228,87.54964047790601,87.11612646383982,87.263916015625,344900,0.0,0.0
2012-08-15 00:00:00-04:00,87.37228459829537,87.6875654317565,87.01759272104059,87.19493865966797,306100,0.0,0.0
2012-08-16 00:00:00-04:00,86.92892884034327,87.94373885036808,86.85996138869757,87.78609466552734,439000,0.0,0.0
2012-08-17 00:00:00-04:00,87.91417519071676,88.08166648562322,87.39198450918657,87.69741821289062,461600,0.0,0.0
2012-08-20 00:00:00-04:00,87.24421247642304,88.17034578279856,87.12597933402058,87.7368392944336,625800,0.0,0.0
2012-08-21 00:00:00-04:00,87.78609951752672,88.07182398067643,87.1653924184084,87.20480346679688,475500,0.0,0.0
2012-08-22 00:00:00-04:00,87.37228619300024,87.65801062805313,86.51511288784154,86.78113555908203,610800,0.0,0.0
2012-08-23 00:00:00-04:00,86.86980691532189,86.96833077059158,86.05204463449562,86.21954345703125,405400,0.0,0.0
2012-08-24 00:00:00-04:00,86.4757014789582,87.766388751433,86.30821017814993,87.52992248535156,778000,0.0,0.0
2012-08-27 00:00:00-04:00,87.49051772967628,87.71712183537973,87.14567297570392,87.19493865966797,530300,0.0,0.0
2012-08-28 00:00:00-04:00,87.1456839532358,87.24421533357568,86.44615475077866,86.9979019165039,378400,0.0,0.0
2012-08-29 00:00:00-04:00,86.8698038476593,87.48066375578122,86.61364333638166,87.01759338378906,452400,0.0,0.0
2012-08-30 00:00:00-04:00,86.69246380318704,86.82055158442452,86.1407241821289,86.1407241821289,460000,0.0,0.0
2012-08-31 00:00:00-04:00,86.33777242446993,87.06686551889159,86.25895784733102,86.6530532836914,632200,0.0,0.0
2012-09-04 00:00:00-04:00,86.38703954848954,87.07671409047343,85.59883362888903,86.95848846435547,650000,0.0,0.0
2012-09-05 00:00:00-04:00,87.19495014308336,87.94374504000147,86.83040357764806,87.5102310180664,854000,0.0,0.0
2012-09-06 00:00:00-04:00,87.69742650211745,89.24427437921857,87.69742650211745,88.1801986694336,797200,0.0,0.0
2012-09-07 00:00:00-04:00,88.70238719645936,88.70238719645936,87.43140905312512,87.48067474365234,583700,0.0,0.0
2012-09-10 00:00:00-04:00,87.65802524786338,88.20976492928905,87.20480943570809,87.61861419677734,661300,0.0,0.0
2012-09-11 00:00:00-04:00,87.76640348949896,87.82551630750172,87.51023541667142,87.67772674560547,526400,0.0,0.0
2012-09-12 00:00:00-04:00,87.68757655986543,88.20975980184555,87.40185209376729,87.62846374511719,532800,0.0,0.0
2012-09-13 00:00:00-04:00,87.5594955149581,89.21472196527826,87.43140772828386,89.12604522705078,560600,0.0,0.0
2012-09-14 00:00:00-04:00,89.52014361372187,90.15070532282553,89.14574994796924,89.64822387695312,722000,0.0,0.0
2012-09-17 00:00:00-04:00,89.60882187516415,90.11130337175439,89.04722756140659,89.95366668701172,493100,0.0,0.0
2012-09-18 00:00:00-04:00,89.97335841604126,90.30834854869188,89.6876339701267,89.91424560546875,573700,0.0,0.0
2012-09-19 00:00:00-04:00,90.02262425229381,90.26893765260631,89.36249862662109,89.8551254272461,462100,0.0,0.0
2012-09-20 00:00:00-04:00,89.3822123342163,89.84528275243673,88.98810937082305,89.36250305175781,409200,0.0,0.0
2012-09-21 00:00:00-04:00,89.48074302793638,90.2886507819785,89.37236451680603,90.22953796386719,664700,0.0,0.0
2012-09-24 00:00:00-04:00,90.02262356115955,90.3379044104635,89.55955316942503,90.0620346069336,414300,0.0,0.0
2012-09-25 00:00:00-04:00,90.0324765918986,90.48569237270264,89.66793754912626,89.84528350830078,348600,0.0,0.0
2012-09-26 00:00:00-04:00,89.84527885616058,90.140850428221,89.01766191723672,89.0472183227539,379700,0.0,0.0
2012-09-27 00:00:00-04:00,89.11618877778326,90.43643256485488,89.06693060589079,90.25908660888672,471500,0.0,0.0
2012-09-28 00:00:00-04:00,89.59897026805521,91.24434207661048,89.27383475612113,91.10640716552734,733300,0.0,0.0
2012-10-01 00:00:00-04:00,91.39212437509872,92.23944305700734,90.43642719781424,91.67784881591797,684400,0.0,0.0
2012-10-02 00:00:00-04:00,91.74682541002433,92.50546743637791,90.60392753283924,91.29360961914062,529400,0.0,0.0
2012-10-03 00:00:00-04:00,91.61873522836626,91.95372537968262,90.94876244262237,91.2246322631836,431300,0.0,0.0
2012-10-04 00:00:00-04:00,91.2738940318538,92.26900228489365,90.27878577881394,92.25914764404297,482600,0.0,0.0
2012-10-05 00:00:00-04:00,92.3675344728881,92.74192817320476,91.79608552222909,92.0818099975586,365200,0.0,0.0
2012-10-08 00:00:00-04:00,91.97342678002707,92.90942225822928,91.83549187029433,92.633544921875,380300,0.0,0.0
2012-10-09 00:00:00-04:00,92.31827100719285,92.77149433546442,91.40198474245139,91.52021789550781,529900,0.0,0.0
2012-10-10 00:00:00-04:00,91.64829474087966,92.1803326343715,90.99803121564904,91.08670043945312,458100,0.0,0.0
2012-10-11 00:00:00-04:00,91.45123625904904,92.42663519067163,91.32315600075943,91.914306640625,483000,0.0,0.0
2012-10-12 00:00:00-04:00,92.24929396299387,92.57442946245239,91.26404034055369,91.3625717163086,503000,0.0,0.0
2012-10-15 00:00:00-04:00,91.46109728863195,92.3872305995919,91.28375133259473,92.20988464355469,657700,0.0,0.0
2012-10-16 00:00:00-04:00,91.97342320762114,92.71236341686858,89.38220891327329,91.59902954101562,694900,0.0,0.0
2012-10-17 00:00:00-04:00,89.77630694140437,90.8108186675214,88.1801934708248,88.87972259521484,1760800,0.0,0.0
2012-10-18 00:00:00-04:00,87.97329122691285,88.5742964995393,85.24413465772949,87.5003662109375,2489300,0.0,0.0
2012-10-19 00:00:00-04:00,86.29835872288636,87.32302336305925,84.57416493273638,85.3525161743164,1256800,0.0,0.0
2012-10-22 00:00:00-04:00,84.9485666305131,85.47074983603109,84.63328577905573,85.23429107666016,776900,0.0,0.0
2012-10-23 00:00:00-04:00,84.61358920094055,84.61358920094055,83.5790772753224,83.93376922607422,835100,0.0,0.0
2012-10-24 00:00:00-04:00,84.19977664409797,84.48550110671877,83.77611727081728,83.96331787109375,619400,0.0,0.0
2012-10-25 00:00:00-04:00,84.54461496069018,84.73181556326931,83.76626365988464,84.357421875,526700,0.0,0.0
2012-10-26 00:00:00-04:00,84.37711588796698,84.57416359697375,83.56920825401804,83.6972885131836,795600,0.0,0.0
2012-10-31 00:00:00-04:00,83.74656022192507,84.40667836315045,83.11599848748754,83.48054504394531,874200,0.0,0.0
2012-11-01 00:00:00-04:00,83.7564149767535,84.36726742956841,83.35245737173439,84.08154296875,1358300,0.0,0.0
2012-11-02 00:00:00-04:00,84.49535293028624,84.8007791484351,83.16526204077098,84.0125732421875,590700,0.0,0.0
2012-11-05 00:00:00-05:00,83.76626849525914,85.45105898194726,83.51010793860392,85.03724670410156,588700,0.0,0.0
2012-11-06 00:00:00-05:00,85.47074461729528,86.03233883456626,84.47563643690708,85.24413299560547,436200,0.0,0.0
2012-11-07 00:00:00-05:00,84.82047466532704,85.67764796146236,83.54950419838195,83.65788269042969,1262500,0.0,0.0
2012-11-08 00:00:00-05:00,83.55935628904024,84.0125720477782,82.99776203181185,83.01747131347656,835100,0.0,0.0
2012-11-09 00:00:00-05:00,82.81057587994002,83.72686211484594,82.81057587994002,83.19482421875,644600,0.0,0.0
2012-11-12 00:00:00-05:00,83.47069177185034,83.69729590553352,83.00762134620786,83.1258544921875,403200,0.0,0.0
2012-11-13 00:00:00-05:00,83.93375897560276,84.4263857896079,82.52484598687246,82.63322448730469,894500,0.0,0.0
2012-11-14 00:00:00-05:00,82.87953809658983,83.33275386455409,81.09622391405439,81.25386810302734,599900,0.0,0.0
2012-11-15 00:00:00-05:00,81.44106388638728,83.04702450299804,80.9484371002859,81.83515930175781,787200,0.0,0.0
2012-11-16 00:00:00-05:00,81.67753285356862,82.56426268282307,81.18490600585939,81.18490600585938,1860400,0.0,0.0
2012-11-19 00:00:00-05:00,81.32282612559789,82.4164581298828,81.04695634377606,82.41645812988281,1116900,0.0,0.0
2012-11-20 00:00:00-05:00,82.28838180277504,82.28838180277504,80.95829087441456,81.41150665283203,605800,0.0,0.0
2012-11-21 00:00:00-05:00,81.40166109215627,81.71694196654177,81.17504944014999,81.68738555908203,578600,0.0,0.0
2012-11-23 00:00:00-05:00,81.8253172239386,82.55440280759888,81.7760515355352,82.5149917602539,258700,0.0,0.0
2012-11-26 00:00:00-05:00,81.992809398389,82.6233711287519,80.93858830073019,81.618408203125,628500,0.0,0.0
2012-11-27 00:00:00-05:00,81.58884911069049,82.10118519780015,81.00755308838403,81.66767120361328,565900,0.0,0.0
2012-11-28 00:00:00-05:00,81.58884458288723,82.29822834604784,81.44106256296885,82.18984985351562,384700,0.0,0.0
2012-11-29 00:00:00-05:00,82.29822796778676,83.4312710555779,82.19970411599797,82.96820068359375,548800,0.0,0.0
2012-11-30 00:00:00-05:00,83.06672815763226,83.59876600075765,82.57410136031855,83.34259796142578,877900,0.0,0.0
2012-12-03 00:00:00-05:00,83.34259124625383,84.14065170508391,83.01746329905853,83.10613250732422,534300,0.0,0.0
2012-12-04 00:00:00-05:00,82.2785334888711,83.46083484878991,81.75635026295882,83.056884765625,338500,0.0,0.0
2012-12-05 00:00:00-05:00,83.1061424096721,83.51994713132696,81.81546255632017,83.17510986328125,614500,0.0,0.0
2012-12-06 00:00:00-05:00,83.20466265040429,83.47068532910312,83.11599343543024,83.46083068847656,442400,0.0,0.0
2012-12-07 00:00:00-05:00,83.46083468631636,83.86479228558362,83.14555382315919,83.7465591430664,552900,0.0,0.0
2012-12-10 00:00:00-05:00,83.74656022192507,83.8647933659654,83.31304621066597,83.48054504394531,377400,0.0,0.0
2012-12-11 00:00:00-05:00,83.5790663477129,84.3869740150416,83.45097856636694,84.13080596923828,694500,0.0,0.0
2012-12-12 00:00:00-05:00,84.19976942465404,86.6924597609936,83.9830124359483,85.85499572753906,1137000,0.0,0.0
2012-12-13 00:00:00-05:00,85.94367153143813,86.4757018401231,85.72691454506892,86.0914535522461,806100,0.0,0.0
2012-12-14 00:00:00-05:00,86.06189566166722,86.38703113560545,85.67764738042676,85.81558227539062,664500,0.0,0.0
2012-12-17 00:00:00-05:00,85.90426891398093,86.82055511731706,85.66780262371498,85.88455963134766,1209100,0.0,0.0
2012-12-18 00:00:00-05:00,86.18999237118634,87.6284617941835,85.86485686353176,86.81069946289062,811900,0.0,0.0
2012-12-19 00:00:00-05:00,86.77128936303633,87.36244005448344,86.5446777142557,86.5742416381836,591800,0.0,0.0
2012-12-20 00:00:00-05:00,86.65305559441963,86.9387800552222,85.90426823185652,86.06190490722656,779100,0.0,0.0
2012-12-21 00:00:00-05:00,85.6283932146753,86.02248863762334,85.39192694064045,85.44119262695312,1108400,0.0,0.0
2012-12-24 00:00:00-05:00,85.21458675439756,85.63824612790725,84.65299247015345,85.25399780273438,163300,0.0,0.0
2012-12-26 00:00:00-05:00,85.32296230507798,85.81558911690509,85.02739072811488,85.36237335205078,453100,0.0,0.0
2012-12-27 00:00:00-05:00,85.26384667987116,85.66779674345942,84.9879768770522,85.44119262695312,449700,0.0,0.0
2012-12-28 00:00:00-05:00,85.16533617032124,85.6086973490607,84.58403255166708,84.62344360351562,348900,0.0,0.0
2012-12-31 00:00:00-05:00,84.38697700784306,85.3426742553711,83.65789140827182,85.3426742553711,486200,0.0,0.0
2013-01-02 00:00:00-05:00,86.15057066200124,86.61364102161777,85.56926717326311,86.28850555419922,742000,0.0,0.0
2013-01-03 00:00:00-05:00,86.2096829547141,86.59393122596123,86.081602703261,86.40673065185547,556400,0.0,0.0
2013-01-04 00:00:00-05:00,86.48556490017765,87.027457418856,86.4165974447903,86.5742416381836,994200,0.0,0.0
2013-01-07 00:00:00-05:00,86.14072324565149,86.5840843624834,86.012642982695,86.37718200683594,867400,0.0,0.0
2013-01-08 00:00:00-05:00,86.32792724075239,86.55453137006407,84.96827239732718,85.4904556274414,1281500,0.0,0.0
2013-01-09 00:00:00-05:00,85.23429373867233,86.53482823116296,85.22443909763165,85.84514617919922,1404100,0.0,0.0
2013-01-10 00:00:00-05:00,86.0422029894592,86.62349903438577,85.74662388794103,86.12102508544922,810300,0.0,0.0
2013-01-11 00:00:00-05:00,86.14072041536456,86.35747740469861,84.53475979321667,85.1357650756836,1286500,0.0,0.0
2013-01-14 00:00:00-05:00,85.17517221482798,85.67765366441516,84.61357795360297,85.51016235351562,522800,0.0,0.0
2013-01-15 00:00:00-05:00,85.29340455165446,86.13086861515305,85.08650219598223,85.7170639038086,1013400,0.0,0.0
2013-01-16 00:00:00-05:00,85.16532242018006,86.33776907659956,85.05694392431691,86.21954345703125,897700,0.0,0.0
2013-01-17 00:00:00-05:00,86.49541287335694,87.1456763287518,86.20968843252541,86.96833038330078,465200,0.0,0.0
2013-01-18 00:00:00-05:00,86.99789843828808,87.36243747017093,86.90922170290533,87.22450256347656,687000,0.0,0.0
2013-01-22 00:00:00-05:00,87.23435816653648,88.9684066772461,87.11612502368513,88.9684066772461,1307000,0.0,0.0
2013-01-23 00:00:00-05:00,86.67275706268062,87.17523848409213,85.45104475037652,86.0914535522461,1953300,0.0,0.0
2013-01-24 00:00:00-05:00,86.07176215919027,86.95849197532054,86.07176215919027,86.70232391357422,1213000,0.0,0.0
2013-01-25 00:00:00-05:00,86.83040171807373,87.59890588146993,86.64320863551991,87.35259246826172,979900,0.0,0.0
2013-01-28 00:00:00-05:00,87.52007737593689,89.37235140153719,87.50036809486583,89.00780487060547,2237500,0.0,0.0
2013-01-29 00:00:00-05:00,88.70238706509018,89.06693363054025,87.5299327876578,88.83047485351562,1833500,0.0,0.0
2013-01-30 00:00:00-05:00,88.46591975513299,88.97824830875143,88.21960636039775,88.40680694580078,823700,0.0,0.0
2013-01-31 00:00:00-05:00,88.29843180948367,88.6235597900664,88.00285271780277,88.1801986694336,839600,0.0,0.0
2013-02-01 00:00:00-05:00,88.71223542490569,89.15559654004386,88.14078653041187,89.13589477539062,717400,0.0,0.0
2013-02-04 00:00:00-05:00,88.6728266839953,89.0472203572478,88.44621504170519,88.51518249511719,694700,0.0,0.0
2013-02-05 00:00:00-05:00,88.92899940578195,89.09649072760028,87.93389108263885,88.65312957763672,686400,0.0,0.0
2013-02-06 00:00:00-05:00,88.52503786765162,89.69749210223269,88.22946628639578,89.6580810546875,1059500,0.0,0.0
2013-02-07 00:00:00-05:00,89.65807863647069,90.48568806193163,89.54970013786674,90.2787857055664,1393600,0.0,0.0
2013-02-08 00:00:00-05:00,88.50533641481424,89.50043718051106,87.35259145838006,88.90928649902344,1696700,0.0,0.0
2013-02-11 00:00:00-05:00,89.05706907401591,89.6186633049806,88.66296614492585,88.73193359375,742800,0.0,0.0
2013-02-12 00:00:00-05:00,88.49548758632783,88.91914698065082,88.01271537503999,88.09153747558594,1079000,0.0,0.0
2013-02-13 00:00:00-05:00,88.17034830393278,88.64327337017671,88.04226803366767,88.37725067138672,504500,0.0,0.0
2013-02-14 00:00:00-05:00,88.31813223205833,88.74179158135463,87.73683621531302,87.87477111816406,694400,0.0,0.0
2013-02-15 00:00:00-05:00,87.72698410139265,88.59400458955625,87.72698410139265,88.51518249511719,763600,0.0,0.0
2013-02-19 00:00:00-05:00,88.67283012681291,89.5004395998898,88.19005793418472,88.94869995117188,569900,0.0,0.0
2013-02-20 00:00:00-05:00,88.65312854515771,89.04722399969602,88.21961452489884,88.25902557373047,480200,0.0,0.0
2013-02-21 00:00:00-05:00,88.219616189817,88.39696215446176,87.52008697285407,87.81565856933594,425800,0.0,0.0
2013-02-22 00:00:00-05:00,88.01269916875674,88.44620560815703,87.37228287430051,87.66786193847656,1095000,0.0,0.0
2013-02-25 00:00:00-05:00,87.9043279444631,88.43636579381713,86.95848538457435,87.09642028808594,920100,0.0,0.0
2013-02-26 00:00:00-05:00,87.38214434180486,87.41170074715426,86.43630178618186,87.18508911132812,874900,0.0,0.0
2013-02-27 00:00:00-05:00,87.15553841215764,88.00285716646148,86.98804709295288,87.68757629394531,472900,0.0,0.0
2013-02-28 00:00:00-05:00,87.68757525523812,87.7171316621725,87.2343594761703,87.29347229003906,948400,0.0,0.0
2013-03-01 00:00:00-05:00,87.02745547379622,87.8846213263258,86.49541760831818,87.7368392944336,602600,0.0,0.0
2013-03-04 00:00:00-05:00,87.40185005569339,88.34769265405464,87.19494769201019,88.1604995727539,498400,0.0,0.0
2013-03-05 00:00:00-05:00,88.25901303956338,89.54969275872409,87.90432116733957,88.86986541748047,784700,0.0,0.0
2013-03-06 00:00:00-05:00,89.17531047068847,89.18515759508423,87.81565561518815,87.92403411865234,606000,0.0,0.0
2013-03-07 00:00:00-05:00,87.93388513436359,88.73193815706945,87.90432872861723,88.20975494384766,588900,0.0,0.0
2013-03-08 00:00:00-05:00,88.47577279946941,88.47577279946941,87.61859949517519,88.13092803955078,637500,0.0,0.0
2013-03-11 00:00:00-04:00,87.98315173830923,88.83047045734381,87.88462036227699,88.63341522216797,443200,0.0,0.0
2013-03-12 00:00:00-04:00,88.55459647829898,88.61371680953269,88.23931560697852,88.43637084960938,404200,0.0,0.0
2013-03-13 00:00:00-04:00,88.57430014123747,88.7614932137488,87.86491634655246,87.90432739257812,623300,0.0,0.0
2013-03-14 00:00:00-04:00,87.81566128926416,88.75165683267025,87.70728277879725,88.42652130126953,753200,0.0,0.0
2013-03-15 00:00:00-04:00,88.11122987778177,88.6137113192468,87.75653797991097,87.87477111816406,802600,0.0,0.0
2013-03-18 00:00:00-04:00,87.36243801821065,87.59890430278895,86.94863329553166,87.07671356201172,346500,0.0,0.0
2013-03-19 00:00:00-04:00,87.27377174092206,87.56934333127481,86.54467861422958,86.9979019165039,1002400,0.0,0.0
2013-03-20 00:00:00-04:00,87.46095756799933,87.46095756799933,86.67275920891588,86.8796615600586,1212400,0.0,0.0
2013-03-21 00:00:00-04:00,86.77128695266777,86.98804395411794,86.35748223183852,86.53482818603516,777800,0.0,0.0
2013-03-22 00:00:00-04:00,86.72201964835816,87.14567900232828,86.54467369746628,86.9486312866211,848100,0.0,0.0
2013-03-25 00:00:00-04:00,87.1949456121733,87.9437404701818,86.93877756553303,87.3722915649414,817900,0.0,0.0
2013-03-26 00:00:00-04:00,87.68757321060569,87.84521739976502,87.3722923491757,87.82550811767578,480700,0.0,0.0
2013-03-27 00:00:00-04:00,87.6284578484072,88.19005210139156,87.00774326776396,87.84521484375,949800,0.0,0.0
2013-03-28 00:00:00-04:00,87.93387757054357,88.997953187215,87.80579731769693,88.86986541748047,1297000,0.0,0.0
2013-04-01 00:00:00-04:00,88.46593900568908,89.52016026388327,88.3575604870709,89.29354858398438,614700,0.0,0.0
2013-04-02 00:00:00-04:00,89.7467612250811,91.72712338376462,89.66794663726232,91.38228607177734,1161100,0.0,0.0
2013-04-03 00:00:00-04:00,91.44139099121094,91.69755905093523,91.18523044837563,91.44139099121094,736900,0.0,0.0
2013-04-04 00:00:00-04:00,91.7369717527937,92.41679920485805,91.3822798227505,92.31826782226562,750800,0.0,0.0
2013-04-05 00:00:00-04:00,91.59902672530129,91.77637267074468,90.81082085291105,91.67784881591797,602900,0.0,0.0
2013-04-08 00:00:00-04:00,91.71724779893309,91.71724779893309,90.72214714254464,91.51034545898438,484500,0.0,0.0
2013-04-09 00:00:00-04:00,91.77637709006851,92.01283585641652,91.20492818091292,91.84534454345703,478100,0.0,0.0
2013-04-10 00:00:00-04:00,91.8551985076107,92.17047936604764,91.20492750883466,92.02268981933594,945300,0.0,0.0
2013-04-11 00:00:00-04:00,93.05720793874117,94.5055320645761,92.86016020765564,93.6680679321289,1755100,0.0,0.0
2013-04-12 00:00:00-04:00,92.62369909778046,93.25426084166446,91.07685114530113,92.96853637695312,1044400,0.0,0.0
2013-04-15 00:00:00-04:00,92.49560949938461,92.90942174317763,92.10151405484082,92.1212158203125,935300,0.0,0.0
2013-04-16 00:00:00-04:00,92.21973379001253,93.10646351736509,90.56450747125051,92.99808502197266,969200,0.0,0.0
2013-04-17 00:00:00-04:00,91.12610565435956,93.12616931003072,91.02758179525584,92.62369537353516,1438900,0.0,0.0
2013-04-18 00:00:00-04:00,92.7320695845111,92.83059343905782,91.06698863018474,91.7369613647461,1922800,0.0,0.0
2013-04-19 00:00:00-04:00,92.37738251238527,94.28876944431879,92.20988368234316,92.47590637207031,1275300,0.0,0.0
2013-04-22 00:00:00-04:00,92.45620258278547,92.88971661142094,91.73697159915565,92.37738800048828,1272900,0.0,0.0
2013-04-23 00:00:00-04:00,92.34782223043345,93.23454444727274,91.5497617116344,92.1606216430664,1145600,0.0,0.0
2013-04-24 00:00:00-04:00,92.35767578358731,92.6039891980537,91.95372569264465,92.4561996459961,747000,0.0,0.0
2013-04-25 00:00:00-04:00,92.7123654031404,92.85030031047062,92.02269086648924,92.41679382324219,718600,0.0,0.0
2013-04-26 00:00:00-04:00,92.32811496491517,92.91926562801027,92.04239051576005,92.28870391845703,534200,0.0,0.0
2013-04-29 00:00:00-04:00,92.56457427280569,93.10646676869106,92.12121315209116,92.14091491699219,452100,0.0,0.0
2013-04-30 00:00:00-04:00,92.20003336111164,92.26900081218855,91.15565943737616,91.9832763671875,669700,0.0,0.0
2013-05-01 00:00:00-04:00,91.80594122432217,92.37739018158138,90.99803348081025,91.15567016601562,595700,0.0,0.0
2013-05-02 00:00:00-04:00,91.28374414581587,91.73695988292067,91.1260999675769,91.46109008789062,721600,0.0,0.0
2013-05-03 00:00:00-04:00,91.8650503713019,91.9537271106595,89.9043976666432,91.44139099121094,788800,0.0,0.0
2013-05-06 00:00:00-04:00,91.46110258496736,92.56458191586489,91.37242584336929,92.17048645019531,668600,0.0,0.0
2013-05-07 00:00:00-04:00,92.081795531164,92.22958506648017,91.52020131047296,91.87489318847656,636900,0.0,0.0
2013-05-08 00:00:00-04:00,91.51035344716517,93.04735420463413,91.38227318274633,92.7419204711914,740300,0.0,0.0
2013-05-09 00:00:00-04:00,92.94882324566183,92.94882324566183,91.69755445107579,91.99313354492188,693200,0.0,0.0
2013-05-10 00:00:00-04:00,92.32811999169594,92.96853637695314,92.00298447838074,92.96853637695312,901100,0.0,0.0
2013-05-13 00:00:00-04:00,92.66311274099078,94.04246189630382,92.4463557260447,93.60895538330078,761300,0.0,0.0
2013-05-14 00:00:00-04:00,93.59909712555124,93.95378904232548,93.32322730514656,93.8651123046875,813400,0.0,0.0
2013-05-15 00:00:00-04:00,93.86510560019578,95.23461499690863,93.84540383595504,94.97844696044922,1057400,0.0,0.0
2013-05-16 00:00:00-04:00,94.95873794863442,96.34794911352799,94.53507860581811,96.23957061767578,1129000,0.0,0.0
2013-05-17 00:00:00-04:00,96.42677397981025,97.64848635734799,96.24942802848312,97.51055145263672,1668500,0.0,0.0
2013-05-20 00:00:00-04:00,97.34305761179536,98.24948910973241,97.03762388768413,98.16081237792969,880500,0.0,0.0
2013-05-21 00:00:00-04:00,98.1312698791893,99.53032836994754,97.74702152633161,99.14608001708984,1256100,0.0,0.0
2013-05-22 00:00:00-04:00,99.04753899342684,100.19043672893301,98.22977673614793,98.32830810546875,1161400,0.0,0.0
2013-05-23 00:00:00-04:00,97.93421181937072,99.58943820989403,97.62877808416454,99.22489166259766,753300,0.0,0.0
2013-05-24 00:00:00-04:00,98.24949906511122,99.1263742469284,98.09185486677195,98.8899154663086,650900,0.0,0.0
2013-05-28 00:00:00-04:00,98.99828912695129,99.81604393591323,98.99828912695129,99.47120666503906,698900,0.0,0.0
2013-05-29 00:00:00-04:00,99.56973638653074,99.77663876123376,98.28891108833734,98.62389373779297,496100,0.0,0.0
2013-05-30 00:00:00-04:00,98.73226968634579,99.21504188147021,98.20023180080727,98.64360046386719,862100,0.0,0.0
2013-05-31 00:00:00-04:00,98.42683814652686,99.29385862609233,97.98346950737051,98.02288055419922,1015500,0.0,0.0
2013-06-03 00:00:00-04:00,98.32830744141123,98.55491154878729,97.51054518965505,98.50565338134766,703700,0.0,0.0
2013-06-04 00:00:00-04:00,98.32832578740529,98.76183231944236,97.6484983046595,98.33817291259766,420100,0.0,0.0
2013-06-05 00:00:00-04:00,98.20023248954942,98.3184656372391,96.84058511711866,97.14601135253906,441000,0.0,0.0
2013-06-06 00:00:00-04:00,97.22483585489184,97.57952778984166,96.53516126853899,97.1854248046875,809400,0.0,0.0
2013-06-07 00:00:00-04:00,97.5007010251689,98.76182450382086,97.36276611449689,98.39728546142578,898200,0.0,0.0
2013-06-10 00:00:00-04:00,98.37757015097313,99.44164583972037,98.24948988945089,99.3037109375,463800,0.0,0.0
2013-06-11 00:00:00-04:00,98.35787704154667,99.47121099797654,96.4169260820793,99.00814056396484,586400,0.0,0.0
2013-06-12 00:00:00-04:00,99.40224346760638,99.88501566750416,98.2002327717519,98.37757873535156,441800,0.0,0.0
2013-06-13 00:00:00-04:00,98.4071241576064,98.85049277555531,97.33320137122519,98.60417938232422,888000,0.0,0.0
2013-06-14 00:00:00-04:00,98.35787641571719,99.49091964806837,98.23964326835296,98.5253677368164,466500,0.0,0.0
2013-06-17 00:00:00-04:00,99.13621587548995,99.9933816615548,98.702701903851,98.95886993408203,466200,0.0,0.0
2013-06-18 00:00:00-04:00,98.99828219836908,99.41208689445718,98.71255776053067,99.29385375976562,384100,0.0,0.0
2013-06-19 00:00:00-04:00,99.2446010988964,99.57958372378,98.21993642537046,98.53521728515625,443300,0.0,0.0
2013-06-20 00:00:00-04:00,98.06229605975626,98.5155118435603,97.25438835525533,97.53025817871094,1203200,0.0,0.0
2013-06-21 00:00:00-04:00,98.21993592013204,98.91946508928064,97.5006974690984,97.99332427978516,709900,0.0,0.0
2013-06-24 00:00:00-04:00,97.3824583275398,98.82093514096512,96.29868091419128,97.57951354980469,1368400,0.0,0.0
2013-06-25 00:00:00-04:00,98.3972852381719,98.52536550725135,96.84058265910402,97.79627990722656,747600,0.0,0.0
2013-06-26 00:00:00-04:00,98.26919154687833,98.45639213549703,97.60907344170178,97.98346710205078,427100,0.0,0.0
2013-06-27 00:00:00-04:00,98.5647707397958,99.91457087368195,98.5647707397958,99.3037109375,485300,0.0,0.0
2013-06-28 00:00:00-04:00,98.95888390413775,99.29386655359336,97.70760749731431,98.62389373779297,747800,0.0,0.0
2013-07-01 00:00:00-04:00,98.8504997418872,99.5401742847827,98.42684037499747,98.78153228759766,456100,0.0,0.0
2013-07-02 00:00:00-04:00,98.56476643924758,98.76181414328248,97.44157798909491,97.7568588256836,577700,0.0,0.0
2013-07-03 00:00:00-04:00,96.74205672567112,97.40217485638287,96.74205672567112,97.00807189941406,451100,0.0,0.0
2013-07-05 00:00:00-04:00,97.60907939732263,98.44654350152837,97.30365316937308,98.42684173583984,546600,0.0,0.0
2013-07-08 00:00:00-04:00,98.84064041609598,98.97857531813753,97.98346708179056,98.67314910888672,568200,0.0,0.0
2013-07-09 00:00:00-04:00,96.74206165028706,96.74206165028706,94.17054893335244,94.44641876220703,1926900,0.0,0.0
2013-07-10 00:00:00-04:00,94.29862541148371,95.89473902162685,94.29862541148371,95.42181396484375,861300,0.0,0.0
2013-07-11 00:00:00-04:00,96.43661684874544,96.45632612962802,95.08682426692916,95.27401733398438,775300,0.0,0.0
2013-07-12 00:00:00-04:00,94.5843428408584,95.4612179179278,93.95378115660372,95.27401733398438,867100,0.0,0.0
2013-07-15 00:00:00-04:00,95.63856400538815,96.83071992637934,95.39225061220264,95.90457916259766,1076900,0.0,0.0
2013-07-16 00:00:00-04:00,95.80606319498366,96.05237660844446,95.27402531988167,95.84547424316406,1007000,0.0,0.0
2013-07-17 00:00:00-04:00,96.1311990172397,97.5204102817803,95.8553291959692,97.07704162597656,786800,0.0,0.0
2013-07-18 00:00:00-04:00,97.02778773027795,97.45144712215807,95.61887463792213,95.98341369628906,1014900,0.0,0.0
2013-07-19 00:00:00-04:00,98.48594539216897,98.48594539216897,94.81095380653481,95.45136260986328,1276500,0.0,0.0
2013-07-22 00:00:00-04:00,95.23461367384849,96.11148874970114,95.21490439299326,95.99325561523438,828400,0.0,0.0
2013-07-23 00:00:00-04:00,96.06222773039843,97.17556161237341,95.88488177852831,96.76175689697266,1246400,0.0,0.0
2013-07-24 00:00:00-04:00,96.77161827544289,96.78147291703529,95.8750338127628,96.33810424804688,1225900,0.0,0.0
2013-07-25 00:00:00-04:00,96.27898540285864,96.77161221518035,95.82576963754929,96.58441162109375,453700,0.0,0.0
2013-07-26 00:00:00-04:00,96.00311942464845,96.90955099146646,95.82577346445458,96.89969635009766,485700,0.0,0.0
2013-07-29 00:00:00-04:00,96.47603312103188,97.0868930743907,96.26913076188339,96.58441162109375,526100,0.0,0.0
2013-07-30 00:00:00-04:00,96.87014353009502,97.11645695521395,95.92430087966505,95.98341369628906,725600,0.0,0.0
2013-07-31 00:00:00-04:00,96.11149131049264,96.30853902296586,95.06711738709708,95.31343078613281,1032500,0.0,0.0
2013-08-01 00:00:00-04:00,95.82576952750381,96.10163933938497,94.97845080993241,95.95384979248047,624700,0.0,0.0
2013-08-02 00:00:00-04:00,95.87502996863915,96.19031083495254,95.47107988221673,96.02281951904297,481400,0.0,0.0
2013-08-05 00:00:00-04:00,95.85532882387326,96.6041237050499,95.79621601008444,96.53515625,398900,0.0,0.0
2013-08-06 00:00:00-04:00,96.25927331575129,96.53515063679836,95.53018775949074,96.00311279296875,462600,0.0,0.0
2013-08-07 00:00:00-04:00,95.58930272012134,95.86518004737427,94.9488938818706,95.44152069091797,751400,0.0,0.0
2013-08-08 00:00:00-04:00,95.57945703354625,96.8011694336286,95.4513692504589,96.37751007080078,447900,0.0,0.0
2013-08-09 00:00:00-04:00,96.41692380853112,96.85043782451353,96.21987608320579,96.3282470703125,554000,0.0,0.0
2013-08-12 00:00:00-04:00,96.23958235880791,96.75191097879502,95.60902058795179,96.4957504272461,329000,0.0,0.0
2013-08-13 00:00:00-04:00,96.71249619042347,97.20512298638066,96.48588455685227,96.75189971923828,276600,0.0,0.0
2013-08-14 00:00:00-04:00,96.80116697801111,97.6977513693236,96.5647082168394,97.68789672851562,874300,0.0,0.0
2013-08-15 00:00:00-04:00,96.94895251834382,97.22482231446479,95.75679660402783,96.0523681640625,1047800,0.0,0.0
2013-08-16 00:00:00-04:00,95.78636306537092,95.78636306537092,95.06712457834969,95.43167114257812,767200,0.0,0.0
2013-08-19 00:00:00-04:00,95.12624436018072,96.13119979102504,94.83066525393238,95.57946014404297,520400,0.0,0.0
2013-08-20 00:00:00-04:00,95.56960446394996,95.73709578112211,94.9784537747672,95.18535614013672,525800,0.0,0.0
2013-08-21 00:00:00-04:00,95.18535642543206,95.88488562003202,94.90948660411252,95.0966796875,427500,0.0,0.0
2013-08-22 00:00:00-04:00,95.38240213534786,95.73709404580619,94.87992819293916,94.96859741210938,320700,0.0,0.0
2013-08-23 00:00:00-04:00,95.20505322410226,95.42181022008435,94.74199034355418,95.07697296142578,253400,0.0,0.0
2013-08-26 00:00:00-04:00,95.00801046645681,95.54004834338258,94.82080986618045,95.0966796875,251800,0.0,0.0
2013-08-27 00:00:00-04:00,94.65331294480652,94.94889203122926,94.17054078607856,94.59420013427734,475900,0.0,0.0
2013-08-28 00:00:00-04:00,95.0572677175037,95.33313751433332,94.42669851732263,94.6434555053711,295100,0.0,0.0
2013-08-29 00:00:00-04:00,94.33803758964916,95.13609064583862,94.21980444481451,94.46611785888672,386000,0.0,0.0
2013-08-30 00:00:00-04:00,94.4464218574243,94.94890335752778,94.09172991816176,94.30848693847656,580800,0.0,0.0
2013-09-03 00:00:00-04:00,94.7222802650666,95.78635595445091,94.21979882559816,94.6237564086914,512100,0.0,0.0
2013-09-04 00:00:00-04:00,94.56465511130332,95.77651297434753,94.56465511130332,95.56961059570312,731500,0.0,0.0
2013-09-05 00:00:00-04:00,95.62871294816874,96.75190146182976,95.5597454961681,96.30854034423828,399300,0.0,0.0
2013-09-06 00:00:00-04:00,96.30854633646835,97.30365464886819,95.88488695727942,96.72235107421875,464200,0.0,0.0
2013-09-09 00:00:00-04:00,96.65338238482813,97.1755656210734,96.15090091431958,97.0474853515625,377300,0.0,0.0
2013-09-10 00:00:00-04:00,97.58937948635189,98.73226984022818,97.56967020339994,98.58448028564453,836700,0.0,0.0
2013-09-11 00:00:00-04:00,98.59432701718058,98.99828459950827,98.38742466411824,98.67314910888672,432200,0.0,0.0
2013-09-12 00:00:00-04:00,99.02784651449895,99.02784651449895,98.36772085584168,98.57463073730469,627300,0.0,0.0
2013-09-13 00:00:00-04:00,99.01798677167501,99.4810571662447,98.4563925205112,99.21503448486328,470100,0.0,0.0
2013-09-16 00:00:00-04:00,100.4170435907327,100.4170435907327,99.40223360076774,99.59928131103516,387100,0.0,0.0
2013-09-17 00:00:00-04:00,99.50076398009519,100.04265649419453,99.17563598852438,99.89486694335938,294600,0.0,0.0
2013-09-18 00:00:00-04:00,99.75694057794085,99.83576268072258,97.78643310973462,99.0278549194336,666400,0.0,0.0
2013-09-19 00:00:00-04:00,98.93917343669584,99.13622868421378,98.18053140519677,98.28890991210938,763900,0.0,0.0
2013-09-20 00:00:00-04:00,98.38743192434882,98.6435999828528,97.69775736324841,98.1017074584961,1376200,0.0,0.0
2013-09-23 00:00:00-04:00,97.73715889537587,98.18052754720227,97.27409599490518,97.97362518310547,561700,0.0,0.0
2013-09-24 00:00:00-04:00,98.13126282818278,98.45639833935876,97.55981390251996,97.70760345458984,473100,0.0,0.0
2013-09-25 00:00:00-04:00,97.90466033825591,98.06229701738899,97.264243946472,97.2938003540039,429200,0.0,0.0
2013-09-26 00:00:00-04:00,97.49084002626958,98.21007845663233,97.08688996189802,97.41202545166016,333200,0.0,0.0
2013-09-27 00:00:00-04:00,97.29379313580345,97.29379313580345,96.68293319687098,97.1755599975586,488200,0.0,0.0
2013-09-30 00:00:00-04:00,96.84057550917895,97.72730523665304,96.31839231324652,97.67803955078125,490600,0.0,0.0
2013-10-01 00:00:00-04:00,97.76672206010556,97.99332618797646,97.12630569036445,97.4908447265625,638000,0.0,0.0
2013-10-02 00:00:00-04:00,97.39231258678328,98.47608999589102,97.13614455728535,98.35786437988281,643100,0.0,0.0
2013-10-03 00:00:00-04:00,98.0622854353235,98.52535581033418,97.51054584818982,98.32830810546875,544500,0.0,0.0
2013-10-04 00:00:00-04:00,98.18052615846412,99.08695769793998,98.15096975213818,98.98843383789062,559100,0.0,0.0
2013-10-07 00:00:00-04:00,98.33816444902948,98.78153310187888,97.84553762378935,98.57463073730469,361200,0.0,0.0
2013-10-08 00:00:00-04:00,98.56477342797226,99.21503691090473,98.45639492800207,98.59432983398438,601100,0.0,0.0
2013-10-09 00:00:00-04:00,98.63374315385367,98.98843506794977,97.66819127283902,98.66329956054688,592400,0.0,0.0
2013-10-10 00:00:00-04:00,97.31349595759556,98.16081466533444,96.89969124457569,97.56966400146484,931500,0.0,0.0
2013-10-11 00:00:00-04:00,97.57952334051714,99.15592769236538,97.46129019529519,98.998291015625,607800,0.0,0.0
2013-10-14 00:00:00-04:00,98.58448569238325,99.51062660280407,98.30861585103818,99.14608001708984,494400,0.0,0.0
2013-10-15 00:00:00-04:00,98.81108658957845,99.37268085308582,97.83568760914746,97.99332427978516,701300,0.0,0.0
2013-10-16 00:00:00-04:00,98.27904748896499,99.67810580956669,98.1312579442505,99.6386947631836,631300,0.0,0.0
2013-10-17 00:00:00-04:00,99.31356410447749,101.13628172838938,98.34801228637434,101.03775787353516,1197700,0.0,0.0
2013-10-18 00:00:00-04:00,101.60920558660007,102.8309255171632,97.80612591989704,98.722412109375,1359800,0.0,0.0
2013-10-21 00:00:00-04:00,98.811081997682,98.88004944729758,97.30364522973547,97.85538482666016,702700,0.0,0.0
2013-10-22 00:00:00-04:00,98.20022381517904,99.51061289798793,98.0031761033245,99.39237976074219,836200,0.0,0.0
2013-10-23 00:00:00-04:00,99.17562574971575,100.14117001729777,98.92931236271593,99.94412231445312,642800,0.0,0.0
2013-10-24 00:00:00-04:00,99.875154152415,100.48600653699714,98.75196571708041,98.77166748046875,498000,0.0,0.0
2013-10-25 00:00:00-04:00,98.59432928931643,99.17563283293507,97.12630350267831,98.74211883544922,773700,0.0,0.0
2013-10-28 00:00:00-04:00,98.71255467341577,99.33326169813604,98.23962966632794,98.77166748046875,878000,0.0,0.0
2013-10-29 00:00:00-04:00,98.63374043170545,100.45645812407398,98.62388579078343,100.03279876708984,732200,0.0,0.0
2013-10-30 00:00:00-04:00,100.58453717458389,100.58453717458389,99.62884748956158,99.69781494140625,666600,0.0,0.0
2013-10-31 00:00:00-04:00,99.84560060779543,100.42690416614718,98.72241205574089,99.41209411621094,870300,0.0,0.0
2013-11-01 00:00:00-04:00,99.43179493873684,99.74707580093974,98.6731529479916,99.64855194091797,611100,0.0,0.0
2013-11-04 00:00:00-05:00,100.03279938147531,101.27422105417482,99.8948644752741,101.20525360107422,713100,0.0,0.0
2013-11-05 00:00:00-05:00,101.12643017118972,101.2052522642317,100.3086678688784,100.89982604980469,613900,0.0,0.0
2013-11-06 00:00:00-05:00,100.8505651232774,101.81610949951217,100.45646215635166,101.6387710571289,422000,0.0,0.0
2013-11-07 00:00:00-05:00,102.00331320717838,103.61912865559258,101.3628968060277,102.79151916503906,898800,0.0,0.0
2013-11-08 00:00:00-05:00,102.44668194573731,103.47133916799585,102.13140106576026,103.42208099365234,507800,0.0,0.0
2013-11-11 00:00:00-05:00,103.10679751665464,104.45659022651644,103.10679751665464,104.1019058227539,733500,0.0,0.0
2013-11-12 00:00:00-05:00,103.84573860263014,104.17087411866407,102.50579300644996,103.86544036865234,776200,0.0,0.0
2013-11-13 00:00:00-05:00,103.81618472998774,104.40733544464489,103.25459042353009,103.87529754638672,557300,0.0,0.0
2013-11-14 00:00:00-05:00,104.0723328221757,105.87534867542615,103.5994153138109,105.80638122558594,816400,0.0,0.0
2013-11-15 00:00:00-05:00,105.6487460330297,106.4073879918369,104.50584825760355,104.76201629638672,767700,0.0,0.0
2013-11-18 00:00:00-05:00,104.75217036695473,105.29406289465838,102.64372810498071,103.17576599121094,801900,0.0,0.0
2013-11-19 00:00:00-05:00,102.75210695325356,103.24473379212222,101.55009626371177,102.42697143554688,704800,0.0,0.0
2013-11-20 00:00:00-05:00,102.33829644824036,103.32355007048123,101.88508068403618,102.61416625976562,400900,0.0,0.0
2013-11-21 00:00:00-05:00,102.99840947279932,103.41221416960443,102.61416118049627,103.28413391113281,470500,0.0,0.0
2013-11-22 00:00:00-05:00,103.31368911312002,103.62896995228587,102.88017514043393,103.60926818847656,309000,0.0,0.0
2013-11-25 00:00:00-05:00,104.06250159237885,104.78173260529341,103.82603528519185,104.27925109863281,515300,0.0,0.0
2013-11-26 00:00:00-05:00,104.23983283168089,104.37776773293369,103.47132871727311,103.50089263916016,745700,0.0,0.0
2013-11-27 00:00:00-05:00,103.35310326106249,104.60437201494962,99.8258935991207,100.77173614501953,1968000,0.0,0.0
2013-11-29 00:00:00-05:00,100.60424390285867,101.83581088089103,99.786481625392,100.34807586669922,388500,0.0,0.0
2013-12-02 00:00:00-05:00,100.08207251931942,100.11162892757855,98.39728959654691,98.62389373779297,1563700,0.0,0.0
2013-12-03 00:00:00-05:00,98.60418983505923,99.03769634161668,98.05244266424852,98.5253677368164,713600,0.0,0.0
2013-12-04 00:00:00-05:00,97.89479895279263,98.21007980622801,96.42677318369242,97.71745300292969,891400,0.0,0.0
2013-12-05 00:00:00-05:00,97.69775097627665,98.3184580406884,97.10659280039293,97.77656555175781,828200,0.0,0.0
2013-12-06 00:00:00-05:00,98.5056659707002,99.07710739073809,97.87509670164668,98.5253677368164,850700,0.0,0.0
2013-12-09 00:00:00-05:00,98.48594798087946,99.19533176857252,98.25934386457595,98.82093811035156,548700,0.0,0.0
2013-12-10 00:00:00-05:00,98.63373929009094,99.0081329550202,96.93910188176865,97.68789672851562,1302800,0.0,0.0
2013-12-11 00:00:00-05:00,91.21478123198956,92.04239065822598,85.72691891208177,86.9486312866211,6139800,0.0,0.0
2013-12-12 00:00:00-05:00,86.75158036125165,87.62845544241623,85.92396344874714,86.45600128173828,2891500,0.0,0.0
2013-12-13 00:00:00-05:00,86.86981593019355,88.525042427915,86.62350250801411,87.81565856933594,1715000,0.0,0.0
2013-12-16 00:00:00-05:00,88.21961091630374,88.71223773121481,88.21961091630374,88.51518249511719,1647200,0.0,0.0
2013-12-17 00:00:00-05:00,88.1900582504254,88.67283044478475,87.44126335527385,88.2294692993164,1463000,0.0,0.0
2013-12-18 00:00:00-05:00,87.72698315180983,89.20486358054607,87.6284592932718,88.78120422363281,1401500,0.0,0.0
2013-12-19 00:00:00-05:00,88.67282251496378,88.68267715552751,88.03240618231139,88.28857421875,1469200,0.0,0.0
2013-12-20 00:00:00-05:00,88.57430481250049,88.88958568044472,88.37724957197982,88.6728286743164,1564800,0.0,0.0
2013-12-23 00:00:00-05:00,88.72209113365669,90.02262560619057,88.69252721098827,89.50043487548828,1607600,0.0,0.0
2013-12-24 00:00:00-05:00,89.68762969970705,90.14084543192311,89.01765698319456,89.68762969970703,656700,0.0,0.0
2013-12-26 00:00:00-05:00,89.85512987677717,89.90439556603464,88.9782547295938,89.36250305175781,285200,0.0,0.0
2013-12-27 00:00:00-05:00,90.02262773941713,90.32805396223135,89.60881549802745,89.62852478027344,355000,0.0,0.0
2013-12-30 00:00:00-05:00,89.52014573232474,90.20982026895118,89.04722068086039,89.77631378173828,491200,0.0,0.0
2013-12-31 00:00:00-05:00,90.00291950170497,90.63348123689741,89.84528282635127,90.02262878417969,361700,0.0,0.0
2014-01-02 00:00:00-05:00,90.02262546994992,90.2787859975801,88.72209099938425,88.8994369506836,1060300,0.0,0.0
2014-01-03 00:00:00-05:00,89.00781339736633,90.49554855144508,88.98811163129616,89.43147277832031,546900,0.0,0.0
2014-01-06 00:00:00-05:00,89.80587563905439,90.06204370401677,88.6432759803964,89.01766967773438,928500,0.0,0.0
2014-01-07 00:00:00-05:00,88.83046224992667,90.85022748486635,88.38709364941215,90.82067108154297,1370200,0.0,0.0
2014-01-08 00:00:00-05:00,90.92905386130579,91.32315679694817,89.00780486888227,90.35760498046875,1744400,0.0,0.0
2014-01-09 00:00:00-05:00,90.35761439747671,92.11136475112725,90.21967948315962,91.2049331665039,1294800,0.0,0.0
2014-01-10 00:00:00-05:00,90.94876233113388,91.37242170273036,90.26894242183818,90.6236343383789,1176000,0.0,0.0
2014-01-13 00:00:00-05:00,90.3773206254843,90.64333580356369,89.22456814210348,89.36250305175781,1149400,0.0,0.0
2014-01-14 00:00:00-05:00,89.5792590915472,89.80587073604366,88.60386009325532,89.62852478027344,1568900,0.0,0.0
2014-01-15 00:00:00-05:00,90.00291549604884,90.21967249229094,89.64822359617786,89.73690032958984,891800,0.0,0.0
2014-01-16 00:00:00-05:00,89.73689872668064,90.3477511413006,89.73689872668064,90.15070343017578,726800,0.0,0.0
2014-01-17 00:00:00-05:00,90.22952444332495,90.97831175016351,89.98321104891768,90.44628143310547,935400,0.0,0.0
2014-01-21 00:00:00-05:00,90.44627821617067,90.70243872508374,89.52013748073546,89.92408752441406,776400,0.0,0.0
2014-01-22 00:00:00-05:00,90.33791029354718,90.63348188076846,89.9142509199967,90.50540161132812,710700,0.0,0.0
2014-01-23 00:00:00-05:00,90.22952606306443,90.43642841605413,89.15559573538836,90.00291442871094,599000,0.0,0.0
2014-01-24 00:00:00-05:00,89.84528509056527,90.00292176989161,88.65312904502046,88.77135467529297,771700,0.0,0.0
2014-01-27 00:00:00-05:00,88.80090679835486,89.28368648830424,88.3476910314362,88.57430267333984,691600,0.0,0.0
2014-01-28 00:00:00-05:00,88.48562698160292,89.75660507892229,88.21961180629827,88.9684066772461,861900,0.0,0.0
2014-01-29 00:00:00-05:00,88.53489409118791,89.22456864333384,87.78609920822316,87.92403411865234,817200,0.0,0.0
2014-01-30 00:00:00-05:00,88.68268433298505,89.8748403634791,87.2836184183483,87.74668884277344,1136000,0.0,0.0
2014-01-31 00:00:00-05:00,88.86987962983669,88.86987962983669,87.59890898747953,88.50534057617188,1665400,0.0,0.0
2014-02-03 00:00:00-05:00,88.67282662552734,88.958551080014,86.51511877223514,86.56438446044922,1731000,0.0,0.0
2014-02-04 00:00:00-05:00,86.74173129778006,88.18020070899512,85.96338002078016,87.64816284179688,1447500,0.0,0.0
2014-02-05 00:00:00-05:00,86.95847658529476,87.94373009175936,86.38702774749224,87.42154693603516,1097600,0.0,0.0
2014-02-06 00:00:00-05:00,87.42155614179073,89.14574995966665,86.9190746958524,88.98810577392578,1230200,0.0,0.0
2014-02-07 00:00:00-05:00,86.70230702103684,90.0423157469735,86.2293820389461,87.8353500366211,2286800,0.0,0.0
2014-02-10 00:00:00-05:00,89.22456318638493,90.05218011523208,88.7516456700909,90.00291442871094,1951200,0.0,0.0
2014-02-11 00:00:00-05:00,89.80587335986456,90.51525720367124,89.80587335986456,90.2689437866211,1614900,0.0,0.0
2014-02-12 00:00:00-05:00,90.59407170109809,90.99802931279608,89.54970521916894,89.63838195800781,998000,0.0,0.0
2014-02-13 00:00:00-05:00,88.9979673633318,90.56451711777626,88.61371902669866,90.45613861083984,857000,0.0,0.0
2014-02-14 00:00:00-05:00,90.37731091458579,91.7763691432609,90.29848882699869,90.58421325683594,863600,0.0,0.0
2014-02-18 00:00:00-05:00,90.45612897268913,91.43153543118693,90.43642720847679,90.98816680908203,884100,0.0,0.0
2014-02-19 00:00:00-05:00,90.84038839636037,91.23449138087972,90.54481679563777,90.73200988769531,931600,0.0,0.0
2014-02-20 00:00:00-05:00,90.8403785897199,91.83548682690461,90.39701747805428,91.32315826416016,761400,0.0,0.0
2014-02-21 00:00:00-05:00,91.36258112057085,92.37739125343992,91.06700199665839,92.18033599853516,1598300,0.0,0.0
2014-02-24 00:00:00-05:00,92.37738800048828,93.25426318249067,92.1212199365774,92.37738800048828,817600,0.0,0.0
2014-02-25 00:00:00-05:00,92.26900418919011,92.27885883024418,90.88964760027967,91.75666809082031,730700,0.0,0.0
2014-02-26 00:00:00-05:00,91.697550580128,92.3970797213524,91.29360052027201,91.67784881591797,537200,0.0,0.0
2014-02-27 00:00:00-05:00,90.95862023523921,91.94387392388647,90.74186322103456,91.7172622680664,769700,0.0,0.0
2014-02-28 00:00:00-05:00,92.0522431468948,93.30351189784665,91.69755125340374,92.1606216430664,957800,0.0,0.0
2014-03-03 00:00:00-05:00,91.70741167977272,92.59414146944343,91.13596275788618,91.31330871582031,534700,0.0,0.0
2014-03-04 00:00:00-05:00,92.41679144641053,92.73207230032656,91.5990291476354,91.68769836425781,606500,0.0,0.0
2014-03-05 00:00:00-05:00,91.72712018758827,92.2296016914837,91.43154858056518,92.18033599853516,525600,0.0,0.0
2014-03-06 00:00:00-05:00,92.47590822670558,93.09661532036964,92.24929657968542,92.6631088256836,520400,0.0,0.0
2014-03-07 00:00:00-05:00,93.09661299175558,94.07201949340126,92.79118677317952,93.91437530517578,1030800,0.0,0.0
2014-03-10 00:00:00-04:00,93.26411067065514,93.50056943318826,91.53006220600574,92.2295913696289,1196500,0.0,0.0
2014-03-11 00:00:00-04:00,92.5547306577653,93.9143779941407,92.15077305153785,93.8651123046875,1237100,0.0,0.0
2014-03-12 00:00:00-04:00,93.60894415328909,95.14593732304277,93.59908951282219,94.5547866821289,1486300,0.0,0.0
2014-03-13 00:00:00-04:00,94.73213047284914,95.66811833994724,94.397140356583,94.45626068115234,1383900,0.0,0.0
2014-03-14 00:00:00-04:00,94.1803918088315,94.46611626636513,93.74688531885698,94.21980285644531,944600,0.0,0.0
2014-03-17 00:00:00-04:00,94.36758622758045,95.12623568992278,94.21979668792652,94.52523040771484,832400,0.0,0.0
2014-03-18 00:00:00-04:00,94.51538810980618,96.68294325149299,94.51538810980618,96.55486297607422,765800,0.0,0.0
2014-03-19 00:00:00-04:00,96.56471157971468,97.10659657280807,96.10164116516427,96.8011703491211,1045500,0.0,0.0
2014-03-20 00:00:00-04:00,96.49574419256736,97.22482978359612,95.20505680886345,95.4809341430664,992100,0.0,0.0
2014-03-21 00:00:00-04:00,96.33809946882292,96.39721228166655,95.00800856162019,95.59915924072266,1565700,0.0,0.0
2014-03-24 00:00:00-04:00,95.56960610042695,95.57946074186725,93.33308357437389,93.45130920410156,1306500,0.0,0.0
2014-03-25 00:00:00-04:00,93.56953779773664,94.01289892141992,92.08180272198011,93.31336975097656,1690200,0.0,0.0
2014-03-26 00:00:00-04:00,96.29869496731295,100.49587785295967,96.06223618297615,97.1854248046875,4225100,0.0,0.0
2014-03-27 00:00:00-04:00,97.35290634892614,97.35290634892614,95.02770723871747,96.42677307128906,1800700,0.0,0.0
2014-03-28 00:00:00-04:00,96.90954201202175,97.68789323648052,96.42676986612796,96.5942611694336,805800,0.0,0.0
2014-03-31 00:00:00-04:00,96.98836853648558,97.39231861098008,96.49574172761174,96.76175689697266,654800,0.0,0.0
2014-04-01 00:00:00-04:00,98.68300832890186,101.13628779121355,98.26919608668608,100.76188659667969,2425500,0.0,0.0
2014-04-02 00:00:00-04:00,101.2643583606402,101.39244613256193,99.68795418877605,100.63379669189453,1524200,0.0,0.0
2014-04-03 00:00:00-04:00,101.0673220627277,101.28407907023502,100.15103585992144,100.97864532470703,1455000,0.0,0.0
2014-04-04 00:00:00-04:00,101.30377194461356,101.45156148375071,99.77662590167661,99.98353576660156,2083800,0.0,0.0
2014-04-07 00:00:00-04:00,100.01311322509048,100.22987025920334,97.54997877724392,97.87510681152344,1287500,0.0,0.0
2014-04-08 00:00:00-04:00,98.25935820953548,99.19534625017766,97.7076110069529,99.0278549194336,1248500,0.0,0.0
2014-04-09 00:00:00-04:00,99.14606889301673,99.51061543782926,98.23963736832937,99.40223693847656,876300,0.0,0.0
2014-04-10 00:00:00-04:00,99.18548213880854,99.5007630029459,98.01303541864486,98.18052673339844,1157700,0.0,0.0
2014-04-11 00:00:00-04:00,96.98836638238646,98.99828461997832,96.5154413489402,97.98346710205078,1141900,0.0,0.0
2014-04-14 00:00:00-04:00,98.6731544288549,99.5598842161361,97.72731182805121,99.2643051147461,886300,0.0,0.0
2014-04-15 00:00:00-04:00,99.54017182665132,100.26925739926313,98.89975547155551,100.0623550415039,1223100,0.0,0.0
2014-04-16 00:00:00-04:00,100.5155693192436,100.94908331017757,99.4120900941585,100.44660186767578,788800,0.0,0.0
2014-04-17 00:00:00-04:00,100.08206272112892,100.19044121872805,98.8997538882897,99.8160400390625,697100,0.0,0.0
2014-04-21 00:00:00-04:00,99.63869769587323,100.1313245148288,98.7125643877211,99.55988311767578,628200,0.0,0.0
2014-04-22 00:00:00-04:00,99.53031911164194,100.23970293305065,98.77167711851185,98.8997573852539,717000,0.0,0.0
2014-04-23 00:00:00-04:00,98.41698978469472,99.23475214556477,98.10170890683855,98.37757873535156,837200,0.0,0.0
2014-04-24 00:00:00-04:00,99.09681503127513,99.49091799906819,98.36772190994687,98.93917083740234,822500,0.0,0.0
2014-04-25 00:00:00-04:00,98.5253620051543,99.68796157749067,97.91450205464245,98.02288055419922,887000,0.0,0.0
2014-04-28 00:00:00-04:00,96.1213344453935,99.84559168155995,93.7173208820522,97.72730255126953,1897300,0.0,0.0
2014-04-29 00:00:00-04:00,97.7962816989483,98.64360045918546,96.70264952043031,97.32335662841797,1161200,0.0,0.0
2014-04-30 00:00:00-04:00,96.93911111138537,98.50566840591073,96.78147442789174,97.24453735351562,1085200,0.0,0.0
2014-05-01 00:00:00-04:00,97.18542300668274,98.37757906497357,96.89969853565432,97.6583480834961,781000,0.0,0.0
2014-05-02 00:00:00-04:00,97.54011327044707,97.62878249258623,96.58441600842833,96.7814712524414,608000,0.0,0.0
2014-05-05 00:00:00-04:00,96.20016502600954,96.89969420996637,95.87502952002026,96.8011703491211,649400,0.0,0.0
2014-05-06 00:00:00-04:00,96.56470918017854,96.89969180210625,95.94399459018882,96.76175689697266,632900,0.0,0.0
2014-05-07 00:00:00-04:00,96.99820616060528,97.53024396410845,96.35779738530107,97.26422882080078,626500,0.0,0.0
2014-05-08 00:00:00-04:00,97.34305760942894,98.47609322337853,97.13614774085706,97.50069427490234,838800,0.0,0.0
2014-05-09 00:00:00-04:00,97.41203310972739,99.00813924514995,97.2642435557726,98.70271301269531,871600,0.0,0.0
2014-05-12 00:00:00-04:00,98.76182182543361,99.43179459490915,98.13126010320825,98.41698455810547,1292900,0.0,0.0
2014-05-13 00:00:00-04:00,98.53522333383998,98.53522333383998,97.855395884459,98.28890991210938,787100,0.0,0.0
2014-05-14 00:00:00-04:00,98.30861236824198,98.45640192569519,97.79628375487854,98.11156463623047,707500,0.0,0.0
2014-05-15 00:00:00-04:00,97.83569549365197,98.07215427710884,96.66324118432591,97.93421936035156,1292300,0.0,0.0
2014-05-16 00:00:00-04:00,98.00319461362092,98.12142025630808,97.4416002601875,97.87510681152344,690800,0.0,0.0
2014-05-19 00:00:00-04:00,97.62877613024378,98.84064137205932,97.54010691388308,98.4071273803711,1028800,0.0,0.0
2014-05-20 00:00:00-04:00,98.20023145506315,98.23964250387787,97.5401133004167,98.07215118408203,806300,0.0,0.0
2014-05-21 00:00:00-04:00,98.20022859848646,99.32341714792192,98.20022859848646,98.81108856201172,412400,0.0,0.0
2014-05-22 00:00:00-04:00,98.78153215548271,99.28400610025363,98.44654200874668,98.81108856201172,760100,0.0,0.0
2014-05-23 00:00:00-04:00,98.95887888902821,99.33327256948526,98.11156014972494,99.2643051147461,461200,0.0,0.0
2014-05-27 00:00:00-04:00,99.31356772094541,99.68796138978014,98.96872294106585,99.40223693847656,494600,0.0,0.0
2014-05-28 00:00:00-04:00,99.51061651223246,99.52047115324962,98.38742797671281,99.13622283935547,482300,0.0,0.0
2014-05-29 00:00:00-04:00,99.48105160571427,101.3924458877337,99.07709404430274,101.3825912475586,872800,0.0,0.0
2014-05-30 00:00:00-04:00,101.17570028079139,101.17570028079139,100.51557461882246,101.06732177734375,697700,0.0,0.0
2014-06-02 00:00:00-04:00,101.20525592987792,101.23481233661705,100.40720288036593,100.58454132080078,512800,0.0,0.0
2014-06-03 00:00:00-04:00,100.46631405564258,101.44171304657338,100.39734660207958,101.02790832519531,842100,0.0,0.0
2014-06-04 00:00:00-04:00,100.80129489358825,102.93930094987789,100.80129489358825,102.8210678100586,1049100,0.0,0.0
2014-06-05 00:00:00-04:00,102.67327959481482,103.82602453465661,102.05257251572046,103.12649536132812,832900,0.0,0.0
2014-06-06 00:00:00-04:00,103.2545956602332,103.44178876062008,101.79641680769545,101.9146499633789,796100,0.0,0.0
2014-06-09 00:00:00-04:00,101.96389437574446,102.23976418487467,101.29392161776173,101.50082397460938,454100,0.0,0.0
2014-06-10 00:00:00-04:00,101.43185262190404,101.94418869077771,101.06731360966634,101.21510314941406,491800,0.0,0.0
2014-06-11 00:00:00-04:00,100.88011812264037,100.88011812264037,99.78648599688621,100.54513549804688,482800,0.0,0.0
2014-06-12 00:00:00-04:00,100.15103603622521,101.41215951824552,99.52047429521505,100.28897094726562,571200,0.0,0.0
2014-06-13 00:00:00-04:00,100.17073273416523,100.43675541834806,99.65840416434747,100.26925659179688,380100,0.0,0.0
2014-06-16 00:00:00-04:00,100.0722100968265,100.1510321906484,99.1362221625794,99.31356811523438,496900,0.0,0.0
2014-06-17 00:00:00-04:00,99.53032061794323,99.66826304476142,98.24949538047223,98.51551055908203,867000,0.0,0.0
2014-06-18 00:00:00-04:00,98.6435920331099,99.1953316375252,98.13125595739137,98.85049438476562,713000,0.0,0.0
2014-06-19 00:00:00-04:00,99.21503379518646,99.50075823914517,98.58447209710116,99.42194366455078,1632700,0.0,0.0
2014-06-20 00:00:00-04:00,99.54017695433105,100.76188939889167,99.00813907116215,100.71263122558594,1733300,0.0,0.0
2014-06-23 00:00:00-04:00,101.02790578826209,101.17569533272557,100.10176499205359,101.01805114746094,1101000,0.0,0.0
2014-06-24 00:00:00-04:00,100.93922262684661,101.33332554802256,100.09190397722912,100.69290924072266,459400,0.0,0.0
2014-06-25 00:00:00-04:00,100.64365750251396,101.67816928018402,99.6091382079554,99.69781494140625,1007100,0.0,0.0
2014-06-26 00:00:00-04:00,99.65840689527273,99.6682615363725,98.24949389355507,98.8997573852539,664900,0.0,0.0
2014-06-27 00:00:00-04:00,98.41697776768062,100.23969535513,97.90464922255462,100.2199935913086,1556700,0.0,0.0
2014-06-30 00:00:00-04:00,100.00324670220544,101.3234830013003,99.97369029504495,100.88997650146484,1299700,0.0,0.0
2014-07-01 00:00:00-04:00,101.62890866868787,103.21516753989981,100.26925391228431,102.98855590820312,1042800,0.0,0.0
2014-07-02 00:00:00-04:00,102.9885681354624,103.76691946107228,102.22007145158886,103.75706481933594,836200,0.0,0.0
2014-07-03 00:00:00-04:00,103.73736324698801,104.4270378320404,103.7275086052332,104.35807037353516,603600,0.0,0.0
2014-07-07 00:00:00-04:00,103.67824410441919,104.24968550421562,102.81121608823788,103.37281036376953,639900,0.0,0.0
2014-07-08 00:00:00-04:00,103.26442557139251,103.45162615746264,102.29888127004696,102.35799407958984,664600,0.0,0.0
2014-07-09 00:00:00-04:00,102.33829525191649,102.93930055580883,101.58950040303795,102.90973663330078,633000,0.0,0.0
2014-07-10 00:00:00-04:00,102.0624273956623,102.77181126389902,101.79641220351813,102.43682861328125,562100,0.0,0.0
2014-07-11 00:00:00-04:00,102.33829976957634,103.19546563793607,101.66832698403337,103.04767608642578,473200,0.0,0.0
2014-07-14 00:00:00-04:00,103.7373562358918,104.38761972686606,103.28414046536095,103.55015563964844,793700,0.0,0.0
2014-07-15 00:00:00-04:00,103.80632609944956,105.26449730511315,103.43193241516056,103.58956909179688,549700,0.0,0.0
2014-07-16 00:00:00-04:00,104.34821120148334,105.15611884365144,104.00336643188086,104.8506851196289,652800,0.0,0.0
2014-07-17 00:00:00-04:00,105.22509524774374,105.83594771398921,103.63883623339645,103.86544036865234,1492700,0.0,0.0
2014-07-18 00:00:00-04:00,103.4516250743385,104.61422459013515,100.1411724706086,101.9638900756836,1875800,0.0,0.0
2014-07-21 00:00:00-04:00,102.31859190902922,103.451635130503,101.55009525076201,103.35311126708984,894400,0.0,0.0
2014-07-22 00:00:00-04:00,103.71765013064068,104.50585607033496,103.36296572635608,104.04278564453125,522500,0.0,0.0
2014-07-23 00:00:00-04:00,103.96395579300403,104.19056742675315,103.09693533751843,104.07233428955078,499100,0.0,0.0
2014-07-24 00:00:00-04:00,104.28908700256186,105.00832540313701,103.7176381382022,104.535400390625,606000,0.0,0.0
2014-07-25 00:00:00-04:00,104.50584920861469,104.99847600935614,103.24472580141875,104.4959945678711,474300,0.0,0.0
2014-07-28 00:00:00-04:00,104.25953459781427,104.49599335469617,103.7373513977929,104.1610107421875,419300,0.0,0.0
2014-07-29 00:00:00-04:00,104.14130778378457,104.91965906920316,103.72750305489535,103.8260269165039,400700,0.0,0.0
2014-07-30 00:00:00-04:00,104.24967941707192,104.67333875927154,103.65852876948571,104.30879974365234,531400,0.0,0.0
2014-07-31 00:00:00-04:00,103.96396587302365,104.12161007124483,102.14124805320358,102.16095733642578,651200,0.0,0.0
2014-08-01 00:00:00-04:00,101.80626210950112,102.80136289020383,100.6929206670736,101.69788360595703,697200,0.0,0.0
2014-08-04 00:00:00-04:00,101.6880306284558,102.66342965942283,101.14614561875811,102.57476043701172,437900,0.0,0.0
2014-08-05 00:00:00-04:00,102.52548903307785,102.75210067253698,101.14613998206943,101.41215515136719,465400,0.0,0.0
2014-08-06 00:00:00-04:00,101.0377588249192,101.86536823375337,100.70276869499463,101.43185424804688,473200,0.0,0.0
2014-08-07 00:00:00-04:00,101.54023381787721,102.12153735184584,100.3382232207213,100.50572204589844,443400,0.0,0.0
2014-08-08 00:00:00-04:00,100.4663042395325,101.7471293258289,100.36778038933862,101.61904907226562,543400,0.0,0.0
2014-08-11 00:00:00-04:00,101.69789008800583,102.14125125484424,101.17570681958615,101.33334350585938,490300,0.0,0.0
2014-08-12 00:00:00-04:00,101.36288732009146,101.74713562144457,101.09687215641945,101.31362915039062,353500,0.0,0.0
2014-08-13 00:00:00-04:00,101.6781625589019,102.48607016291474,101.30376891890648,102.13138580322266,914700,0.0,0.0
2014-08-14 00:00:00-04:00,102.2102030929137,103.7964619395723,102.2102030929137,103.40235900878906,632900,0.0,0.0
2014-08-15 00:00:00-04:00,103.63883420011256,103.89499473782068,102.00330952746351,102.4171142578125,463800,0.0,0.0
2014-08-18 00:00:00-04:00,102.88017688382853,104.12159849771957,102.55504139880426,103.79646301269531,548700,0.0,0.0
2014-08-19 00:00:00-04:00,103.70779978126818,104.43688536683612,103.45163173129994,104.23983764648438,350100,0.0,0.0
2014-08-20 00:00:00-04:00,103.84573082137595,104.75216232825782,103.45162787846127,104.58467102050781,439700,0.0,0.0
2014-08-21 00:00:00-04:00,104.63393677130918,105.35317525800573,104.25954308270309,105.24479675292969,389500,0.0,0.0
2014-08-22 00:00:00-04:00,105.04774369855336,105.04774369855336,104.22012674875012,104.65364074707031,475200,0.0,0.0
2014-08-25 00:00:00-04:00,104.9295053365449,105.7768240091582,104.43687855092732,105.35316467285156,347000,0.0,0.0
2014-08-26 00:00:00-04:00,105.42213655591081,105.69800636475682,104.43688294323874,104.86054229736328,360100,0.0,0.0
2014-08-27 00:00:00-04:00,105.10685046425273,106.08224938747625,104.13145154102921,104.21026611328125,594400,0.0,0.0
2014-08-28 00:00:00-04:00,104.1314632031732,104.4270347952191,103.45163576275631,103.83588409423828,423700,0.0,0.0
2014-08-29 00:00:00-04:00,103.74721049404936,105.73741952398143,103.74721049404936,105.64875030517578,420300,0.0,0.0
2014-09-02 00:00:00-04:00,105.6684495438188,106.0921088962784,104.76201802777587,104.97877502441406,482200,0.0,0.0
2014-09-03 00:00:00-04:00,105.25464148981698,106.66355440633676,105.25464148981698,106.52561950683594,598700,0.0,0.0
2014-09-04 00:00:00-04:00,106.52561494730786,107.0773545216955,105.85564224259946,106.38768005371094,582500,0.0,0.0
2014-09-05 00:00:00-04:00,106.21033411667378,106.71280800753912,106.10195562643507,106.38768005371094,455800,0.0,0.0
2014-09-08 00:00:00-04:00,106.38769464750719,106.79164474362797,106.01329344191006,106.53547668457031,369600,0.0,0.0
2014-09-09 00:00:00-04:00,106.62415300432471,107.16603801083238,106.239904675694,106.6537094116211,385800,0.0,0.0
2014-09-10 00:00:00-04:00,106.76208190523421,106.9394278559162,105.1856776307768,105.57978057861328,343600,0.0,0.0
2014-09-11 00:00:00-04:00,105.16597289415628,105.6881561279297,104.73246639800054,105.68815612792969,311100,0.0,0.0
2014-09-12 00:00:00-04:00,105.44184115665223,105.65859815997204,104.54526425378873,104.78172302246094,559300,0.0,0.0
2014-09-15 00:00:00-04:00,105.05758450043615,105.25463972276356,104.04277453533639,104.29894256591797,312700,0.0,0.0
2014-09-16 00:00:00-04:00,104.49600369326286,105.85565859285335,104.04278789902907,105.43199920654297,415200,0.0,0.0
2014-09-17 00:00:00-04:00,105.29406262946544,105.73742377509615,104.3088089574959,104.55512237548828,432300,0.0,0.0
2014-09-18 00:00:00-04:00,104.58467130078655,105.10685450687033,103.85558574041798,104.4959945678711,435800,0.0,0.0
2014-09-19 00:00:00-04:00,105.0083381625676,105.18568412419768,104.41718746276366,104.55512237548828,541800,0.0,0.0
2014-09-22 00:00:00-04:00,104.35806565351993,104.47629879856242,102.70283920736927,102.9590072631836,498200,0.0,0.0
2014-09-23 00:00:00-04:00,102.79151158610642,102.89003544435246,101.30377652085909,101.44171142578125,666300,0.0,0.0
2014-09-24 00:00:00-04:00,101.23480308736369,102.3974025865121,101.11656995432062,102.34813690185547,522100,0.0,0.0
2014-09-25 00:00:00-04:00,102.18065520572137,102.19050984695662,100.52542877197266,100.52542877197266,402200,0.0,0.0
2014-09-26 00:00:00-04:00,100.77173920760653,101.4614212528122,100.2594106318408,101.2939224243164,705600,0.0,0.0
2014-09-29 00:00:00-04:00,100.33821646908132,101.88507173636586,100.05249955858542,101.61904907226562,547700,0.0,0.0
2014-09-30 00:00:00-04:00,101.49097918160375,101.49097918160375,100.2397028540252,100.24955749511719,405700,0.0,0.0
2014-10-01 00:00:00-04:00,100.3776476289217,100.95895124027243,99.60915091975414,99.68797302246094,736700,0.0,0.0
2014-10-02 00:00:00-04:00,99.68797432757681,101.05747643325661,99.24461314860318,100.65352630615234,551100,0.0,0.0
2014-10-03 00:00:00-04:00,101.25451501334892,101.42201384785939,100.05251186610371,101.0082015991211,809000,0.0,0.0
2014-10-06 00:00:00-04:00,101.49097538822977,101.62891029080734,99.29385655393537,99.90471649169922,467000,0.0,0.0
2014-10-07 00:00:00-04:00,99.52046713930424,99.52046713930424,97.43172682434115,97.50069427490234,973900,0.0,0.0
2014-10-08 00:00:00-04:00,97.65834686854465,99.39238792254618,97.03763224314376,99.27416229248047,911900,0.0,0.0
2014-10-09 00:00:00-04:00,99.38253168212269,99.58943403264857,96.94895412796991,96.98836517333984,570900,0.0,0.0
2014-10-10 00:00:00-04:00,97.25438820262828,98.65344660046543,97.14600969831382,97.5893783569336,624000,0.0,0.0
2014-10-13 00:00:00-04:00,97.32335662841795,99.15592906177842,97.26424381343503,97.32335662841797,686000,0.0,0.0
2014-10-14 00:00:00-04:00,97.54010709077396,98.26919265520854,96.2592743949478,96.3676528930664,575600,0.0,0.0
2014-10-15 00:00:00-04:00,96.47602458168123,97.2051176115432,94.20009131560819,96.82086181640625,960600,0.0,0.0
2014-10-16 00:00:00-04:00,95.08683204661051,96.81102593738133,95.08683204661051,96.56471252441406,826300,0.0,0.0
2014-10-17 00:00:00-04:00,97.1657152785522,97.88494621589953,96.81102337192743,97.21497344970703,417000,0.0,0.0
2014-10-20 00:00:00-04:00,96.82086954262824,97.53025334889246,96.65337823195156,97.48099517822266,449200,0.0,0.0
2014-10-21 00:00:00-04:00,97.9440618290461,99.97368179498413,97.89479614337472,99.80619049072266,438600,0.0,0.0
2014-10-22 00:00:00-04:00,99.7372264003031,101.13628472459006,99.35297057627785,99.57958221435547,909700,0.0,0.0
2014-10-23 00:00:00-04:00,100.14118305299066,102.33830205846571,99.89486963392744,101.16584777832031,611100,0.0,0.0
2014-10-24 00:00:00-04:00,101.59935783875439,102.35799983244979,100.92938506435678,102.20036315917969,494700,0.0,0.0
2014-10-27 00:00:00-04:00,102.18064328694751,102.22005433040265,101.15597870777765,101.61904907226562,568000,0.0,0.0
2014-10-28 00:00:00-04:00,102.49593558665477,107.3335345964315,102.05257445272768,105.92462158203125,1434300,0.0,0.0
2014-10-29 00:00:00-04:00,106.2793088244254,106.47635653820093,104.38761619449346,105.12655639648438,855600,0.0,0.0
2014-10-30 00:00:00-04:00,105.12655385081223,105.8359376302477,104.71274915177096,105.80638122558594,955000,0.0,0.0
2014-10-31 00:00:00-04:00,107.69807701024632,107.85572120664784,106.64385587670043,107.67837524414062,901200,0.0,0.0
2014-11-03 00:00:00-05:00,103.24472891521344,103.45163127573828,98.18052585220934,99.73722839355469,8323600,0.0,0.0
2014-11-04 00:00:00-05:00,99.56972767811585,101.45156568617804,98.64359439381033,100.8702621459961,3612000,0.0,0.0
2014-11-05 00:00:00-05:00,101.03777185035642,101.4121655573486,99.65841514092257,100.7027816772461,1619300,0.0,0.0
2014-11-06 00:00:00-05:00,100.70277134405511,101.44171155719043,100.41704689294949,101.41215515136719,1285100,0.0,0.0
2014-11-07 00:00:00-05:00,101.22496121580954,101.39246005463794,98.57463392187996,99.0376968383789,1978500,0.0,0.0
2014-11-10 00:00:00-05:00,99.44165532920418,99.81604902568866,98.7815371603148,99.49092102050781,1189300,0.0,0.0
2014-11-11 00:00:00-05:00,99.51062101093711,99.58944310886052,98.19038469672051,98.6140365600586,1118200,0.0,0.0
2014-11-12 00:00:00-05:00,98.13125702855099,99.40223507421402,97.54996101282372,99.21503448486328,1870400,0.0,0.0
2014-11-13 00:00:00-05:00,98.21993042578931,99.02783804944639,97.34305535316963,98.09184265136719,1850400,0.0,0.0
2014-11-14 00:00:00-05:00,98.2494972180339,98.41698853795373,97.17556680848236,97.3824691772461,1517500,0.0,0.0
2014-11-17 00:00:00-05:00,97.3627577757108,98.76181604521024,97.0868879779941,98.60417938232422,1408900,0.0,0.0
2014-11-18 00:00:00-05:00,98.94903272258607,99.84560971098506,98.5253733166489,99.68797302246094,1201800,0.0,0.0
2014-11-19 00:00:00-05:00,99.81604139026906,100.31852283895002,99.32341458247282,99.46134948730469,939600,0.0,0.0
2014-11-20 00:00:00-05:00,99.21503474676999,99.5598795210924,98.25934506670683,99.15592193603516,991500,0.0,0.0
2014-11-21 00:00:00-05:00,100.34807857534342,100.49586812007418,98.87019816181292,98.97857666015625,1444500,0.0,0.0
2014-11-24 00:00:00-05:00,99.2544496100462,100.25941253251828,98.99828907575143,100.160888671875,1028200,0.0,0.0
2014-11-25 00:00:00-05:00,99.93426846088113,100.46630628301527,98.87019281661284,99.04753875732422,1818100,0.0,0.0
2014-11-26 00:00:00-05:00,98.94902402424574,100.9293859585512,98.69285597141246,100.64366149902344,1614900,0.0,0.0
2014-11-28 00:00:00-05:00,100.97864228221974,103.58956590117374,100.86041665760614,103.09693908691406,1132200,0.0,0.0
2014-12-01 00:00:00-05:00,103.09694907082469,103.68809980180562,101.90479296689449,102.50579833984375,1624600,0.0,0.0
2014-12-02 00:00:00-05:00,103.05752723200774,103.45163018370432,101.559945035827,103.30384063720703,1572400,0.0,0.0
2014-12-03 00:00:00-05:00,103.38265672797358,104.43687774033731,102.68312759985261,104.21026611328125,1455100,0.0,0.0
2014-12-04 00:00:00-05:00,104.21028013050687,104.27924758855926,102.43682798763584,103.24473571777344,1685700,0.0,0.0
2014-12-05 00:00:00-05:00,103.54029458233121,105.5403656536454,103.25457766046027,104.57481384277344,1412400,0.0,0.0
2014-12-08 00:00:00-05:00,104.58467670320205,105.52066466620471,103.65853586456319,103.76691436767578,1419000,0.0,0.0
2014-12-09 00:00:00-05:00,102.75210886971664,103.7767736157015,102.44668262932595,103.24473571777344,1074800,0.0,0.0
2014-12-10 00:00:00-05:00,102.82106485922635,103.45162655305582,101.86536767789123,102.26932525634766,1209600,0.0,0.0
2014-12-11 00:00:00-05:00,103.03783383823777,103.59942814704284,102.2200714624845,102.46638488769531,803500,0.0,0.0
2014-12-12 00:00:00-05:00,101.73729706212724,102.49593908800225,100.37764217344484,100.41705322265625,1219900,0.0,0.0
2014-12-15 00:00:00-05:00,100.73233117576473,101.20525623568639,99.31357102977739,99.86531066894531,1209300,0.0,0.0
2014-12-16 00:00:00-05:00,99.89485744886176,102.77179602854095,99.2051829663661,100.3973388671875,1449400,0.0,0.0
2014-12-17 00:00:00-05:00,99.70766071875853,102.44667202461403,98.41698091585825,102.0328598022461,2369100,0.0,0.0
2014-12-18 00:00:00-05:00,102.18066117371905,104.92951992157866,102.18066117371905,104.87040710449219,2071300,0.0,0.0
2014-12-19 00:00:00-05:00,105.04774532694849,105.86550013160812,103.76691259399597,104.23983764648438,2205300,0.0,0.0
2014-12-22 00:00:00-05:00,104.23983005577182,106.42708665320029,104.23983005577182,105.56006622314453,1103400,0.0,0.0
2014-12-23 00:00:00-05:00,105.97388368836606,105.99359297147468,104.75217122674806,105.55022430419922,973100,0.0,0.0
2014-12-24 00:00:00-05:00,105.65859820994028,106.88031813525001,105.07730217066106,106.10196685791016,784900,0.0,0.0
2014-12-26 00:00:00-05:00,106.40739599496607,107.37294789568486,105.79653601558162,106.6537094116211,822600,0.0,0.0
2014-12-29 00:00:00-05:00,106.34826743677155,107.18573142604419,105.9837209280089,106.80148315429688,700200,0.0,0.0
2014-12-30 00:00:00-05:00,106.54532841715287,108.22025660451108,106.45665919733581,107.96409606933594,1015000,0.0,0.0
2014-12-31 00:00:00-05:00,107.95424791725276,108.15129565106096,106.2004975289364,106.30887603759766,893700,0.0,0.0
2015-01-02 00:00:00-05:00,108.07247012701178,110.96911060857647,107.87541489626315,109.7769546508789,2068400,0.0,0.0
2015-01-05 00:00:00-05:00,110.74251302757185,112.2696516923718,110.04298383011295,110.73265838623047,3030800,0.0,0.0
2015-01-06 00:00:00-05:00,110.6735395957353,110.8410309050497,107.12662811015142,108.96904754638672,2850900,0.0,0.0
2015-01-07 00:00:00-05:00,109.27447911503168,111.27454269710151,109.17594774266524,110.88043975830078,1629700,0.0,0.0
2015-01-08 00:00:00-05:00,112.8903618220913,114.69337775455274,112.6736048225313,113.86576080322266,2019000,0.0,0.0
2015-01-09 00:00:00-05:00,113.84605995479244,114.91998280340037,112.83124240169226,114.28942108154297,2026500,0.0,0.0
2015-01-12 00:00:00-05:00,115.40275296492355,115.74759774292555,113.97413823307268,114.13177490234375,1844300,0.0,0.0
2015-01-13 00:00:00-05:00,115.14659755573167,116.32889893692499,113.15638095989335,114.1514892578125,1489000,0.0,0.0
2015-01-14 00:00:00-05:00,112.84109669808737,114.35838818570045,112.36817916658299,113.05785369873047,1604600,0.0,0.0
2015-01-15 00:00:00-05:00,113.41255002810422,114.12193386991045,112.82139933222867,113.22534942626953,1188100,0.0,0.0
2015-01-16 00:00:00-05:00,113.30416858667228,115.41261077467317,112.61449404550889,115.3140869140625,1136000,0.0,0.0
2015-01-20 00:00:00-05:00,116.18110927863927,116.75255820301113,114.95939685027335,115.50128936767578,1097500,0.0,0.0
2015-01-21 00:00:00-05:00,115.37320371260498,115.65892818006833,113.85591215274215,114.27957153320312,883200,0.0,0.0
2015-01-22 00:00:00-05:00,114.67366375754202,117.45207855689294,114.00369102139912,117.11709594726562,1027300,0.0,0.0
2015-01-23 00:00:00-05:00,117.30428983117136,117.3239991123971,115.42245938608248,115.56039428710938,990100,0.0,0.0
2015-01-26 00:00:00-05:00,115.27468293645813,115.58996381988227,114.30913100272151,115.46188354492188,936300,0.0,0.0
2015-01-27 00:00:00-05:00,114.3386831477545,114.91012452222459,113.85590347218174,114.57514190673828,1253300,0.0,0.0
2015-01-28 00:00:00-05:00,114.81161392079396,115.6195216644097,113.50122467904852,113.78694915771484,1869200,0.0,0.0
2015-01-29 00:00:00-05:00,114.19088919313434,114.51602467223167,112.87064551296102,114.40764617919922,1361400,0.0,0.0
2015-01-30 00:00:00-05:00,113.68842295620938,114.2007590856771,112.9593373286167,113.08741760253906,1301600,0.0,0.0
2015-02-02 00:00:00-05:00,111.6489379227628,113.80664571741286,111.08734367007301,113.79679107666016,1448200,0.0,0.0
2015-02-03 00:00:00-05:00,113.76723954135961,115.20570896040718,113.20564526462947,115.16629791259766,1258400,0.0,0.0
2015-02-04 00:00:00-05:00,114.85101902681924,115.69833777710787,114.08252237350838,115.32394409179688,1640900,0.0,0.0
2015-02-05 00:00:00-05:00,115.68848199964533,115.68848199964533,113.82635319894406,114.29927825927734,1172300,0.0,0.0
2015-02-06 00:00:00-05:00,114.0234066156398,114.71308115416858,113.02829833842941,113.45195770263672,674900,0.0,0.0
2015-02-09 00:00:00-05:00,113.19578783330093,113.53077797298022,111.34351373324324,111.94451904296875,1185300,0.0,0.0
2015-02-10 00:00:00-05:00,112.37802639812223,113.84605971592167,112.19083332029675,113.68841552734375,810600,0.0,0.0
2015-02-11 00:00:00-05:00,113.2450544657428,115.16629603457164,113.2450544657428,115.00865936279297,968600,0.0,0.0
2015-02-12 00:00:00-05:00,114.9889546414038,115.37320297040944,113.97414456649715,115.11703491210938,867000,0.0,0.0
2015-02-13 00:00:00-05:00,115.06777658569122,115.31409000225871,114.26972352141705,115.17615509033203,946700,0.0,0.0
2015-02-17 00:00:00-05:00,114.18104542921994,115.79686082139835,114.18104542921994,115.53084564208984,782400,0.0,0.0
2015-02-18 00:00:00-05:00,115.32393914963613,116.10228289404694,114.76234488729209,115.27467346191406,4854900,0.0,0.0
2015-02-19 00:00:00-05:00,114.08252197990628,115.53084606009777,113.83620856536729,115.41261291503906,1508800,0.0,0.0
2015-02-20 00:00:00-05:00,119.42259015197283,121.18619503045898,116.25007229887977,119.29450988769531,3015300,0.0,0.0
2015-02-23 00:00:00-05:00,121.82660957517768,122.7231864455735,120.45710766767472,121.0876693725586,2429000,0.0,0.0
2015-02-24 00:00:00-05:00,121.73793543310282,122.27982793331229,119.728017137174,120.40784454345703,1545400,0.0,0.0
2015-02-25 00:00:00-05:00,120.54578130833211,120.65415981004519,119.12702117871417,120.59504699707031,1227200,0.0,0.0
2015-02-26 00:00:00-05:00,121.44236786528624,122.73304775053838,120.62460552593141,122.67393493652344,1640300,0.0,0.0
2015-02-27 00:00:00-05:00,122.64438162618374,122.64438162618374,121.04826795547982,121.21575927734375,1416200,0.0,0.0
2015-03-02 00:00:00-05:00,121.21575042995485,122.8512750305852,120.94973526269818,121.54088592529297,830400,0.0,0.0
2015-03-03 00:00:00-05:00,121.92514505150673,122.3980701336832,120.73298897969647,122.03352355957031,1134600,0.0,0.0
2015-03-04 00:00:00-05:00,121.3832473135528,123.2453761205246,121.04826467889237,122.07292938232422,1103400,0.0,0.0
2015-03-05 00:00:00-05:00,122.52615007411343,122.60497217374275,121.18620444797172,121.46207427978516,836000,0.0,0.0
2015-03-06 00:00:00-05:00,120.69357090904896,121.16649596371545,119.18613404243813,119.90536499023438,1307600,0.0,0.0
2015-03-09 00:00:00-04:00,120.22064278020767,120.40784337243917,118.94967223187459,119.3831787109375,928600,0.0,0.0
2015-03-10 00:00:00-04:00,118.33881929915333,120.21080278176537,118.31911001622987,119.53097534179688,866300,0.0,0.0
2015-03-11 00:00:00-04:00,119.58023622068166,120.713271885854,119.25510071752794,119.4521484375,676400,0.0,0.0
2015-03-12 00:00:00-04:00,120.61475420633556,122.44732666015625,120.22065122930839,122.44732666015625,720200,0.0,0.0
2015-03-13 00:00:00-04:00,121.99411050738229,122.73305076829365,121.27487201266406,121.90544128417969,606100,0.0,0.0
2015-03-16 00:00:00-04:00,122.75274254413978,124.40796889454461,122.56554947142834,123.81681823730469,853100,0.0,0.0
2015-03-17 00:00:00-04:00,123.26508518701993,123.53110036602583,122.66407985705195,123.42272186279297,796600,0.0,0.0
2015-03-18 00:00:00-04:00,123.43257322375459,125.58042643191477,123.1370016457018,124.94001007080078,812600,0.0,0.0
2015-03-19 00:00:00-04:00,124.57547828812503,125.01883943944614,123.92520724817237,124.39813232421875,584400,0.0,0.0
2015-03-20 00:00:00-04:00,125.44248909127737,125.44248909127737,123.90549586793956,124.93016052246094,1229700,0.0,0.0
2015-03-23 00:00:00-04:00,125.14691225401106,126.73317870994501,124.4966487697011,126.28980255126953,807600,0.0,0.0
2015-03-24 00:00:00-04:00,126.36862769343112,128.24061864805464,126.11246715667906,126.21099853515625,1150500,0.0,0.0
2015-03-25 00:00:00-04:00,126.28979988137876,127.54107616927242,124.81192699066551,125.01882934570312,1245400,0.0,0.0
2015-03-26 00:00:00-04:00,123.86608604860234,124.27989076407881,122.34879457496669,123.94490814208984,1254100,0.0,0.0
2015-03-27 00:00:00-04:00,124.76266542486243,125.481903887751,124.30944965358707,125.2750015258789,1032300,0.0,0.0
2015-03-30 00:00:00-04:00,125.29470529804509,125.95482344176565,124.60503074742492,125.40308380126953,586400,0.0,0.0
2015-03-31 00:00:00-04:00,127.92533015023162,129.25542858960338,123.93505738278272,124.23062896728516,1139900,0.0,0.0
2015-04-01 00:00:00-04:00,124.02372741699219,124.02372741699219,122.88083708568253,124.02372741699219,860900,0.0,0.0
2015-04-02 00:00:00-04:00,124.38827401780152,124.60503102473278,123.0680377274222,123.36360931396484,794200,0.0,0.0
2015-04-06 00:00:00-04:00,122.39805260048549,124.61487310205011,121.67881419699154,123.97445678710938,876300,0.0,0.0
2015-04-07 00:00:00-04:00,123.82668478232999,124.32916627189061,122.6739397623578,122.72319793701172,610000,0.0,0.0
2015-04-08 00:00:00-04:00,122.68378040093218,123.9646131444438,122.1911535791029,123.74785614013672,656700,0.0,0.0
2015-04-09 00:00:00-04:00,123.71831063476372,124.50651662589755,122.9596685697312,124.2109375,449800,0.0,0.0
2015-04-10 00:00:00-04:00,124.21093750000001,124.41783988137252,123.57052107181497,124.2109375,440700,0.0,0.0
2015-04-13 00:00:00-04:00,123.87593789454553,124.5064995944412,123.21581227259266,123.33404541015625,365300,0.0,0.0
2015-04-14 00:00:00-04:00,123.02861678891095,123.29463194710328,122.33893477531055,122.63451385498047,517800,0.0,0.0
2015-04-15 00:00:00-04:00,122.65422731943616,124.74296780669725,122.65422731943616,123.55081176757812,786300,0.0,0.0
2015-04-16 00:00:00-04:00,123.35375612530882,123.78727014427645,122.68378333094473,123.63948059082031,372700,0.0,0.0
2015-04-17 00:00:00-04:00,122.9892136602093,123.46213119785531,122.00396002040993,122.57540893554688,499500,0.0,0.0
2015-04-20 00:00:00-04:00,123.1961149175015,123.59021787326398,122.59510960126366,123.50154113769531,369100,0.0,0.0
2015-04-21 00:00:00-04:00,123.93505055398661,124.51634656663428,123.66902787401455,124.05328369140625,485100,0.0,0.0
2015-04-22 00:00:00-04:00,124.2700445344098,124.92031557436246,123.18626698471112,124.39813232421875,1178700,0.0,0.0
2015-04-23 00:00:00-04:00,124.3882695279573,124.87104169703998,123.82667526521949,124.51634979248047,2730900,0.0,0.0
2015-04-24 00:00:00-04:00,124.41782643885922,126.1124638748801,123.31434719076273,125.05824279785156,1129500,0.0,0.0
2015-04-27 00:00:00-04:00,126.1124689731276,127.42285815010484,123.28478825179074,123.7577133178711,1703500,0.0,0.0
2015-04-28 00:00:00-04:00,123.53109708666085,124.0532878233242,118.48660332561735,121.63941192626953,2882700,0.0,0.0
2015-04-29 00:00:00-04:00,121.28472573264973,121.75765080347077,117.65899191265183,118.87085723876953,1266100,0.0,0.0
2015-04-30 00:00:00-04:00,119.13685858899979,119.34376093443055,116.9791584055715,117.79691314697266,1387300,0.0,0.0
2015-05-01 00:00:00-04:00,117.93486249912448,118.83144695610633,116.61462617592062,118.00382995605469,1396600,0.0,0.0
2015-05-04 00:00:00-04:00,117.57031558089982,118.80188259859075,117.11709982041619,117.43238067626953,1178200,0.0,0.0
2015-05-05 00:00:00-04:00,116.53579579322869,117.1170993319363,115.49142937198704,115.57025146484375,1260500,0.0,0.0
2015-05-06 00:00:00-04:00,115.67863024482837,116.29933731458647,114.99880284683961,115.48157501220703,991800,0.0,0.0
2015-05-07 00:00:00-04:00,115.49143531879764,117.10725072111822,115.49143531879764,116.64418029785156,836200,0.0,0.0
2015-05-08 00:00:00-04:00,117.85604046256108,118.2304341312301,116.44712748848839,116.6540298461914,722700,0.0,0.0
2015-05-11 00:00:00-04:00,116.37816101595273,116.80182037583285,115.66877720248938,115.72789001464844,854000,0.0,0.0
2015-05-12 00:00:00-04:00,114.89042530145949,115.64906728190333,114.46676594391877,114.58499908447266,939200,0.0,0.0
2015-05-13 00:00:00-04:00,115.06777528336235,115.90523938683563,114.28942399379176,114.8411636352539,1283600,0.0,0.0
2015-05-14 00:00:00-04:00,115.48157325680171,115.98405469623742,114.93968828832921,115.95449829101562,2046900,0.0,0.0
2015-05-15 00:00:00-04:00,116.24022166851933,116.28947983780704,115.42245938608248,115.56039428710938,1025300,0.0,0.0
2015-05-18 00:00:00-04:00,115.86582513742242,117.19591603170694,115.53084251204366,116.989013671875,2009200,0.0,0.0
2015-05-19 00:00:00-04:00,117.43238894185012,117.61958203023067,116.5456591233217,116.59491729736328,1937100,0.0,0.0
2015-05-20 00:00:00-04:00,116.97916357436208,118.76247019012467,116.7624065790319,117.78707122802734,1730600,0.0,0.0
2015-05-21 00:00:00-04:00,117.78707574069665,118.78217650554454,117.43238382872892,118.58512878417969,1081500,0.0,0.0
2015-05-22 00:00:00-04:00,118.65409472634148,123.600064631705,118.08264581802112,119.6294937133789,2501500,0.0,0.0
2015-05-26 00:00:00-04:00,118.97923380011954,119.74773045036868,117.75751385249845,118.05309295654297,1372600,0.0,0.0
2015-05-27 00:00:00-04:00,117.97426968694938,118.66395175056667,117.53090855217947,117.68854522705078,929800,0.0,0.0
2015-05-28 00:00:00-04:00,117.68853972953,118.07278803288509,116.74269717381836,117.15650939941406,849800,0.0,0.0
2015-05-29 00:00:00-04:00,117.32400425632638,117.71810721234863,115.95450230973778,116.21066284179688,1239800,0.0,0.0
2015-06-01 00:00:00-04:00,116.39786326075665,117.12694884231495,115.97420389913049,116.92990112304688,858400,0.0,0.0
2015-06-02 00:00:00-04:00,116.46683584108565,116.70329461799405,115.77716127639908,116.25993347167969,770600,0.0,0.0
2015-06-03 00:00:00-04:00,116.19096081847852,116.54565272642172,115.215561830079,115.63922119140625,1006100,0.0,0.0
2015-06-04 00:00:00-04:00,114.91013177083623,118.30926141125647,114.91013177083623,117.96442413330078,1952900,0.0,0.0
2015-06-05 00:00:00-04:00,117.61958326358146,118.07279906071747,116.93976332632201,117.59002685546875,1397600,0.0,0.0
2015-06-08 00:00:00-04:00,118.03338595362473,119.21568728356584,117.49149345921676,118.75261688232422,1378700,0.0,0.0
2015-06-09 00:00:00-04:00,118.57527590600544,118.66395264376018,117.82648102328628,118.14176940917969,1254800,0.0,0.0
2015-06-10 00:00:00-04:00,118.09250832114267,119.52112317016625,118.02354086326338,118.91027069091797,1235000,0.0,0.0
2015-06-11 00:00:00-04:00,119.21568753163957,119.72801610450988,119.06789798586726,119.35362243652344,903500,0.0,0.0
2015-06-12 00:00:00-04:00,118.51615545671096,119.29450669624028,118.08264147092544,118.11219787597656,710200,0.0,0.0
2015-06-15 00:00:00-04:00,117.35356834067183,117.75751844727962,116.71315193484618,117.53091430664062,941900,0.0,0.0
2015-06-16 00:00:00-04:00,117.84618056652866,119.00878008431738,117.46193227408807,118.70335388183594,950800,0.0,0.0
2015-06-17 00:00:00-04:00,119.06790717211025,119.15658391317058,117.9151621565499,118.30926513671875,632800,0.0,0.0
2015-06-18 00:00:00-04:00,118.70336234386339,119.17627988355481,118.18117159832467,118.4668960571289,686600,0.0,0.0
2015-06-19 00:00:00-04:00,118.8708456045186,119.73786604646207,118.31909848974708,119.2452392578125,780700,0.0,0.0
2015-06-22 00:00:00-04:00,120.37828344685937,120.69356429372664,118.64423503064526,118.9792251586914,638500,0.0,0.0
2015-06-23 00:00:00-04:00,118.92997295059413,119.32407593306276,117.80678433653654,118.13191986083984,846700,0.0,0.0
2015-06-24 00:00:00-04:00,117.93485153214284,117.98411721832129,116.88063049316408,116.88063049316406,861800,0.0,0.0
2015-06-25 00:00:00-04:00,117.30429878934804,120.26005978031274,116.76241378447119,119.16642761230469,1326800,0.0,0.0
2015-06-26 00:00:00-04:00,119.51125725422068,119.97432010323602,118.97921944128208,119.8265380859375,1248600,0.0,0.0
2015-06-29 00:00:00-04:00,118.92995948186763,119.53096477076882,117.53090119359102,117.62942504882812,1168100,0.0,0.0
2015-06-30 00:00:00-04:00,118.43734104388305,119.49156215475497,117.76736825736423,119.43244934082031,1242600,0.0,0.0
2015-07-01 00:00:00-04:00,119.84624533950392,121.52117342531234,118.95951561065134,120.38813781738281,1415900,0.0,0.0
2015-07-02 00:00:00-04:00,120.11227342722007,120.3290229112471,118.63439298485545,118.96937561035156,1299200,0.0,0.0
2015-07-06 00:00:00-04:00,117.71810629086494,118.45704650878908,117.40282543189285,118.45704650878906,1380700,0.0,0.0
2015-07-07 00:00:00-04:00,118.84129348499195,119.0087847951189,117.13680142737432,118.78217315673828,1376800,0.0,0.0
2015-07-08 00:00:00-04:00,118.04324008019451,118.47675410143793,116.02347456198738,116.28948974609375,1208700,0.0,0.0
2015-07-09 00:00:00-04:00,117.35356017756965,118.27970099286105,117.30429448943723,117.67869567871094,1095900,0.0,0.0
2015-07-10 00:00:00-04:00,118.8708510947458,119.42259071811199,118.36836964238668,118.48660278320312,663900,0.0,0.0
2015-07-13 00:00:00-04:00,119.25510994066057,120.56549917879681,118.89056336194086,120.35859680175781,645400,0.0,0.0
2015-07-14 00:00:00-04:00,120.48666089312708,122.36849131734871,120.25020213925849,121.91527557373047,822300,0.0,0.0
2015-07-15 00:00:00-04:00,121.80691107834502,122.16160300835743,120.40785264156784,120.94974517822266,646800,0.0,0.0
2015-07-16 00:00:00-04:00,121.10737830299628,121.98425346063699,120.46696191945594,121.86602783203125,613900,0.0,0.0
2015-07-17 00:00:00-04:00,121.45221838530121,121.62956434919322,120.42756116824633,120.49652862548828,1220000,0.0,0.0
2015-07-20 00:00:00-04:00,120.49651538325593,120.93987648581727,119.05803854705583,120.62459564208984,565500,0.0,0.0
2015-07-21 00:00:00-04:00,120.87091933362348,121.04826529313446,118.66395323951146,119.28466033935547,976500,0.0,0.0
2015-07-22 00:00:00-04:00,118.96938412691819,119.67876799273748,118.9004166686796,119.3930435180664,658900,0.0,0.0
2015-07-23 00:00:00-04:00,119.29450852062973,122.25026934115938,119.29450852062973,120.96943664550781,980000,0.0,0.0
2015-07-24 00:00:00-04:00,120.67385971533227,120.93002022957756,120.11226548504352,120.37828063964844,527800,0.0,0.0
2015-07-27 00:00:00-04:00,120.20094663166084,120.49652573669097,119.31421683345934,119.91522216796875,1152900,0.0,0.0
2015-07-28 00:00:00-04:00,120.10241832527822,120.67386723151937,116.11213813945226,120.40784454345703,2544900,0.0,0.0
2015-07-29 00:00:00-04:00,121.07781701915597,124.94986405470493,120.92018034840122,124.45723724365234,1821900,0.0,0.0
2015-07-30 00:00:00-04:00,124.40797170785117,124.88089675447068,123.04832441376405,123.76756286621094,1104200,0.0,0.0
2015-07-31 00:00:00-04:00,124.1025442397561,126.10260787222239,124.0335767874948,125.41293334960938,1265400,0.0,0.0
2015-08-03 00:00:00-04:00,125.93511629846085,126.94007167457802,125.01883013925615,125.4720458984375,1351400,0.0,0.0
2015-08-04 00:00:00-04:00,125.59028548459395,125.89571171437728,124.75282137536007,125.13706970214844,868800,0.0,0.0
2015-08-05 00:00:00-04:00,125.61983290343345,126.02379048401365,123.94490480480968,125.46218872070312,1031100,0.0,0.0
2015-08-06 00:00:00-04:00,125.62969203336874,125.73807053364659,123.02862306047774,123.64933013916016,919000,0.0,0.0
2015-08-07 00:00:00-04:00,123.70845093819268,123.73800734619692,121.52118654320955,122.90054321289062,671700,0.0,0.0
2015-08-10 00:00:00-04:00,123.60007076112068,124.02373014286587,123.08774215656064,123.34391021728516,446400,0.0,0.0
2015-08-11 00:00:00-04:00,122.97935607846732,123.34390262255619,121.64926519992031,122.65422058105469,488700,0.0,0.0
2015-08-12 00:00:00-04:00,121.85616958004829,122.3192399900702,120.67386822768952,122.12218475341797,746000,0.0,0.0
2015-08-13 00:00:00-04:00,122.35865413034644,123.0187722768182,121.75764879792024,121.9842529296875,752800,0.0,0.0
2015-08-14 00:00:00-04:00,122.18130213242732,122.84142024627229,121.51132937776553,122.23056030273438,697300,0.0,0.0
2015-08-17 00:00:00-04:00,121.95469046574354,123.00891152623488,121.04825894991497,122.92024230957031,917900,0.0,0.0
2015-08-18 00:00:00-04:00,123.54095807934641,124.66414667088145,123.08774228950675,123.3143539428711,1143700,0.0,0.0
2015-08-19 00:00:00-04:00,122.66407240444174,123.99416325243753,122.06306711098858,123.39315795898438,696300,0.0,0.0
2015-08-20 00:00:00-04:00,122.43747521397512,122.97936776114102,120.35859680175781,120.35859680175781,736600,0.0,0.0
2015-08-21 00:00:00-04:00,119.65904420873139,120.3585808649516,118.13190567082808,118.52600860595703,1448200,0.0,0.0
2015-08-24 00:00:00-04:00,114.65396238621527,116.65402596095299,113.13667096337224,113.66870880126953,2068100,0.0,0.0
2015-08-25 00:00:00-04:00,116.37814803327831,116.37814803327831,112.75241479318449,113.06769561767578,1494300,0.0,0.0
2015-08-26 00:00:00-04:00,114.89041968372274,116.17125233465163,113.3238625947593,116.06287384033203,1106000,0.0,0.0
2015-08-27 00:00:00-04:00,116.79196947747889,118.57527619238462,116.23037519330538,118.05309295654297,1010300,0.0,0.0
2015-08-28 00:00:00-04:00,117.86588554143785,118.50630188524758,117.10724357635694,117.84618377685547,717500,0.0,0.0
2015-08-31 00:00:00-04:00,117.78707005269206,118.75261436439742,115.8559663955046,116.07272338867188,667700,0.0,0.0
2015-09-01 00:00:00-04:00,113.99384039153443,115.12688355358141,113.39283508428052,114.04310607910156,1977800,0.0,0.0
2015-09-02 00:00:00-04:00,114.80174563198949,115.12688112253437,113.07755183998823,114.66381072998047,1091900,0.0,0.0
2015-09-03 00:00:00-04:00,114.99879659709774,117.90529158908706,114.91011986801523,115.78699493408203,793100,0.0,0.0
2015-09-04 00:00:00-04:00,114.52588598131494,115.48158325631127,113.9642916828074,114.67367553710938,940700,0.0,0.0
2015-09-08 00:00:00-04:00,116.03331699243334,117.12694912586264,115.13674009563783,116.84122467041016,895500,0.0,0.0
2015-09-09 00:00:00-04:00,117.5900289590089,121.35369783609887,115.51114302648361,115.7673110961914,955200,0.0,0.0
2015-09-10 00:00:00-04:00,115.45201233216353,116.26977459010075,115.12687685367455,115.78699493408203,830000,0.0,0.0
2015-09-11 00:00:00-04:00,115.21555241994263,116.77224731445311,114.29926631874102,116.77224731445312,1011300,0.0,0.0
2015-09-14 00:00:00-04:00,117.07769216595904,117.21562707458577,115.9840600212122,116.545654296875,707600,0.0,0.0
2015-09-15 00:00:00-04:00,116.94961329081127,118.60483983731594,116.20082587747747,118.17133331298828,761800,0.0,0.0
2015-09-16 00:00:00-04:00,118.47675460802323,118.9004139896256,117.59002479572882,118.12206268310547,670100,0.0,0.0
2015-09-17 00:00:00-04:00,118.32895273051521,120.03344472091553,117.71810032546179,118.67378997802734,655600,0.0,0.0
2015-09-18 00:00:00-04:00,117.37326715524965,118.55557607093658,117.24518688406137,117.63928985595703,1364100,0.0,0.0
2015-09-21 00:00:00-04:00,118.23043751022368,119.10731265374007,116.28948662506197,117.08753967285156,1478800,0.0,0.0
2015-09-22 00:00:00-04:00,116.21065426508304,116.24021818603595,115.04805476490968,115.78699493408203,1050000,0.0,0.0
2015-09-23 00:00:00-04:00,115.65892513354964,116.19096300547874,114.70322789231899,115.07762908935547,839500,0.0,0.0
2015-09-24 00:00:00-04:00,114.3386893673748,114.54559173235141,112.89036529564966,113.6095962524414,1385600,0.0,0.0
2015-09-25 00:00:00-04:00,114.11207637004811,114.2697205606734,110.51589907796253,111.32380676269531,1404900,0.0,0.0
2015-09-28 00:00:00-04:00,110.08238485115889,110.08238485115889,105.2152298025432,106.67340087890625,2186100,0.0,0.0
2015-09-29 00:00:00-04:00,106.67340627296375,108.3286326574581,104.21027221966193,105.2842025756836,1894100,0.0,0.0
2015-09-30 00:00:00-04:00,106.61430007747869,107.32368393155552,105.81624700008678,106.87046813964844,1130100,0.0,0.0
2015-10-01 00:00:00-04:00,106.69311570031681,109.04787125713281,105.7177167186082,108.55524444580078,1476700,0.0,0.0
2015-10-02 00:00:00-04:00,107.38279235922109,110.74251088724758,107.10692254210582,110.6341323852539,1040200,0.0,0.0
2015-10-05 00:00:00-04:00,111.53070495303099,112.01348463109434,110.48633853831716,111.75731658935547,833600,0.0,0.0
2015-10-06 00:00:00-04:00,111.7080499983776,111.8952505870051,107.74733385024385,108.66361999511719,775000,0.0,0.0
2015-10-07 00:00:00-04:00,108.83111367826784,110.36810691603985,107.96409320101748,110.02326965332031,761500,0.0,0.0
2015-10-08 00:00:00-04:00,109.78681328926396,110.53560815959747,108.54539159945371,110.06268310546875,894400,0.0,0.0
2015-10-09 00:00:00-04:00,110.12179601891413,111.72776426268294,109.70799129422926,110.69324493408203,623500,0.0,0.0
2015-10-12 00:00:00-04:00,110.64398835045806,111.15631694310467,108.33849089132623,110.93955993652344,1325300,0.0,0.0
2015-10-13 00:00:00-04:00,110.83118722999535,110.88045292202739,109.20551711249807,109.46168518066406,725900,0.0,0.0
2015-10-14 00:00:00-04:00,109.72769860300461,110.5257516315278,108.57494615227395,109.90504455566406,1415300,0.0,0.0
2015-10-15 00:00:00-04:00,110.00358137433943,113.88547599139545,109.69814760401,113.67857360839844,2190900,0.0,0.0
2015-10-16 00:00:00-04:00,114.09236814107972,116.43726896712161,113.88545827338373,115.67862701416016,1260000,0.0,0.0
2015-10-19 00:00:00-04:00,115.49142897900172,115.91508833055433,114.79189982027785,115.65892028808594,1152300,0.0,0.0
2015-10-20 00:00:00-04:00,115.79684942766706,116.43726574351588,114.6342499289669,115.84611511230469,530300,0.0,0.0
2015-10-21 00:00:00-04:00,116.3288982419878,116.77225937806449,112.86080869882029,114.3288345336914,1184700,0.0,0.0
2015-10-22 00:00:00-04:00,113.80664003245388,113.98398597270166,106.30885989140941,107.8951187133789,2751900,0.0,0.0
2015-10-23 00:00:00-04:00,109.11683958030493,111.20557998309135,108.29907726291843,110.29914093017578,1696600,0.0,0.0
2015-10-26 00:00:00-04:00,112.29921302292797,116.41757353250664,112.00363392462441,116.0037612915039,1885000,0.0,0.0
2015-10-27 00:00:00-04:00,115.90523153595805,119.35361909529655,115.28452448135693,118.89054870605469,1695900,0.0,0.0
2015-10-28 00:00:00-04:00,119.19599204989618,121.274870373626,118.08265059436097,120.9990005493164,1718200,0.0,0.0
2015-10-29 00:00:00-04:00,120.69357227677774,122.66407957925574,120.64430658746026,121.53103637695312,1011800,0.0,0.0
2015-10-30 00:00:00-04:00,120.76253188758143,122.07292096266654,120.08270450698015,120.93002319335938,879100,0.0,0.0
2015-11-02 00:00:00-05:00,121.45221765310139,122.78231613271726,120.86106694932158,122.62467193603516,709600,0.0,0.0
2015-11-03 00:00:00-05:00,122.50643011049715,122.82171848152717,121.33398342750539,122.23056030273438,870000,0.0,0.0
2015-11-04 00:00:00-05:00,122.49659180116005,123.07788786407633,120.90047813396592,121.27487182617188,884000,0.0,0.0
2015-11-05 00:00:00-05:00,121.7477885896671,121.75764323052037,119.65904822519501,120.13197326660156,1309000,0.0,0.0
2015-11-06 00:00:00-05:00,119.95462289857208,120.31916942783438,119.01863500796686,119.9644775390625,914000,0.0,0.0
2015-11-09 00:00:00-05:00,119.63935807593272,121.13694040482189,119.07776376298813,121.04827117919922,1020800,0.0,0.0
2015-11-10 00:00:00-05:00,120.90046254490169,122.42760855828016,120.58518170872595,122.05320739746094,927000,0.0,0.0
2015-11-11 00:00:00-05:00,122.5852558551433,122.5852558551433,119.1171663562701,119.30435943603516,593200,0.0,0.0
2015-11-12 00:00:00-05:00,119.00879601753113,119.2551094439644,117.80678529383442,117.89546203613281,344900,0.0,0.0
2015-11-13 00:00:00-05:00,117.86588272564617,118.7526124484383,117.12694254280079,117.92500305175781,401000,0.0,0.0
2015-11-16 00:00:00-05:00,117.92501129079247,119.11716730038182,117.92501129079247,119.06790161132812,495500,0.0,0.0
2015-11-17 00:00:00-05:00,117.92500437503803,122.04336467431887,117.92500437503803,121.59014892578125,899400,0.0,0.0
2015-11-18 00:00:00-05:00,122.17144961319174,122.8906880675391,121.25516344041726,122.35865020751953,662800,0.0,0.0
2015-11-19 00:00:00-05:00,121.95469994340671,122.13204590740672,117.75751713999928,118.51616668701172,1080100,0.0,0.0
2015-11-20 00:00:00-05:00,119.35362882852768,120.26006039970537,118.64424498434028,119.67876434326172,919200,0.0,0.0
2015-11-23 00:00:00-05:00,119.3142115212101,120.27976337334871,119.10730916365652,119.32406616210938,1061600,0.0,0.0
2015-11-24 00:00:00-05:00,118.23044385283795,119.50142202628265,118.03339611983888,119.3930435180664,1083200,0.0,0.0
2015-11-25 00:00:00-05:00,119.56052730535262,120.585191989506,119.32406853728298,120.02359771728516,581500,0.0,0.0
2015-11-27 00:00:00-05:00,120.48666208222087,121.32412612797368,119.99403528861471,120.26990509033203,221700,0.0,0.0
2015-11-30 00:00:00-05:00,120.41769920585853,120.99899523628793,118.98907694000144,119.74772644042969,1414200,0.0,0.0
2015-12-01 00:00:00-05:00,120.65415887437098,124.12225586851685,119.65905060130831,123.47198486328125,1125500,0.0,0.0
2015-12-02 00:00:00-05:00,123.33405432610273,124.3784208076367,121.71823891370005,122.34880065917969,1065600,0.0,0.0
2015-12-03 00:00:00-05:00,122.46703063626101,122.82172254852621,118.27970266019183,119.21569061279297,1219200,0.0,0.0
2015-12-04 00:00:00-05:00,119.41274424749714,123.11730022744054,119.41274424749714,122.90054321289062,842800,0.0,0.0
2015-12-07 00:00:00-05:00,122.63452054258428,122.92024499734303,121.87587103794138,122.87097930908203,828100,0.0,0.0
2015-12-08 00:00:00-05:00,121.06796190011558,123.53109594565178,121.0581147760932,123.2552261352539,1120600,0.0,0.0
2015-12-09 00:00:00-05:00,123.14684063468349,123.8463697618191,120.69356136953348,121.06795501708984,1102400,0.0,0.0
2015-12-10 00:00:00-05:00,120.81180574509216,122.33894439847597,120.45711382834352,120.78224182128906,528500,0.0,0.0
2015-12-11 00:00:00-05:00,119.81669270688897,120.3585852018283,118.73291523389885,119.3831787109375,796100,0.0,0.0
2015-12-14 00:00:00-05:00,119.62949269692422,120.25020728812837,115.89538057632812,117.91515350341797,1490900,0.0,0.0
2015-12-15 00:00:00-05:00,119.03834811658712,121.69853001900725,118.58513233038386,120.93988800048828,983000,0.0,0.0
2015-12-16 00:00:00-05:00,121.62956277051322,122.86112986019799,118.79203490195951,120.22064971923828,967700,0.0,0.0
2015-12-17 00:00:00-05:00,119.99403676143483,121.52117533022519,119.41273322906264,119.88565826416016,1074000,0.0,0.0
2015-12-18 00:00:00-05:00,119.71816414502024,121.35368117267885,119.4619961104876,119.9644775390625,2140500,0.0,0.0
2015-12-21 00:00:00-05:00,119.1664195219488,123.35374730819926,119.1664195219488,122.64437103271484,912400,0.0,0.0
2015-12-22 00:00:00-05:00,122.93009093713133,123.16655721823952,120.76253597852619,122.50643157958984,564200,0.0,0.0
2015-12-23 00:00:00-05:00,122.99905983889239,123.54095234337174,122.26997425577454,122.8118667602539,397300,0.0,0.0
2015-12-24 00:00:00-05:00,122.3389465178408,123.24537809106168,122.15175343184474,122.86112976074219,160600,0.0,0.0
2015-12-28 00:00:00-05:00,122.50643142916375,122.78230875678459,121.47191963891784,122.5655517578125,383800,0.0,0.0
2015-12-29 00:00:00-05:00,123.15671203312768,124.23063495394975,122.91039860906142,123.353759765625,414000,0.0,0.0
2015-12-30 00:00:00-05:00,122.98921192675267,123.68874109912414,122.17144961319174,122.35865020751953,471000,0.0,0.0
2015-12-31 00:00:00-05:00,121.93499034284834,122.8315672299348,121.41280712597874,121.81675720214844,603500,0.0,0.0
2016-01-04 00:00:00-05:00,120.06300977264203,121.54089024003852,119.93492950488096,121.07781982421875,801200,0.0,0.0
2016-01-05 00:00:00-05:00,121.34383311140024,122.16158786046627,119.7674213882009,120.20093536376953,933600,0.0,0.0
2016-01-06 00:00:00-05:00,119.00878626247828,120.50636846500578,118.23043499672322,119.05804443359375,1397100,0.0,0.0
2016-01-07 00:00:00-05:00,117.28459331516966,118.71320807554336,116.38800890148548,116.84122467041016,780600,0.0,0.0
2016-01-08 00:00:00-05:00,117.29445710634933,118.88071617977393,114.4273652039979,114.5357437133789,1420700,0.0,0.0
2016-01-11 00:00:00-05:00,115.25497701861809,116.0037643917248,112.79184285655649,113.91503143310547,1288300,0.0,0.0
2016-01-12 00:00:00-05:00,114.61454971770344,116.23036497278139,111.76716749888386,113.42239379882812,871500,0.0,0.0
2016-01-13 00:00:00-05:00,113.31401499845362,114.19089007291697,109.06756700746391,110.12178802490234,1058500,0.0,0.0
2016-01-14 00:00:00-05:00,110.42723233594829,111.02823767163609,108.76215124033236,110.04298400878906,1278700,0.0,0.0
2016-01-15 00:00:00-05:00,107.84586231825375,109.61932187348818,107.00839822929422,109.43212127685547,1609900,0.0,0.0
2016-01-19 00:00:00-05:00,110.73265241735389,110.82132915086838,106.69311412736305,108.30892944335938,1300300,0.0,0.0
2016-01-20 00:00:00-05:00,106.93942845609664,109.11683804692512,104.80142991196183,108.07247161865234,1698200,0.0,0.0
2016-01-21 00:00:00-05:00,108.35819866444751,108.90993829759493,106.97884206469021,107.39264678955078,940300,0.0,0.0
2016-01-22 00:00:00-05:00,108.30892573124564,111.67849115154023,108.30892573124564,111.29424285888672,1175600,0.0,0.0
2016-01-25 00:00:00-05:00,111.13660849047473,111.71790450324946,109.20550482997385,109.3532943725586,641200,0.0,0.0
2016-01-26 00:00:00-05:00,109.53065654636984,111.9149687947408,108.92965116320921,111.03809356689453,704100,0.0,0.0
2016-01-27 00:00:00-05:00,111.12675462980953,113.26475314129215,109.69813239731378,111.15631103515625,1256100,0.0,0.0
2016-01-28 00:00:00-05:00,111.47158793530829,112.0528914484443,107.69806497078663,108.17098999023438,752600,0.0,0.0
2016-01-29 00:00:00-05:00,108.59465738727556,110.83117984231032,107.82616075089258,110.69324493408203,861500,0.0,0.0
2016-02-01 00:00:00-05:00,109.48138995797093,111.90511307177985,109.41242250209832,110.61442565917969,859900,0.0,0.0
2016-02-02 00:00:00-05:00,109.46167668286267,110.0331255917586,107.23500137650555,107.71778106689453,1244300,0.0,0.0
2016-02-03 00:00:00-05:00,108.25966784004801,108.48627948589925,105.12656094730214,107.24485778808594,716200,0.0,0.0
2016-02-04 00:00:00-05:00,106.55518273054606,107.88527364193186,105.73742040482334,106.73252868652344,639700,0.0,0.0
2016-02-05 00:00:00-05:00,106.34828090870646,106.55518327225043,103.99352529713471,104.60437774658203,785900,0.0,0.0
2016-02-08 00:00:00-05:00,103.52060250764298,103.54030427355501,96.34795701343306,99.45150756835938,2735100,0.0,0.0
2016-02-09 00:00:00-05:00,98.58447353487969,102.1215378936479,98.16081418309159,101.01805114746094,1299100,0.0,0.0
2016-02-10 00:00:00-05:00,101.21511120512032,105.24479504276027,100.94908850902404,103.04767608642578,1065400,0.0,0.0
2016-02-11 00:00:00-05:00,102.76195343359893,103.1462017360491,99.4909117839665,99.90471649169922,1282400,0.0,0.0
2016-02-12 00:00:00-05:00,100.25940983352343,102.20036065518909,100.04265283581012,101.50082397460938,1156300,0.0,0.0
2016-02-16 00:00:00-05:00,102.05257570185769,103.35311022976971,100.9096778504468,102.9590072631836,1202200,0.0,0.0
2016-02-17 00:00:00-05:00,103.05752877370772,105.86550013160812,101.98360591907985,104.23983764648438,1444700,0.0,0.0
2016-02-18 00:00:00-05:00,104.34821550216648,108.52568878626604,103.34325259067937,107.0280990600586,2075500,0.0,0.0
2016-02-19 00:00:00-05:00,106.96898596529165,107.72762795052708,104.44673908598683,107.11677551269531,1348900,0.0,0.0
2016-02-22 00:00:00-05:00,107.69806961961308,110.2794367818776,107.55028759173926,108.93949127197266,1502900,0.0,0.0
2016-02-23 00:00:00-05:00,108.42717484394112,109.36316287076399,107.45176824941993,107.78675842285156,603400,0.0,0.0
2016-02-24 00:00:00-05:00,106.70297034127226,108.65376830468946,106.00343365431881,108.55524444580078,791200,0.0,0.0
2016-02-25 00:00:00-05:00,108.8508367388425,110.6834017836809,107.54044745774542,109.08729553222656,581500,0.0,0.0
2016-02-26 00:00:00-05:00,109.20550723218923,109.85577822711093,108.7424443466739,109.39270782470703,635500,0.0,0.0
2016-02-29 00:00:00-05:00,109.15624843101679,109.5700531434558,108.09217272741206,108.22025299072266,779900,0.0,0.0
2016-03-01 00:00:00-05:00,109.29418342329927,110.09223644320213,107.34337796511745,109.54049682617188,1097400,0.0,0.0
2016-03-02 00:00:00-05:00,109.11684505621565,109.52080267310838,107.5010296224228,108.24982452392578,829300,0.0,0.0
2016-03-03 00:00:00-05:00,108.12173891876877,110.48634930182945,108.04292433561513,110.26959228515625,1288900,0.0,0.0
2016-03-04 00:00:00-05:00,110.6538345672801,111.954369079212,108.2498207827325,110.51589965820312,1360500,0.0,0.0
2016-03-07 00:00:00-05:00,110.16120655035714,112.20068127462056,109.97401347114656,110.18091583251953,1099200,0.0,0.0
2016-03-08 00:00:00-05:00,109.43211646557599,109.62916417776589,108.58479777276028,108.69317626953125,921000,0.0,0.0
2016-03-09 00:00:00-05:00,109.13655204769111,110.19077323505364,108.37790998522586,109.5010986328125,869600,0.0,0.0
2016-03-10 00:00:00-05:00,109.8557792817469,110.37796250074271,108.85082389081573,109.78681182861328,948300,0.0,0.0
2016-03-11 00:00:00-05:00,110.41738326484597,114.92984707238014,110.1119570193599,113.78694915771484,1517400,0.0,0.0
2016-03-14 00:00:00-04:00,113.61944943313465,114.40765535167516,112.94947665744183,113.33372497558594,641600,0.0,0.0
2016-03-15 00:00:00-04:00,112.61449062223828,112.82139297829784,110.63412876154169,110.91985321044922,688700,0.0,0.0
2016-03-16 00:00:00-04:00,110.90999801051748,112.9691819536816,110.64398284460718,112.38787841796875,710200,0.0,0.0
2016-03-17 00:00:00-04:00,112.43714304632107,112.83123847108669,109.88533232469977,110.67353820800781,988500,0.0,0.0
2016-03-18 00:00:00-04:00,110.93955966571137,114.02340840599845,110.89030149326514,112.97903442382812,1142800,0.0,0.0
2016-03-21 00:00:00-04:00,112.86080075914589,112.90020428754126,111.43217855594469,112.43714141845703,550500,0.0,0.0
2016-03-22 00:00:00-04:00,112.171114468913,112.95932031078311,111.41247254754562,112.21052551269531,727100,0.0,0.0
2016-03-23 00:00:00-04:00,112.47656334046712,112.86081167302999,111.87555799632746,112.24009704589844,706900,0.0,0.0
2016-03-24 00:00:00-04:00,111.45190073448846,112.35833233024178,110.50605808889075,112.338623046875,617600,0.0,0.0
2016-03-28 00:00:00-04:00,112.7031666549954,112.98889112118276,111.2154315092919,112.4469985961914,665100,0.0,0.0
2016-03-29 00:00:00-04:00,112.62433596082025,114.13177275742107,111.7868719090296,114.03324890136719,815800,0.0,0.0
2016-03-30 00:00:00-04:00,114.25000811276507,117.02842300199737,114.05296039683199,116.11213684082031,847000,0.0,0.0
2016-03-31 00:00:00-04:00,115.12688592178654,115.79685869528289,113.93472992364674,115.40275573730469,899000,0.0,0.0
2016-04-01 00:00:00-04:00,114.98894869726428,116.92989952476812,114.26971776656694,116.68358612060547,618900,0.0,0.0
2016-04-04 00:00:00-04:00,116.88063438320155,117.63928388102423,115.91509004383092,116.53579711914062,587600,0.0,0.0
2016-04-05 00:00:00-04:00,115.64906604081195,116.82152024216789,115.34363982710282,115.57025146484375,940700,0.0,0.0
2016-04-06 00:00:00-04:00,115.43232543982498,118.26985334893224,115.27468124198559,117.82648468017578,1456600,0.0,0.0
2016-04-07 00:00:00-04:00,116.9594557989049,118.29940131739242,116.1416934939522,116.71314239501953,666700,0.0,0.0
2016-04-08 00:00:00-04:00,117.58015492391887,117.93484680289292,116.49637752344842,116.77224731445312,490500,0.0,0.0
2016-04-11 00:00:00-04:00,116.85108555564105,117.30430134878425,115.52099458406376,115.90524291992188,595000,0.0,0.0
2016-04-12 00:00:00-04:00,115.91509275239194,116.5062434355795,115.28453102140672,115.826416015625,934900,0.0,0.0
2016-04-13 00:00:00-04:00,116.35845891771056,116.84123111955515,115.6392279357426,116.5062484741211,757000,0.0,0.0
2016-04-14 00:00:00-04:00,116.45697485684617,117.72795292845018,116.12199223421136,117.25503540039062,655000,0.0,0.0
2016-04-15 00:00:00-04:00,117.48163230866558,117.95455732457026,116.48653162591117,117.79691314697266,655800,0.0,0.0
2016-04-18 00:00:00-04:00,117.7082569639963,118.73292168113761,116.96931671271172,117.06784057617188,1415100,0.0,0.0
2016-04-19 00:00:00-04:00,117.58015829356019,118.01367227292734,116.77225066094121,117.23532104492188,736300,0.0,0.0
2016-04-20 00:00:00-04:00,117.5407598521672,117.8264767870552,116.50624054459297,117.25503540039062,963000,0.0,0.0
2016-04-21 00:00:00-04:00,117.02842632612052,120.20094425422101,116.60476695963092,119.21569061279297,2252600,0.0,0.0
2016-04-22 00:00:00-04:00,119.42258747900104,120.2206404864227,117.96441636625805,119.97432708740234,1543000,0.0,0.0
2016-04-25 00:00:00-04:00,123.44242672811899,125.57057063468022,120.48666587347554,123.2552261352539,2502000,0.0,0.0
2016-04-26 00:00:00-04:00,123.6394733325513,125.17647407462084,123.30449071347891,124.87104034423828,1803800,0.0,0.0
2016-04-27 00:00:00-04:00,125.12721252441408,125.31441312178413,123.46213146415724,125.12721252441406,1196300,0.0,0.0
2016-04-28 00:00:00-04:00,124.14195923362406,126.40804562321557,123.42272076555375,123.71829986572266,747600,0.0,0.0
2016-04-29 00:00:00-04:00,123.32419531510146,123.88578958467372,122.48673123126754,123.47198486328125,784800,0.0,0.0
2016-05-02 00:00:00-04:00,123.53109564788402,124.40797076463014,123.14684733905767,124.00402069091797,784700,0.0,0.0
2016-05-03 00:00:00-04:00,122.88083671178973,124.1321055427209,122.38820988566285,123.48184204101562,862900,0.0,0.0
2016-05-04 00:00:00-04:00,122.63452512461404,123.61977879153709,121.91528664032909,122.34880065917969,809700,0.0,0.0
2016-05-05 00:00:00-04:00,122.27982691296316,123.41287007501748,121.8660221981954,122.65422058105469,683000,0.0,0.0
2016-05-06 00:00:00-04:00,121.95469474576338,122.83156988681117,121.03840855696315,122.4571762084961,900800,0.0,0.0
2016-05-09 00:00:00-04:00,122.11233398227935,123.88578595785206,121.19604783065583,123.09758758544922,612100,0.0,0.0
2016-05-10 00:00:00-04:00,123.60005235001327,124.89073958598782,122.9694906920711,124.83161926269531,794000,0.0,0.0
2016-05-11 00:00:00-04:00,125.01883510057816,126.54598126548633,124.80207809478331,124.86119842529297,747400,0.0,0.0
2016-05-12 00:00:00-04:00,125.07794136103045,125.31440763690236,122.70348409670204,123.9054946899414,527500,0.0,0.0
2016-05-13 00:00:00-04:00,123.73800195493841,125.20603530155918,123.73800195493841,124.94986724853516,1106300,0.0,0.0
2016-05-16 00:00:00-04:00,124.96956417209417,126.17157477791714,124.39812279164248,125.56072235107422,875200,0.0,0.0
2016-05-17 00:00:00-04:00,125.51145628891285,125.87600282927639,123.28478103423514,124.32915496826172,864800,0.0,0.0
2016-05-18 00:00:00-04:00,124.3192923112228,124.92029757358536,123.16654747038496,124.41781616210938,593000,0.0,0.0
2016-05-19 00:00:00-04:00,123.7774157179339,125.44249682378081,123.24537783470078,124.24048614501953,469600,0.0,0.0
2016-05-20 00:00:00-04:00,124.73310342818435,125.16661741470938,124.11239637038672,124.74295806884766,517600,0.0,0.0
2016-05-23 00:00:00-04:00,124.49664975315345,125.02868761736728,122.87097975420374,124.73310852050781,542000,0.0,0.0
2016-05-24 00:00:00-04:00,125.23558418036566,126.65435175258435,123.16655314880563,126.27010345458984,643800,0.0,0.0
2016-05-25 00:00:00-04:00,126.48686004953777,127.38342938619223,125.38337332828914,125.69865417480469,1134400,0.0,0.0
2016-05-26 00:00:00-04:00,125.6986627712767,126.06320181183855,124.4375392989668,125.4326400756836,696500,0.0,0.0
2016-05-27 00:00:00-04:00,125.62969514451079,126.49671565131615,125.45234918665416,126.122314453125,406400,0.0,0.0
2016-05-31 00:00:00-04:00,126.25039486306171,126.8809565615173,125.43263257644675,126.06319427490234,666900,0.0,0.0
2016-06-01 00:00:00-04:00,125.5410227502928,126.5558328432347,125.26515292116946,126.34893798828125,630600,0.0,0.0
2016-06-02 00:00:00-04:00,126.32923111317997,127.65932962691865,125.6099926019221,127.64946746826172,944200,0.0,0.0
2016-06-03 00:00:00-04:00,127.85636451399411,127.85636451399411,125.70850383780414,126.99918365478516,813400,0.0,0.0
2016-06-06 00:00:00-04:00,126.61492381079415,128.11251336317318,125.84643478862145,128.06324768066406,887500,0.0,0.0
2016-06-07 00:00:00-04:00,127.98443990745969,128.28001900179243,126.85140425192427,127.6691665649414,825200,0.0,0.0
2016-06-08 00:00:00-04:00,127.73812182306847,129.56084697655348,127.37358280588215,129.5411376953125,1010600,0.0,0.0
2016-06-09 00:00:00-04:00,129.42290817117114,130.0436227244353,128.52632382396212,129.2554168701172,474500,0.0,0.0
2016-06-10 00:00:00-04:00,128.34899889066327,129.24556829833747,127.7184371476836,128.37855529785156,766300,0.0,0.0
2016-06-13 00:00:00-04:00,127.57064302029846,128.21106693629707,125.48191001733636,125.65925598144531,1156200,0.0,0.0
2016-06-14 00:00:00-04:00,125.20602658624169,126.60508486395359,125.20602658624169,125.90555572509766,959900,0.0,0.0
2016-06-15 00:00:00-04:00,126.19128802737926,126.5361177811459,124.3981267030825,124.52620697021484,719800,0.0,0.0
2016-06-16 00:00:00-04:00,123.57050612791113,125.58042439703397,123.15670141520927,125.4720458984375,783200,0.0,0.0
2016-06-17 00:00:00-04:00,125.22573876944745,125.60998709576275,123.23552968229865,123.84638214111328,917000,0.0,0.0
2016-06-20 00:00:00-04:00,126.35876998318254,127.24549218008029,125.07793733917083,125.62968444824219,1765100,0.0,0.0
2016-06-21 00:00:00-04:00,125.63953639427837,126.94007085212114,125.24544096581388,126.33906555175781,780800,0.0,0.0
2016-06-22 00:00:00-04:00,126.66420287517641,128.6051537076448,125.92526266079841,127.84650421142578,1024400,0.0,0.0
2016-06-23 00:00:00-04:00,128.634692086124,129.65936412537494,128.3588223141199,129.24554443359375,1038800,0.0,0.0
2016-06-24 00:00:00-04:00,125.52131561454442,128.2209084914843,124.32915960860787,127.70857238769531,1794800,0.0,0.0
2016-06-27 00:00:00-04:00,127.53122383057732,128.30956753189224,122.69362521939931,123.67887878417969,1900700,0.0,0.0
2016-06-28 00:00:00-04:00,124.920299453437,125.17646748310743,123.85622380731805,124.60501861572266,1291100,0.0,0.0
2016-06-29 00:00:00-04:00,125.84644463256548,128.25045828592386,125.7676225411404,127.47211456298828,1030800,0.0,0.0
2016-06-30 00:00:00-04:00,127.79725937698176,128.63471597114574,126.39818594432604,128.3489990234375,1408600,0.0,0.0
2016-07-01 00:00:00-04:00,128.55587466906073,129.43274969770573,127.76766884882603,129.3539276123047,976200,0.0,0.0
2016-07-05 00:00:00-04:00,128.63470900761703,129.0977794073483,128.01399442206724,128.8022003173828,544200,0.0,0.0
2016-07-06 00:00:00-04:00,128.64457668064446,130.2406827875991,128.3391354198597,130.02392578125,801800,0.0,0.0
2016-07-07 00:00:00-04:00,130.25052991196856,131.01902655855986,129.86628158867288,130.02392578125,982700,0.0,0.0
2016-07-08 00:00:00-04:00,130.83182849074984,133.62996034491673,130.45744231835675,133.30482482910156,1271600,0.0,0.0
2016-07-11 00:00:00-04:00,133.61026027993162,134.4181605291495,133.04865843192954,133.5511474609375,659500,0.0,0.0
2016-07-12 00:00:00-04:00,134.25066133364695,134.7531503332215,133.8762751573543,134.24081420898438,778400,0.0,0.0
2016-07-13 00:00:00-04:00,134.94034707787156,135.45266815367404,133.88611845179102,133.89596557617188,708800,0.0,0.0
2016-07-14 00:00:00-04:00,134.36888148326412,134.55608205971802,133.8762547173437,134.3097686767578,737900,0.0,0.0
2016-07-15 00:00:00-04:00,134.5560875696062,134.65460390655892,133.97477653634658,134.1816864013672,448100,0.0,0.0
2016-07-18 00:00:00-04:00,134.11271559016578,134.9501871659806,133.66935447570137,134.40829467773438,500500,0.0,0.0
2016-07-19 00:00:00-04:00,134.3886043268832,135.29505099878736,134.18170946008476,134.78271484375,1100100,0.0,0.0
2016-07-20 00:00:00-04:00,134.96004807388093,136.5857257046569,134.49697763060945,136.08323669433594,1131100,0.0,0.0
2016-07-21 00:00:00-04:00,135.86646548792396,137.2064109858809,135.39354796916763,135.84677124023438,715700,0.0,0.0
2016-07-22 00:00:00-04:00,136.13249480937944,136.9305478592611,136.07338199587377,136.77291870117188,512700,0.0,0.0
2016-07-25 00:00:00-04:00,136.7039422063386,136.75320789497025,135.50193156585814,135.80735778808594,656200,0.0,0.0
2016-07-26 00:00:00-04:00,135.20634685901155,136.04381842967595,134.84180783905913,135.96499633789062,868900,0.0,0.0
2016-07-27 00:00:00-04:00,135.9748348573801,137.7384471027019,132.91069576433813,135.57089233398438,1321500,0.0,0.0
2016-07-28 00:00:00-04:00,135.5708989275649,137.038917143462,134.76298377392828,136.46746826171875,663100,0.0,0.0
2016-07-29 00:00:00-04:00,136.25070741906995,137.58080573098093,135.9452812226192,137.50198364257812,810200,0.0,0.0
2016-08-01 00:00:00-04:00,137.80741987658448,138.36902165969406,136.95025403265643,137.5709686279297,942400,0.0,0.0
2016-08-02 00:00:00-04:00,137.63008748699923,137.79757880674768,135.96500638027115,137.3246612548828,1112200,0.0,0.0
2016-08-03 00:00:00-04:00,136.9502420629908,138.58576654753276,136.94039493974995,138.06358337402344,717600,0.0,0.0
2016-08-04 00:00:00-04:00,138.36902998406805,138.7335690368599,137.52171121326626,138.02418518066406,931000,0.0,0.0
2016-08-05 00:00:00-04:00,138.41828799831003,139.23605031589813,138.13255602647294,138.68429565429688,774600,0.0,0.0
2016-08-08 00:00:00-04:00,138.72370437819566,138.9897270490897,137.08817985903403,137.2950897216797,792000,0.0,0.0
2016-08-09 00:00:00-04:00,137.6695090180595,138.25082018469143,137.12761642227372,137.90597534179688,475400,0.0,0.0
2016-08-10 00:00:00-04:00,137.68920226960208,138.18182911135378,136.96010913164943,138.0832977294922,349400,0.0,0.0
2016-08-11 00:00:00-04:00,138.20154030567338,138.97003698673134,138.20154030567338,138.90106201171875,437400,0.0,0.0
2016-08-12 00:00:00-04:00,138.33946363111508,138.87149396812572,137.8172804180905,137.98477172851562,613000,0.0,0.0
2016-08-15 00:00:00-04:00,138.45769544948004,138.71385598857296,137.56111101198832,137.7089080810547,401500,0.0,0.0
2016-08-16 00:00:00-04:00,137.60052265742314,137.9847709636278,136.14233649161017,136.8418731689453,659000,0.0,0.0
2016-08-17 00:00:00-04:00,137.08819936825049,137.89611461935758,135.8664793667392,136.20147705078125,811100,0.0,0.0
2016-08-18 00:00:00-04:00,136.25071577452508,136.98965598561801,136.00440237082745,136.66453552246094,519000,0.0,0.0
2016-08-19 00:00:00-04:00,136.12264546869508,136.36895887680993,135.5610436819801,136.01426696777344,494900,0.0,0.0
2016-08-22 00:00:00-04:00,136.1127715668377,136.67437330509722,135.40338780997092,136.38864135742188,452700,0.0,0.0
2016-08-23 00:00:00-04:00,136.63494097662695,136.84185081560437,136.0240886495666,136.03395080566406,429500,0.0,0.0
2016-08-24 00:00:00-04:00,135.97483451719717,136.63495257947744,133.9747710502623,134.3097686767578,593500,0.0,0.0
2016-08-25 00:00:00-04:00,133.85654863774815,135.09796270539042,133.16687415572466,133.42303466796875,835900,0.0,0.0
2016-08-26 00:00:00-04:00,133.4132054291565,135.20635932279717,133.21615769841705,134.03390502929688,781000,0.0,0.0
2016-08-29 00:00:00-04:00,134.18170083795005,136.14234603592797,134.0831694566199,135.70884704589844,517500,0.0,0.0
2016-08-30 00:00:00-04:00,135.66943907126876,136.13250953887066,135.1275464992049,135.60047912597656,338900,0.0,0.0
2016-08-31 00:00:00-04:00,135.23591738524968,135.47238368529696,133.9649467277192,134.91078186035156,497100,0.0,0.0
2016-09-01 00:00:00-04:00,134.9107800332545,135.117689922216,133.50187447822185,134.12258911132812,465500,0.0,0.0
2016-09-02 00:00:00-04:00,134.71373134159094,135.72854142841976,134.13243527899544,135.67929077148438,594400,0.0,0.0
2016-09-06 00:00:00-04:00,135.87633580288457,136.3295440673828,135.3935560975229,136.3295440673828,724000,0.0,0.0
2016-09-07 00:00:00-04:00,135.96500234052823,138.52666781842598,135.87633312102145,138.38873291015625,819600,0.0,0.0
2016-09-08 00:00:00-04:00,137.3738923752048,138.06358187274103,136.80245855792882,137.06846618652344,851400,0.0,0.0
2016-09-09 00:00:00-04:00,135.9649974555501,135.9649974555501,133.02894592285156,133.02894592285156,760900,0.0,0.0
2016-09-12 00:00:00-04:00,133.00924439528873,135.3442907638638,132.35897337013841,134.9501953125,895000,0.0,0.0
2016-09-13 00:00:00-04:00,132.01414215535706,132.82204233189242,130.0140784458368,131.37371826171875,1444000,0.0,0.0
2016-09-14 00:00:00-04:00,131.7579476042551,131.8958824942218,130.6249120819411,131.02886962890625,555800,0.0,0.0
2016-09-15 00:00:00-04:00,131.09783328910646,133.26538806476464,130.61506867736733,132.69393920898438,630300,0.0,0.0
2016-09-16 00:00:00-04:00,132.73336549393605,134.10286738935469,131.60032987342865,133.38363647460938,802200,0.0,0.0
2016-09-19 00:00:00-04:00,134.1225830467182,134.55609705444243,132.5954368954269,133.0190887451172,672900,0.0,0.0
2016-09-20 00:00:00-04:00,134.24079974433852,134.24079974433852,132.29000187310757,132.68409729003906,437600,0.0,0.0
2016-09-21 00:00:00-04:00,132.97967888980367,134.89107326907606,132.6446962756858,134.70387268066406,406500,0.0,0.0
2016-09-22 00:00:00-04:00,135.43296160226475,136.1817488991874,135.19649533460566,135.79750061035156,421600,0.0,0.0
2016-09-23 00:00:00-04:00,135.52164260524023,135.9847130235825,134.62505817536245,135.36399841308594,342400,0.0,0.0
2016-09-26 00:00:00-04:00,134.575783823672,135.13738558440573,134.34917970814735,134.99945068359375,642700,0.0,0.0
2016-09-27 00:00:00-04:00,135.23590395202422,135.7777964396939,134.61520440594515,135.75808715820312,470700,0.0,0.0
2016-09-28 00:00:00-04:00,135.8073409824809,136.21129853198389,133.71860834021274,134.87135314941406,727300,0.0,0.0
2016-09-29 00:00:00-04:00,134.88123139919895,135.07829417481634,132.68411976183205,133.4624786376953,447600,0.0,0.0
2016-09-30 00:00:00-04:00,133.90582682746037,136.00440687347273,133.18658084053197,135.45266723632812,663300,0.0,0.0
2016-10-03 00:00:00-04:00,134.93046295096872,135.30486408937034,133.96491873663192,134.31961059570312,473900,0.0,0.0
2016-10-04 00:00:00-04:00,134.03389510686802,134.94034166196667,132.86145593394073,133.99449157714844,462000,0.0,0.0
2016-10-05 00:00:00-04:00,134.65460738646598,135.02900856438072,133.8269979725483,134.61520385742188,439200,0.0,0.0
2016-10-06 00:00:00-04:00,134.3688972444448,135.4822236430482,133.8368518559285,135.45266723632812,484100,0.0,0.0
2016-10-07 00:00:00-04:00,135.56105056142042,137.18672815774454,135.12753653573398,136.82217407226562,930600,0.0,0.0
2016-10-10 00:00:00-04:00,137.19656437574224,137.9355045788432,136.70393757367495,137.0487823486328,482700,0.0,0.0
2016-10-11 00:00:00-04:00,136.52661417034443,137.07835384399243,133.82701358567698,134.46742248535156,430500,0.0,0.0
2016-10-12 00:00:00-04:00,134.5068359375,135.17680122037146,134.06347479044945,134.5068359375,396600,0.0,0.0
2016-10-13 00:00:00-04:00,133.7875903691406,135.03886675011097,132.94027160440305,134.35903930664062,475500,0.0,0.0
2016-10-14 00:00:00-04:00,134.99945517395045,135.31472851467444,133.7678881493875,133.78758239746094,482800,0.0,0.0
2016-10-17 00:00:00-04:00,133.83684752191022,134.42800570472326,133.5018649007455,133.96493530273438,298400,0.0,0.0
2016-10-18 00:00:00-04:00,135.26546857435295,136.90099326057233,134.92063881308982,136.2704315185547,681700,0.0,0.0
2016-10-19 00:00:00-04:00,136.69410461739432,136.69410461739432,135.36400610044439,135.99456787109375,571400,0.0,0.0
2016-10-20 00:00:00-04:00,135.7482377201073,137.92565475752244,135.33443301851688,137.75816345214844,832000,0.0,0.0
2016-10-21 00:00:00-04:00,136.88126693231223,137.21626456118136,136.1915924618921,136.71377563476562,669400,0.0,0.0
2016-10-24 00:00:00-04:00,137.3837474718617,138.20150966321506,137.11772482316243,137.6103515625,663000,0.0,0.0
2016-10-25 00:00:00-04:00,137.87639435948842,138.14241704706237,136.06353130191312,136.36895751953125,717800,0.0,0.0
2016-10-26 00:00:00-04:00,131.91560359922008,132.23089196670776,121.37339311022437,124.59516906738281,3991400,0.0,0.0
2016-10-27 00:00:00-04:00,124.6936973358425,124.9301636198252,122.11233762925185,122.12218475341797,1461900,0.0,0.0
2016-10-28 00:00:00-04:00,121.48178081934418,123.10744336536885,120.20094803840882,122.17145538330078,1329300,0.0,0.0
2016-10-31 00:00:00-04:00,122.53599427174562,124.27003521445903,122.27982622822876,123.49168395996094,1101300,0.0,0.0
2016-11-01 00:00:00-04:00,123.82667738056503,123.97446692947096,120.5654902479806,122.00395965576172,874800,0.0,0.0
2016-11-02 00:00:00-04:00,121.61969788785139,123.80696192246396,121.49161011841775,122.1911392211914,642400,0.0,0.0
2016-11-03 00:00:00-04:00,122.1418926465082,122.92024390943348,119.76742781085007,119.83639526367188,836200,0.0,0.0
2016-11-04 00:00:00-04:00,119.96448717473791,121.25516705778381,119.19599052630177,120.09256744384766,813000,0.0,0.0
2016-11-07 00:00:00-05:00,121.8364608742908,123.53109071163173,121.79704982920543,123.29463195800781,631000,0.0,0.0
2016-11-08 00:00:00-05:00,122.94979631247908,124.87103780488539,122.22071076111571,124.20106506347656,532700,0.0,0.0
2016-11-09 00:00:00-05:00,125.10750785736313,125.10750785736313,117.74766212018314,119.9250717163086,2286100,0.0,0.0
2016-11-10 00:00:00-05:00,122.06307353749179,124.88089956492321,120.57533842808417,124.34886169433594,1363200,0.0,0.0
2016-11-11 00:00:00-05:00,123.94490670016596,124.97941847682206,122.58525191243439,122.97935485839844,717300,0.0,0.0
2016-11-14 00:00:00-05:00,123.81681899493286,126.01393784610326,123.41286892482107,125.61983489990234,731300,0.0,0.0
2016-11-15 00:00:00-05:00,126.1715775854282,127.00904918532213,125.27500068996497,126.14202117919922,547100,0.0,0.0
2016-11-16 00:00:00-05:00,126.00409021853696,126.09276695688983,125.09765865364591,125.13706970214844,647800,0.0,0.0
2016-11-17 00:00:00-05:00,125.13705912706946,126.18143303190583,124.7133997875812,125.24543762207031,717500,0.0,0.0
2016-11-18 00:00:00-05:00,124.94000551826691,125.92525910965301,124.07298506392695,124.14195251464844,652900,0.0,0.0
2016-11-21 00:00:00-05:00,124.20107254069167,124.75281969540795,123.56066368259425,124.26019287109375,546200,0.0,0.0
2016-11-22 00:00:00-05:00,124.37842129527735,125.26515110236241,122.05322203087162,122.89069366455078,765900,0.0,0.0
2016-11-23 00:00:00-05:00,122.00396401599771,124.20107549524727,121.79706164689051,124.15181732177734,658800,0.0,0.0
2016-11-25 00:00:00-05:00,124.41781925325337,125.64938621215379,124.19121514227308,125.62968444824219,282000,0.0,0.0
2016-11-28 00:00:00-05:00,125.37352316654044,125.64939297748566,123.26508102072927,123.85623168945312,740000,0.0,0.0
2016-11-29 00:00:00-05:00,124.23062541551496,126.30951115636833,123.80697357486262,125.83659362792969,459000,0.0,0.0
2016-11-30 00:00:00-05:00,125.39322953047757,126.21099938615272,123.72815596280692,123.99417114257812,720000,0.0,0.0
2016-12-01 00:00:00-05:00,124.04342730694601,124.39811919733032,121.54088231007381,121.82660675048828,693600,0.0,0.0
2016-12-02 00:00:00-05:00,122.28967913652843,123.60991534808686,121.93498724034204,122.64437103271484,519700,0.0,0.0
2016-12-05 00:00:00-05:00,123.15670173325225,124.09268965966956,122.97935578208083,123.40301513671875,574000,0.0,0.0
2016-12-06 00:00:00-05:00,123.79711351747558,124.1616525303457,122.52613550046144,123.26507568359375,640400,0.0,0.0
2016-12-07 00:00:00-05:00,122.79215595743948,125.23558824252854,121.5901528551973,124.51634979248047,905600,0.0,0.0
2016-12-08 00:00:00-05:00,124.50649758527042,125.86614481931316,123.64932426476558,125.18631744384766,660500,0.0,0.0
2016-12-09 00:00:00-05:00,125.02868064139875,126.33906218824507,124.49664280686994,125.90555572509766,700700,0.0,0.0
2016-12-12 00:00:00-05:00,126.26025261027473,128.88103099746277,125.6888111908295,127.2455062866211,585400,0.0,0.0
2016-12-13 00:00:00-05:00,127.33419141680969,128.5066306713325,127.16670009473499,127.69873046875,579700,0.0,0.0
2016-12-14 00:00:00-05:00,127.2454978886834,127.67901188306926,124.83162954770071,125.4720458984375,672300,0.0,0.0
2016-12-15 00:00:00-05:00,125.41294058003605,125.93512382253253,124.57547646375552,125.5016098022461,911800,0.0,0.0
2016-12-16 00:00:00-05:00,125.935112260063,126.90066407562654,124.91044763512004,125.8759994506836,1170400,0.0,0.0
2016-12-19 00:00:00-05:00,125.73807190818626,127.21594484736367,125.23559044839493,125.93511962890625,507100,0.0,0.0
2016-12-20 00:00:00-05:00,125.9154158339097,127.47211835992621,125.69865883447846,126.46715545654297,652900,0.0,0.0
2016-12-21 00:00:00-05:00,126.48687452524169,127.1075741318416,125.89571629309303,126.53612518310547,556900,0.0,0.0
2016-12-22 00:00:00-05:00,126.62480295905998,127.33418678781038,124.57547356864522,124.94986724853516,715200,0.0,0.0
2016-12-23 00:00:00-05:00,125.23558632503573,126.63464463999463,125.08779678091732,126.33906555175781,322600,0.0,0.0
2016-12-27 00:00:00-05:00,126.3784774164044,127.99429264150844,126.3784774164044,126.79228210449219,262100,0.0,0.0
2016-12-28 00:00:00-05:00,126.8120058129265,127.23565767258268,125.2454485770918,125.678955078125,333400,0.0,0.0
2016-12-29 00:00:00-05:00,125.50160175138667,126.49670999916805,125.47204534587934,126.27995300292969,343400,0.0,0.0
2016-12-30 00:00:00-05:00,126.41789483952728,126.7430303517158,125.45235046118961,126.48686981201172,608300,0.0,0.0
2017-01-03 00:00:00-05:00,127.26520334962706,128.4573667983972,126.3095061726347,127.16668701171875,960800,0.0,0.0
2017-01-04 00:00:00-05:00,127.63962598684293,128.2406313741289,127.02875844046399,128.1815185546875,1180000,0.0,0.0
2017-01-05 00:00:00-05:00,127.75784010728165,128.86131939411058,126.260250336744,127.20610046386719,842800,0.0,0.0
2017-01-06 00:00:00-05:00,127.08788657752429,127.77756119551266,126.74304175164053,127.4327163696289,737100,0.0,0.0
2017-01-09 00:00:00-05:00,127.53122977444141,129.05837587778217,127.53122977444141,128.8022003173828,715000,0.0,0.0
2017-01-10 00:00:00-05:00,129.04853399251425,130.67421172581635,128.40812505846696,130.11260986328125,658000,0.0,0.0
2017-01-11 00:00:00-05:00,130.45742869145636,133.91566330680658,130.42787228708573,132.9501190185547,1656600,0.0,0.0
2017-01-12 00:00:00-05:00,132.6643829345703,132.90084919595014,131.48208169522303,132.6643829345703,718300,0.0,0.0
2017-01-13 00:00:00-05:00,132.32939655529896,133.98463027007003,132.14219598294875,132.34910583496094,670500,0.0,0.0
2017-01-17 00:00:00-05:00,131.9550017968243,132.42793432894769,130.70374060257708,132.01412963867188,556100,0.0,0.0
2017-01-18 00:00:00-05:00,132.7038127358964,133.2752616406378,131.86634114379083,132.40823364257812,781900,0.0,0.0
2017-01-19 00:00:00-05:00,131.9845881942607,132.02399172618235,130.60522403655622,130.78257751464844,641500,0.0,0.0
2017-01-20 00:00:00-05:00,130.96975400677678,131.4525336835815,129.98450040546038,130.44757080078125,525800,0.0,0.0
2017-01-23 00:00:00-05:00,129.83672290297375,130.9500643220646,129.64952230679626,130.58551025390625,879900,0.0,0.0
2017-01-24 00:00:00-05:00,130.42786908602898,131.2160598949364,129.54113187534415,131.078125,538600,0.0,0.0
2017-01-25 00:00:00-05:00,131.27520536679828,133.77774309210992,130.9796262568725,133.09791564941406,1227400,0.0,0.0
2017-01-26 00:00:00-05:00,133.09788981022868,133.60037870968432,131.84662870737756,131.85647583007812,874600,0.0,0.0
2017-01-27 00:00:00-05:00,132.29984789252697,132.89100604676688,131.17665942649228,131.65943908691406,748400,0.0,0.0
2017-01-30 00:00:00-05:00,130.95991680038355,131.28505231749338,129.501745569467,130.54611206054688,575000,0.0,0.0
2017-01-31 00:00:00-05:00,130.52638133365667,132.35895347116553,129.43274933169533,132.2308807373047,832400,0.0,0.0
2017-02-01 00:00:00-05:00,132.71366746783895,134.6644655415266,132.6447075279186,134.35903930664062,765300,0.0,0.0
2017-02-02 00:00:00-05:00,134.06347492317718,134.57579601042914,133.4328981380461,134.47727966308594,684300,0.0,0.0
2017-02-03 00:00:00-05:00,134.45756576968682,135.82706773115618,134.2703651722422,135.65957641601562,501900,0.0,0.0
2017-02-06 00:00:00-05:00,133.65950397030576,133.65950397030576,126.11245795637274,127.94503021240234,3670300,0.0,0.0
2017-02-07 00:00:00-05:00,127.71843605314297,128.76280252158622,127.51152617082039,128.67413330078125,933400,0.0,0.0
2017-02-08 00:00:00-05:00,129.06824562460133,129.89585519454508,128.5657716072311,129.551025390625,645900,0.0,0.0
2017-02-09 00:00:00-05:00,129.55098628103778,132.09294207886757,128.3686700708657,131.85647583007812,917400,0.0,0.0
2017-02-10 00:00:00-05:00,131.86634378845636,133.75802897634418,131.67914319114112,133.0190887451172,1091000,0.0,0.0
2017-02-13 00:00:00-05:00,133.17672811841905,134.62505212193525,132.68410131542106,132.9402618408203,797700,0.0,0.0
2017-02-14 00:00:00-05:00,133.19643907738936,134.20140197761864,132.16191977131012,133.8762664794922,748700,0.0,0.0
2017-02-15 00:00:00-05:00,133.18658502399214,135.16695453910626,132.122524281092,134.35903930664062,1009500,0.0,0.0
2017-02-16 00:00:00-05:00,136.5068897291417,138.90104876868773,135.06841285361813,137.07833862304688,1578800,0.0,0.0
2017-02-17 00:00:00-05:00,136.63498589388328,138.12272871132166,136.24089039856872,137.5315704345703,895300,0.0,0.0
2017-02-21 00:00:00-05:00,136.95026404021135,138.29020967102068,136.6941034908575,137.58082580566406,929400,0.0,0.0
2017-02-22 00:00:00-05:00,137.2064066794042,137.80741195816339,136.85171479302542,136.96995544433594,999700,0.0,0.0
2017-02-23 00:00:00-05:00,137.48229207426553,138.72372133432626,136.8911488857501,138.2015380859375,1079800,0.0,0.0
2017-02-24 00:00:00-05:00,138.13256314055977,141.02921136959557,137.93551541101394,140.78289794921875,1294100,0.0,0.0
2017-02-27 00:00:00-05:00,140.89128193479985,141.58095653192075,140.21145446271683,140.7139434814453,619900,0.0,0.0
2017-02-28 00:00:00-05:00,140.17203256768101,140.92081988450326,139.70896217731902,140.16217041015625,709300,0.0,0.0
2017-03-01 00:00:00-05:00,141.03904386019335,141.03904386019335,139.52175996296629,140.63510131835938,850500,0.0,0.0
2017-03-02 00:00:00-05:00,140.50703172979846,140.70407946440514,139.75824432478166,139.83705139160156,481700,0.0,0.0
2017-03-03 00:00:00-05:00,139.73851845215532,140.40848367703896,138.9798689785151,140.1917266845703,643800,0.0,0.0
2017-03-06 00:00:00-05:00,139.86662597495985,140.7040826242902,139.20649274684575,140.32968139648438,777400,0.0,0.0
2017-03-07 00:00:00-05:00,140.00456735955848,140.68437983553815,139.42325620697423,139.9947052001953,497700,0.0,0.0
2017-03-08 00:00:00-05:00,140.004541914292,140.6055472088132,139.53160936419948,140.01438903808594,562200,0.0,0.0
2017-03-09 00:00:00-05:00,139.97499691256004,141.157298316557,139.76808702581602,141.0193634033203,714600,0.0,0.0
2017-03-10 00:00:00-05:00,141.4528895085561,142.15241125908707,140.78290913433702,141.8174285888672,605000,0.0,0.0
2017-03-13 00:00:00-04:00,141.955347141517,142.3198861797841,140.76318361481194,142.1129913330078,678800,0.0,0.0
2017-03-14 00:00:00-04:00,141.7681252388208,141.7779723616426,140.5464054890301,140.97991943359375,521200,0.0,0.0
2017-03-15 00:00:00-04:00,141.53166493119448,142.49722422419265,140.96023110802537,142.1425323486328,453300,0.0,0.0
2017-03-16 00:00:00-04:00,142.1721041859304,142.86177873167262,141.75829945848508,142.05386352539062,560200,0.0,0.0
2017-03-17 00:00:00-04:00,142.17211104428964,142.3001838015344,141.16714806699883,141.63021850585938,639000,0.0,0.0
2017-03-20 00:00:00-04:00,141.86666482619177,142.2804695153249,140.96023335945588,141.52182006835938,768000,0.0,0.0
2017-03-21 00:00:00-04:00,141.78784715898414,142.26076467077206,139.8370342345278,140.36907958984375,659500,0.0,0.0
2017-03-22 00:00:00-04:00,140.71393523483442,141.2065620658757,139.56117522047344,140.20159912109375,896000,0.0,0.0
2017-03-23 00:00:00-04:00,140.28041913384052,141.0292064937378,138.97987710300163,139.41339111328125,798400,0.0,0.0
2017-03-24 00:00:00-04:00,139.6498605761641,140.49717933358295,139.3936850003862,139.90602111816406,872400,0.0,0.0
2017-03-27 00:00:00-04:00,139.265584993187,140.46759543787843,138.98971522231764,140.4281768798828,835200,0.0,0.0
2017-03-28 00:00:00-04:00,140.02425344934085,140.9996600413319,139.20649106017677,140.8026123046875,590700,0.0,0.0
2017-03-29 00:00:00-04:00,140.58584911526475,141.46272428356656,140.3592449797561,141.07847595214844,430200,0.0,0.0
2017-03-30 00:00:00-04:00,140.20157758284358,142.24104453247995,140.0340862900735,141.85679626464844,430800,0.0,0.0
2017-03-31 00:00:00-04:00,141.87653813633682,142.10314228640203,141.03906644632602,141.35435485839844,412200,0.0,0.0
2017-04-03 00:00:00-04:00,140.64495176354333,142.56619328175407,140.64495176354333,142.4184112548828,763400,0.0,0.0
2017-04-04 00:00:00-04:00,142.14254014565614,142.37899138648228,141.1769807996936,141.39373779296875,489900,0.0,0.0
2017-04-05 00:00:00-04:00,141.88637477052666,143.49234305399565,141.16714380511215,141.43316650390625,527000,0.0,0.0
2017-04-06 00:00:00-04:00,141.58095183826998,141.896240234375,140.64496384222272,141.896240234375,1375100,0.0,0.0
2017-04-07 00:00:00-04:00,141.6991948642031,141.8568240311033,140.35924922599153,141.27552795410156,542600,0.0,0.0
2017-04-10 00:00:00-04:00,141.32478826501955,142.39871115291803,141.0981841312836,141.37405395507812,407100,0.0,0.0
2017-04-11 00:00:00-04:00,141.00948507893955,141.6006432300538,140.33951987253457,141.2262420654297,510000,0.0,0.0
2017-04-12 00:00:00-04:00,141.33463384328772,141.52183444319553,140.25086384274536,140.46762084960938,509800,0.0,0.0
2017-04-13 00:00:00-04:00,140.24099836920047,140.6449559664225,139.71881514694851,140.00454711914062,495200,0.0,0.0
2017-04-17 00:00:00-04:00,140.24100172459995,141.02920765580515,139.82719699331722,140.4084930419922,788300,0.0,0.0
2017-04-18 00:00:00-04:00,139.7188147524753,140.38879503790045,139.0094309367439,140.0932159423828,511400,0.0,0.0
2017-04-19 00:00:00-04:00,140.4380383154325,140.8025923620585,139.74836381797,140.6942138671875,828100,0.0,0.0
2017-04-20 00:00:00-04:00,141.2262286611208,144.4677209935673,141.2262286611208,143.51202392578125,1184000,0.0,0.0
2017-04-21 00:00:00-04:00,143.2263160584641,143.27558174695216,140.92082616148645,141.17698669433594,838800,0.0,0.0
2017-04-24 00:00:00-04:00,142.49723308518315,143.00955413324627,141.75829288463154,142.47752380371094,725900,0.0,0.0
2017-04-25 00:00:00-04:00,136.8221638873054,138.28035005311838,132.21118421284956,136.8418731689453,2698100,0.0,0.0
2017-04-26 00:00:00-04:00,136.78277134078206,138.10300767490116,135.6694298622751,136.64483642578125,1272900,0.0,0.0
2017-04-27 00:00:00-04:00,136.881268577238,138.024166304112,136.64481734669585,137.62020874023438,691800,0.0,0.0
2017-04-28 00:00:00-04:00,137.44288884872623,138.38873899975187,137.1571718953726,138.0832977294922,937600,0.0,0.0
2017-05-01 00:00:00-04:00,138.48724191951305,139.54147047485264,138.36901629976532,138.93060302734375,749600,0.0,0.0
2017-05-02 00:00:00-04:00,139.87645305039246,140.40848337289603,138.70399887560907,138.98973083496094,811800,0.0,0.0
2017-05-03 00:00:00-04:00,138.94046179729688,139.15721878406737,137.96505535682962,138.5266571044922,566100,0.0,0.0
2017-05-04 00:00:00-04:00,138.47742056651478,139.32473941120566,138.12272860748652,138.82225036621094,482700,0.0,0.0
2017-05-05 00:00:00-04:00,138.91090887969196,140.4281927913924,138.15225940695342,140.28041076660156,716400,0.0,0.0
2017-05-08 00:00:00-04:00,140.0932159423828,140.76318119403064,139.4527920631317,140.0932159423828,498900,0.0,0.0
2017-05-09 00:00:00-04:00,140.0932063117316,140.76317151732292,139.87644932550467,139.93556213378906,360300,0.0,0.0
2017-05-10 00:00:00-04:00,139.4724929580021,140.19172385461482,139.12766322878227,139.6104278564453,697900,0.0,0.0
2017-05-11 00:00:00-04:00,139.20647253185703,140.32966101839088,138.71384573892504,139.04884338378906,760600,0.0,0.0
2017-05-12 00:00:00-04:00,138.48725363688732,139.27545958070775,136.27043287639245,137.2655487060547,725200,0.0,0.0
2017-05-15 00:00:00-04:00,137.34436113382577,138.9404823666853,137.10790986508994,138.45770263671875,594700,0.0,0.0
2017-05-16 00:00:00-04:00,138.79267399035456,138.79267399035456,135.55119616384633,136.10293579101562,750200,0.0,0.0
2017-05-17 00:00:00-04:00,136.10293811881252,136.60541206634048,134.5955012424511,135.4822235107422,882700,0.0,0.0
2017-05-18 00:00:00-04:00,135.6103084514948,137.16701098428607,135.14723804467437,136.22116088867188,712100,0.0,0.0
2017-05-19 00:00:00-04:00,136.52659314689794,137.62021016704588,135.57089599014543,137.2950897216797,361600,0.0,0.0
2017-05-22 00:00:00-04:00,136.9502313343305,138.53649001084892,136.8221435733538,138.23106384277344,526500,0.0,0.0
2017-05-23 00:00:00-04:00,138.6153449259053,139.0193025494603,137.52171272175545,137.6399383544922,603800,0.0,0.0
2017-05-24 00:00:00-04:00,137.89609999154044,138.94046639850595,137.2261197283053,138.60546875,543200,0.0,0.0
2017-05-25 00:00:00-04:00,138.65472536187087,139.89615443392353,138.33945204916483,139.70895385742188,446500,0.0,0.0
2017-05-26 00:00:00-04:00,140.00454965811133,140.18188809887224,137.78772894593433,138.03404235839844,571500,0.0,0.0
2017-05-30 00:00:00-04:00,137.42317578950016,138.45769513550798,136.18176159455743,136.4773406982422,589600,0.0,0.0
2017-05-31 00:00:00-04:00,136.60539633880217,137.37389289185057,135.96498755585375,136.9502410888672,810900,0.0,0.0
2017-06-01 00:00:00-04:00,137.62022022962876,140.79273813032356,136.95025497545834,139.97499084472656,929700,0.0,0.0
2017-06-02 00:00:00-04:00,140.26069934351946,140.79272965841878,139.20647080352114,139.49220275878906,610900,0.0,0.0
2017-06-05 00:00:00-04:00,139.20648214819332,139.42323915475902,137.4625940050661,137.856689453125,710700,0.0,0.0
2017-06-06 00:00:00-04:00,137.63007235877774,137.76800725598403,136.4576182156363,137.2359619140625,540600,0.0,0.0
2017-06-07 00:00:00-04:00,137.53154684757158,138.42813123449218,137.26553919905598,138.39857482910156,739400,0.0,0.0
2017-06-08 00:00:00-04:00,138.39859233216038,138.42814874128896,137.45274213870954,137.80743408203125,532500,0.0,0.0
2017-06-09 00:00:00-04:00,138.00448393394467,138.62518350131066,137.62022058369217,138.53651428222656,497700,0.0,0.0
2017-06-12 00:00:00-04:00,138.32960907074292,138.69416315112764,135.78766783524398,138.6448974609375,762400,0.0,0.0
2017-06-13 00:00:00-04:00,138.52665820781255,140.14247346420441,138.47739252246754,139.5513153076172,431600,0.0,0.0
2017-06-14 00:00:00-04:00,140.15233285592174,140.26071135965702,138.31976045061973,139.02914428710938,468600,0.0,0.0
2017-06-15 00:00:00-04:00,138.75325667996455,139.5513096352754,138.10298574090544,138.32958984375,552100,0.0,0.0
2017-06-16 00:00:00-04:00,138.32959877877,139.07840113288097,137.9650597592855,138.69415283203125,763200,0.0,0.0
2017-06-19 00:00:00-04:00,138.91090051774324,139.80746980379848,138.39856447301472,139.79762268066406,612600,0.0,0.0
2017-06-20 00:00:00-04:00,140.17203953548292,143.97511918623627,140.17203953548292,142.31988525390625,1247500,0.0,0.0
2017-06-21 00:00:00-04:00,142.1622245620963,144.0834809636062,142.1622245620963,144.05392456054688,875900,0.0,0.0
2017-06-22 00:00:00-04:00,143.955398014969,150.22161124756096,143.73864102942522,148.12301635742188,1483600,0.0,0.0
2017-06-23 00:00:00-04:00,148.48757070036876,150.10338593804784,147.2461415926678,149.38414001464844,1824400,0.0,0.0
2017-06-26 00:00:00-04:00,149.37431074029024,151.66009145595132,149.37431074029024,150.05413818359375,883800,0.0,0.0
2017-06-27 00:00:00-04:00,149.17726562607805,150.39897058673512,148.08363342285156,148.08363342285156,923700,0.0,0.0
2017-06-28 00:00:00-04:00,149.05902983605694,151.02953729128754,148.39891164260814,150.71426391601562,801700,0.0,0.0
2017-06-29 00:00:00-04:00,150.79308452842776,151.35467133005497,149.25609113393816,149.80783081054688,769500,0.0,0.0
2017-06-30 00:00:00-04:00,150.30042442017984,152.5369540744647,150.30042442017984,151.86697387695312,961500,0.0,0.0
2017-07-03 00:00:00-04:00,151.8669937796705,152.22168568747787,149.3644561767578,149.3644561767578,526200,0.0,0.0
2017-07-05 00:00:00-04:00,149.72900880920807,151.15762369433517,148.52699806988713,151.06895446777344,687400,0.0,0.0
2017-07-06 00:00:00-04:00,150.29058942581605,150.29058942581605,148.5171448324555,148.76345825195312,590300,0.0,0.0
2017-07-07 00:00:00-04:00,148.93094260750678,149.46297295387572,148.00480178810773,149.21665954589844,524200,0.0,0.0
2017-07-10 00:00:00-04:00,149.37429848811158,149.80781247632817,148.38904489081085,149.28562927246094,447600,0.0,0.0
2017-07-11 00:00:00-04:00,149.02946401677022,149.70929145130307,147.63040561595062,149.2363739013672,319900,0.0,0.0
2017-07-12 00:00:00-04:00,150.0836786788449,151.0393758479919,149.92603449895384,150.201904296875,443800,0.0,0.0
2017-07-13 00:00:00-04:00,150.31029819434542,150.89159425426342,149.49253584035895,150.17236328125,316000,0.0,0.0
2017-07-14 00:00:00-04:00,150.172354938266,151.64038824404903,149.7092845342196,151.0393829345703,413000,0.0,0.0
2017-07-17 00:00:00-04:00,151.1083311311876,151.99506834045886,150.8521706220787,151.41375732421875,291600,0.0,0.0
2017-07-18 00:00:00-04:00,151.2364254402466,151.29553824999812,150.26101897801635,151.04922485351562,522300,0.0,0.0
2017-07-19 00:00:00-04:00,151.29555204699534,152.73402902849287,151.12806072616652,152.7241668701172,388800,0.0,0.0
2017-07-20 00:00:00-04:00,152.98033821880924,154.9114269510391,152.56653349047428,153.8177947998047,677000,0.0,0.0
2017-07-21 00:00:00-04:00,153.6010464091759,154.79321000563849,152.66505839731997,154.24147033691406,499300,0.0,0.0
2017-07-24 00:00:00-04:00,154.22176090573012,155.75875427678474,154.0542695802976,155.56170654296875,1046400,0.0,0.0
2017-07-25 00:00:00-04:00,155.46316344854563,155.46316344854563,152.19212921901868,154.6158447265625,1033700,0.0,0.0
2017-07-26 00:00:00-04:00,154.87201461338242,161.7983461660851,154.63554833901836,158.79331970214844,1499500,0.0,0.0
2017-07-27 00:00:00-04:00,159.11846962452708,159.93623198454551,157.05929303749286,157.73912048339844,942400,0.0,0.0
2017-07-28 00:00:00-04:00,157.29572921376683,158.10364437164182,156.20209713040964,157.7095489501953,622900,0.0,0.0
2017-07-31 00:00:00-04:00,157.86719268739367,158.08394969935327,156.47799642646098,156.56666564941406,686200,0.0,0.0
2017-08-01 00:00:00-04:00,157.55191850807682,158.54701930596596,156.6553340572525,158.09381103515625,674300,0.0,0.0
2017-08-02 00:00:00-04:00,157.80807119376172,157.99527178777558,156.30063435134522,157.4927978515625,562800,0.0,0.0
2017-08-03 00:00:00-04:00,157.5519281229067,158.73422959628198,157.05930125618542,158.1923370361328,673600,0.0,0.0
2017-08-04 00:00:00-04:00,158.6258224502048,158.773604470033,155.7193274679656,156.3104705810547,631500,0.0,0.0
2017-08-07 00:00:00-04:00,156.2119815607365,156.23169084475197,154.37940902554487,155.8769989013672,509400,0.0,0.0
2017-08-08 00:00:00-04:00,155.5025699137156,156.56664555391163,154.85229896129977,155.10845947265625,452400,0.0,0.0
2017-08-09 00:00:00-04:00,155.00997756893722,155.92625635959615,154.0936837444988,155.4237823486328,423000,0.0,0.0
2017-08-10 00:00:00-04:00,154.94097715242916,155.27597480518833,153.9458764194138,154.09365844726562,597000,0.0,0.0
2017-08-11 00:00:00-04:00,154.21190510713868,154.9114267779073,153.4532555891503,153.90647888183594,441400,0.0,0.0
2017-08-14 00:00:00-04:00,155.10847840600977,155.10847840600977,153.92617700606607,154.19219970703125,398000,0.0,0.0
2017-08-15 00:00:00-04:00,154.37938906455383,155.13803854638064,154.0246971670301,154.44834899902344,379700,0.0,0.0
2017-08-16 00:00:00-04:00,154.70452077778663,155.66021794960912,153.67000151579796,154.13307189941406,524200,0.0,0.0
2017-08-17 00:00:00-04:00,153.85720399147164,154.7537883651317,152.15270445901191,152.28079223632812,441900,0.0,0.0
2017-08-18 00:00:00-04:00,151.94582235078258,152.33991780568815,151.23643850493016,151.64039611816406,460500,0.0,0.0
2017-08-21 00:00:00-04:00,151.74875492120822,152.23151953572167,151.03937116745783,151.47288513183594,376000,0.0,0.0
2017-08-22 00:00:00-04:00,151.4729040362571,153.3054764565286,150.96056792043444,153.10841369628906,448000,0.0,0.0
2017-08-23 00:00:00-04:00,152.556665531187,153.2660493338652,150.57631118508027,151.39407348632812,808500,0.0,0.0
2017-08-24 00:00:00-04:00,151.66005791674326,152.6059078534234,151.06891486087108,152.14283752441406,892800,0.0,0.0
2017-08-25 00:00:00-04:00,152.63548344011554,154.14292022104095,152.16256592921926,152.48770141601562,729100,0.0,0.0
2017-08-28 00:00:00-04:00,153.11826379445841,153.64044699365297,150.89158106286672,150.96055603027344,654600,0.0,0.0
2017-08-29 00:00:00-04:00,150.32016884179782,150.98028703701775,148.48759630216531,150.62559509277344,610300,0.0,0.0
2017-08-30 00:00:00-04:00,150.41866621789228,152.24139140242946,150.03441791291888,151.5714111328125,598100,0.0,0.0
2017-08-31 00:00:00-04:00,152.24138013654033,154.73407037245798,152.0049138764487,154.5567169189453,656000,0.0,0.0
2017-09-01 00:00:00-04:00,154.80304793836297,156.0740335597124,154.17248620672353,155.28582763671875,553500,0.0,0.0
2017-09-05 00:00:00-04:00,155.00010281981557,155.17744125074643,153.95572138048567,154.684814453125,546500,0.0,0.0
2017-09-06 00:00:00-04:00,155.53212247717693,156.28090974603646,153.87688873315093,156.14297485351562,597800,0.0,0.0
2017-09-07 00:00:00-04:00,156.5469442315201,156.93119253497625,155.12817663913526,155.70947265625,558000,0.0,0.0
2017-09-08 00:00:00-04:00,155.44347209292764,156.02476813653712,154.5862911970894,155.22671508789062,398300,0.0,0.0
2017-09-11 00:00:00-04:00,156.53709290953816,157.21692028213855,155.50257364835394,156.8622283935547,769000,0.0,0.0
2017-09-12 00:00:00-04:00,156.81296460659493,156.81296460659493,155.45330984493245,156.33018493652344,552600,0.0,0.0
2017-09-13 00:00:00-04:00,156.83267750768545,156.83267750768545,152.66505854600322,152.92123413085938,849600,0.0,0.0
2017-09-14 00:00:00-04:00,152.74387461596365,152.78329318151376,150.85218938156098,151.81773376464844,756400,0.0,0.0
2017-09-15 00:00:00-04:00,151.80789376865226,152.2019892399918,150.63543944581602,151.33497619628906,797900,0.0,0.0
2017-09-18 00:00:00-04:00,151.65021834330466,152.16255437758394,150.7437869188262,151.48272705078125,497100,0.0,0.0
2017-09-19 00:00:00-04:00,151.5024550963242,152.0344854423707,150.18220380469518,150.5960235595703,607000,0.0,0.0
2017-09-20 00:00:00-04:00,150.68468265976819,152.68474619432487,150.03441169866147,151.8768310546875,979400,0.0,0.0
2017-09-21 00:00:00-04:00,152.1724367089304,152.34979019919746,150.4088391341455,151.62069702148438,597900,0.0,0.0
2017-09-22 00:00:00-04:00,152.0640334833346,153.17737483627945,151.70934159422328,152.7832794189453,510700,0.0,0.0
2017-09-25 00:00:00-04:00,147.42350511107148,148.35949305055172,144.51699488258086,148.10333251953125,2110200,0.0,0.0
2017-09-26 00:00:00-04:00,148.0244984039624,150.4383665888334,147.72891933292647,148.595947265625,919800,0.0,0.0
2017-09-27 00:00:00-04:00,148.59598302224927,149.42359259327668,146.68458827455765,147.26588439941406,913800,0.0,0.0
2017-09-28 00:00:00-04:00,147.0589683005378,147.57130445646922,145.85695753110969,147.541748046875,744000,0.0,0.0
2017-09-29 00:00:00-04:00,147.18705643338816,149.42358664504764,146.75354237997973,148.74375915527344,477600,0.0,0.0
2017-10-02 00:00:00-04:00,148.88166714672423,149.78809862453025,148.2116869034385,149.14768981933594,592100,0.0,0.0
2017-10-03 00:00:00-04:00,149.24621288372285,149.70928328390187,147.78804174793413,148.69447326660156,423000,0.0,0.0
2017-10-04 00:00:00-04:00,148.6747591888283,150.2314616490756,148.4678643559705,149.93588256835938,524300,0.0,0.0
2017-10-05 00:00:00-04:00,150.1230952525682,150.63543136484776,148.57625482507456,149.44326782226562,457500,0.0,0.0
2017-10-06 00:00:00-04:00,149.50238053509005,151.23642138770165,149.24620498799572,149.4136962890625,420800,0.0,0.0
2017-10-09 00:00:00-04:00,149.22652504628692,149.5615076805326,146.7732380357231,147.06881713867188,372100,0.0,0.0
2017-10-10 00:00:00-04:00,147.42350812700275,148.21169901819863,146.6550114844424,147.2757110595703,385700,0.0,0.0
2017-10-11 00:00:00-04:00,147.10821546348825,147.85701783562706,146.57618512403232,147.0786590576172,709000,0.0,0.0
2017-10-12 00:00:00-04:00,147.35453017915898,148.40875877719532,146.7042591766568,148.04420471191406,646900,0.0,0.0
2017-10-13 00:00:00-04:00,147.94569105222487,148.1427387746171,146.65501118171164,147.39395141601562,235800,0.0,0.0
2017-10-16 00:00:00-04:00,147.3742519166822,148.13290148371956,146.8225122438472,147.46292114257812,352500,0.0,0.0
2017-10-17 00:00:00-04:00,147.25601078292766,148.2511115142829,146.40869207917768,147.5220184326172,527800,0.0,0.0
2017-10-18 00:00:00-04:00,147.7387822219041,148.02451420011477,145.35447018632183,145.8076934814453,696700,0.0,0.0
2017-10-19 00:00:00-04:00,146.1032600787483,149.7979613404722,145.10815928441735,149.08859252929688,1509000,0.0,0.0
2017-10-20 00:00:00-04:00,149.36445565015418,150.0147116173607,148.5860968670374,149.48268127441406,692000,0.0,0.0
2017-10-23 00:00:00-04:00,149.9950223263216,149.9950223263216,148.86197159920204,149.53195190429688,537700,0.0,0.0
2017-10-24 00:00:00-04:00,149.06889001636384,149.63047681608566,147.52203446832536,148.6353759765625,704500,0.0,0.0
2017-10-25 00:00:00-04:00,148.52699549550496,152.48771958484303,148.52699549550496,150.45809936523438,1262800,0.0,0.0
2017-10-26 00:00:00-04:00,151.09848009619049,151.96550800269156,149.76838183360596,151.12803649902344,1266200,0.0,0.0
2017-10-27 00:00:00-04:00,151.76846810906068,154.13308592793433,151.23643774423635,153.10841369628906,910700,0.0,0.0
2017-10-30 00:00:00-04:00,152.7832980165503,153.10841850684932,150.46794581498978,151.8965606689453,724100,0.0,0.0
2017-10-31 00:00:00-04:00,151.58129429759924,152.26110675155192,149.84723808917536,151.443359375,591600,0.0,0.0
2017-11-01 00:00:00-04:00,151.36453115806208,152.70447679509806,148.783156233994,149.0787353515625,656100,0.0,0.0
2017-11-02 00:00:00-04:00,149.42358331143447,150.16252360404619,148.68464301882273,149.5713653564453,578400,0.0,0.0
2017-11-03 00:00:00-04:00,150.00485194042383,151.62066714979395,150.00485194042383,151.47288513183594,462800,0.0,0.0
2017-11-06 00:00:00-05:00,150.95070430471472,152.31034399240545,149.24620482428043,149.50238037109375,467100,0.0,0.0
2017-11-07 00:00:00-05:00,149.98516281065054,150.4482332408339,148.11318684072742,150.14280700683594,603600,0.0,0.0
2017-11-08 00:00:00-05:00,149.63045783340434,150.86202482033568,147.78803843176354,149.5516357421875,482900,0.0,0.0
2017-11-09 00:00:00-05:00,148.9309351296612,149.89647943099448,147.17718495562104,149.8472137451172,699700,0.0,0.0
2017-11-10 00:00:00-05:00,149.31517948225905,149.55163071418318,147.63038928591874,148.2412567138672,465700,0.0,0.0
2017-11-13 00:00:00-05:00,147.54173226001538,148.32993817700802,147.2855717263482,147.6599578857422,461800,0.0,0.0
2017-11-14 00:00:00-05:00,147.4727521847216,148.3003766374951,146.25104733775814,147.69937133789062,592000,0.0,0.0
2017-11-15 00:00:00-05:00,147.20676170730934,147.6402757489073,145.83725963977693,147.16734313964844,452800,0.0,0.0
2017-11-16 00:00:00-05:00,148.0540742685359,149.75855892047556,147.52202886398166,148.7930145263672,590600,0.0,0.0
2017-11-17 00:00:00-05:00,148.22155280431363,148.96049299840553,147.48261261022176,148.14273071289062,468500,0.0,0.0
2017-11-20 00:00:00-05:00,147.04911240458952,148.9605069578326,145.52196618693196,148.4974365234375,1371700,0.0,0.0
2017-11-21 00:00:00-05:00,149.1476893384319,151.02951222011927,148.65506255640116,150.58615112304688,621300,0.0,0.0
2017-11-22 00:00:00-05:00,150.5664911718355,151.58130137126824,149.63048804575504,149.66990661621094,554800,0.0,0.0
2017-11-24 00:00:00-05:00,149.48268359871085,150.00486682568098,147.18704081138114,148.86196899414062,389400,0.0,0.0
2017-11-27 00:00:00-05:00,148.55655124942186,149.4334264385097,148.06392440086063,149.31520080566406,597400,0.0,0.0
2017-11-28 00:00:00-05:00,149.66987866201472,149.66987866201472,147.72892785852133,148.99005126953125,1120800,0.0,0.0
2017-11-29 00:00:00-05:00,149.00976404401146,155.00010790361657,148.5072750723395,154.70452880859375,1036400,0.0,0.0
2017-11-30 00:00:00-05:00,154.66509545568238,157.1873420956519,152.9901674557441,155.9360809326172,1029700,0.0,0.0
2017-12-01 00:00:00-05:00,156.0149302816936,156.3499129334616,152.66505866267806,154.18235778808594,657900,0.0,0.0
2017-12-04 00:00:00-05:00,154.31040489312812,157.75879228914252,154.20202640218804,155.58139038085938,811500,0.0,0.0
2017-12-05 00:00:00-05:00,152.80298826173686,156.14299760582884,152.40889280675918,152.9310760498047,573400,0.0,0.0
2017-12-06 00:00:00-05:00,153.15766880573392,154.13307527993516,151.14775808063123,153.21678161621094,619600,0.0,0.0
2017-12-07 00:00:00-05:00,153.1576748395675,154.1724848828075,152.38917820553678,152.97047424316406,371200,0.0,0.0
2017-12-08 00:00:00-05:00,153.05914966203702,154.6848120554789,152.96061829052928,153.95571899414062,672300,0.0,0.0
2017-12-11 00:00:00-05:00,153.38428201890105,155.21685442123695,152.96063016284367,153.49266052246094,527400,0.0,0.0
2017-12-12 00:00:00-05:00,154.09365493878758,154.5961438895969,152.960619327649,153.71926879882812,481800,0.0,0.0
2017-12-13 00:00:00-05:00,153.06899678567717,154.45820794154292,152.3103473196419,153.95571899414062,456000,0.0,0.0
2017-12-14 00:00:00-05:00,154.35967817749997,155.5715358840271,153.30546465351625,153.5419158935547,505500,0.0,0.0
2017-12-15 00:00:00-05:00,154.2217714444069,157.40413691264726,153.92619230659542,156.71446228027344,1028900,0.0,0.0
2017-12-18 00:00:00-05:00,157.49279685971206,159.69975534253942,157.31544339089794,159.0790557861328,755200,0.0,0.0
2017-12-19 00:00:00-05:00,159.6111068350721,162.42893314968438,159.1775927814734,161.5323486328125,656400,0.0,0.0
2017-12-20 00:00:00-05:00,161.24663019241254,162.7442050482099,160.38944921832257,160.62591552734375,506400,0.0,0.0
2017-12-21 00:00:00-05:00,160.99043030577226,161.15793664549744,158.3598050292105,159.00022888183594,556300,0.0,0.0
2017-12-22 00:00:00-05:00,158.64553941489768,158.64553941489768,157.27603750764385,158.34996032714844,297300,0.0,0.0
2017-12-26 00:00:00-05:00,158.72436527273192,159.4337490866485,158.38936761398773,158.6652374267578,230500,0.0,0.0
2017-12-27 00:00:00-05:00,158.8623115842478,159.12831925823096,157.69970440372683,158.37953186035156,307000,0.0,0.0
2017-12-28 00:00:00-05:00,158.9903789422668,158.9903789422668,157.6307391089722,158.47805786132812,334600,0.0,0.0
2017-12-29 00:00:00-05:00,158.98053168681824,158.98053168681824,157.13811214754148,157.15780639648438,352700,0.0,0.0
2018-01-02 00:00:00-05:00,157.640590747345,159.95594293745793,157.35487379147787,159.90667724609375,475400,0.0,0.0
2018-01-03 00:00:00-05:00,160.5175115889147,160.98058197461884,159.729305717475,160.64559936523438,410500,0.0,0.0
2018-01-04 00:00:00-05:00,161.25647967487117,161.91659788420364,160.01506536036555,160.0643310546875,365500,0.0,0.0
2018-01-05 00:00:00-05:00,161.06924846273262,164.23191901861287,160.20223554922188,164.02500915527344,851200,0.0,0.0
2018-01-08 00:00:00-05:00,164.02502658214175,164.60633767243962,161.621005224722,163.4929962158203,749200,0.0,0.0
2018-01-09 00:00:00-05:00,163.6703272687342,168.8626180785963,163.36490105058536,168.025146484375,902900,0.0,0.0
2018-01-10 00:00:00-05:00,167.3059209952423,168.60646303796082,166.8428505740117,167.95619201660156,573100,0.0,0.0
2018-01-11 00:00:00-05:00,168.01531061497366,168.7246944747376,167.4734180785181,167.7689971923828,472000,0.0,0.0
2018-01-12 00:00:00-05:00,168.39953348385254,169.83801026908804,167.8675031863838,169.10891723632812,500000,0.0,0.0
2018-01-16 00:00:00-05:00,169.2961253167228,169.88726844746424,168.33058101286818,168.47836303710938,497000,0.0,0.0
2018-01-17 00:00:00-05:00,169.04982084974483,170.28138789606209,168.4093969653934,170.10403442382812,431800,0.0,0.0
2018-01-18 00:00:00-05:00,169.93653639892133,171.6410359480348,169.93653639892133,170.5572509765625,414500,0.0,0.0
2018-01-19 00:00:00-05:00,171.4932543717807,172.21248535390814,170.66564488272076,171.81838989257812,637500,0.0,0.0
2018-01-22 00:00:00-05:00,172.1040946002374,173.67065927692792,171.6016206677304,173.66079711914062,302500,0.0,0.0
2018-01-23 00:00:00-05:00,173.05979368732028,173.88741816023668,172.7839238742739,173.18788146972656,426900,0.0,0.0
2018-01-24 00:00:00-05:00,174.13372484941715,175.17809124905696,172.21246832255054,172.26173400878906,667000,0.0,0.0
2018-01-25 00:00:00-05:00,172.7346876152951,173.1583394942879,171.51296760300443,172.13368225097656,457700,0.0,0.0
2018-01-26 00:00:00-05:00,172.17308425695384,174.192857350844,172.08441503196693,173.80860900878906,1042400,0.0,0.0
2018-01-29 00:00:00-05:00,176.86286954381634,179.04028662969768,175.18794141901827,175.4835205078125,570000,0.0,0.0
2018-01-30 00:00:00-05:00,174.55737197411312,175.52291625651443,172.20261655960473,174.8529510498047,550900,0.0,0.0
2018-01-31 00:00:00-05:00,175.0598571283428,175.30617053495095,171.00061699824894,171.9267578125,630100,0.0,0.0
2018-02-01 00:00:00-05:00,171.30602823367735,172.03512126562688,169.18773913563518,170.48826599121094,662100,0.0,0.0
2018-02-02 00:00:00-05:00,169.43406020688946,170.22226608160634,167.07930474020534,167.1581268310547,668500,0.0,0.0
2018-02-05 00:00:00-05:00,167.21724354446724,168.44881055440837,160.81309509277344,160.81309509277344,903200,0.0,0.0
2018-02-06 00:00:00-05:00,159.00024642202575,167.4537249457733,157.916461341887,166.1827392578125,1337900,0.0,0.0
2018-02-07 00:00:00-05:00,166.71476572458164,172.26173318489302,166.08420403156344,167.1581268310547,891000,0.0,0.0
2018-02-08 00:00:00-05:00,166.79358893244134,168.48822646535424,162.9708148756329,163.02008056640625,1257600,0.0,0.0
2018-02-09 00:00:00-05:00,164.31074537371725,166.98077418305164,162.12348120174812,165.60142517089844,937700,0.0,0.0
2018-02-12 00:00:00-05:00,166.3896346595312,167.93647501145136,164.00532272463423,166.00538635253906,732500,0.0,0.0
2018-02-13 00:00:00-05:00,165.27629874820107,169.51289242331583,164.7146969550193,168.48822021484375,636800,0.0,0.0
2018-02-14 00:00:00-05:00,167.6310481702232,170.30109206127509,167.23695274075394,170.14344787597656,478400,0.0,0.0
2018-02-15 00:00:00-05:00,170.8725313546376,171.45384242717927,169.2271595819549,171.3947296142578,571200,0.0,0.0
2018-02-16 00:00:00-05:00,171.11885022237144,176.36040696399522,170.3405064377837,175.16824340820312,800500,0.0,0.0
2018-02-20 00:00:00-05:00,174.54753646817628,175.57219362715978,171.581913424179,171.8380889892578,769700,0.0,0.0
2018-02-21 00:00:00-05:00,171.8479333460912,173.94652835223184,171.19766235351562,171.19766235351562,429400,0.0,0.0
2018-02-22 00:00:00-05:00,171.70016130073935,172.3504172973453,167.9463472229982,168.68528747558594,741800,0.0,0.0
2018-02-23 00:00:00-05:00,169.73950155391844,169.93654928173055,167.27636737182215,169.8281707763672,973200,0.0,0.0
2018-02-26 00:00:00-05:00,171.07943270794732,172.91200498607387,169.98580062206895,172.26173400878906,537000,0.0,0.0
2018-02-27 00:00:00-05:00,172.41938139506794,173.66079552895272,171.0794358868752,172.75436401367188,668300,0.0,0.0
2018-02-28 00:00:00-05:00,174.13373828191595,175.34559608122697,170.15330505371094,170.15330505371094,739200,0.0,0.0
2018-03-01 00:00:00-05:00,169.7690452755804,170.06462436210072,165.3452662367158,167.82809448242188,789500,0.0,0.0
2018-03-02 00:00:00-05:00,167.07933019760142,170.60654037321345,167.07933019760142,169.69024658203125,324700,0.0,0.0
2018-03-05 00:00:00-05:00,168.8428961051136,171.80851891315106,167.78868262384987,171.4242706298828,492300,0.0,0.0
2018-03-06 00:00:00-05:00,171.90706050028143,171.90706050028143,169.53261052091815,170.1730194091797,600900,0.0,0.0
2018-03-07 00:00:00-05:00,168.91189054641936,170.54741523661937,167.51283214771814,168.92173767089844,894600,0.0,0.0
2018-03-08 00:00:00-05:00,170.05478333453564,170.56710440017497,168.7345320385857,170.2518310546875,752400,0.0,0.0
2018-03-09 00:00:00-05:00,170.84297315500794,173.2667036957901,169.7099374958326,173.1583251953125,977700,0.0,0.0
2018-03-12 00:00:00-04:00,172.9119919953267,173.94651119350684,172.36025243197076,173.02037048339844,473800,0.0,0.0
2018-03-13 00:00:00-04:00,174.0154900239185,174.03519930582937,171.7986693729269,172.0745391845703,708600,0.0,0.0
2018-03-14 00:00:00-04:00,172.55733552136047,173.18789729935463,171.0203421271109,171.77899169921875,705400,0.0,0.0
2018-03-15 00:00:00-04:00,171.8183869889163,173.36524246774061,171.16811595831072,171.2666473388672,402700,0.0,0.0
2018-03-16 00:00:00-04:00,171.28635662173406,172.05485328198503,170.6754891230843,171.2666473388672,595400,0.0,0.0
2018-03-19 00:00:00-04:00,171.05972424863265,171.05972424863265,167.32561974072468,168.06455993652344,710700,0.0,0.0
2018-03-20 00:00:00-04:00,168.39955302234193,168.7542449397327,167.40445224227946,167.98574829101562,533700,0.0,0.0
2018-03-21 00:00:00-04:00,168.24191251414925,169.02027133808826,166.99065116836863,167.06947326660156,342300,0.0,0.0
2018-03-22 00:00:00-04:00,166.02509118002828,166.94138491433804,163.0397737507542,163.25653076171875,571800,0.0,0.0
2018-03-23 00:00:00-04:00,163.9462024418805,164.50780424234603,159.91651859456314,160.0938720703125,880700,0.0,0.0
2018-03-26 00:00:00-04:00,162.00522772828452,162.50771664091644,159.29578057084754,162.3106689453125,570200,0.0,0.0
2018-03-27 00:00:00-04:00,163.09888261690332,163.9659106397694,159.30566508441953,160.330322265625,662900,0.0,0.0
2018-03-28 00:00:00-04:00,160.80325951042377,161.84762600440837,157.591322896345,159.1480255126953,851900,0.0,0.0
2018-03-29 00:00:00-04:00,159.85740343238322,160.84265707449345,158.27114446723468,159.36477661132812,1057700,0.0,0.0
2018-04-02 00:00:00-04:00,159.87712335811028,160.78355496514183,155.916399243694,157.96572875976562,1287600,0.0,0.0
2018-04-03 00:00:00-04:00,159.05935398854933,161.98555857456387,157.91645612972133,161.05941772460938,897500,0.0,0.0
2018-04-04 00:00:00-04:00,159.19728241658044,161.78850425926774,158.6652370405494,161.4239501953125,534700,0.0,0.0
2018-04-05 00:00:00-04:00,162.00524670775292,163.75901199528155,161.39439426968454,162.62596130371094,566700,0.0,0.0
2018-04-06 00:00:00-04:00,161.75894120634015,162.48803433827544,157.50265314629826,159.26625061035156,688900,0.0,0.0
2018-04-09 00:00:00-04:00,159.80813942987533,162.5471433811425,159.20713410049495,160.2416534423828,597500,0.0,0.0
2018-04-10 00:00:00-04:00,162.2318706624184,163.47328485725728,160.50767676380886,162.7047882080078,639600,0.0,0.0
2018-04-11 00:00:00-04:00,161.06924187697518,162.9904832418162,161.06924187697518,161.7490692138672,479100,0.0,0.0
2018-04-12 00:00:00-04:00,162.6850797621199,164.03488750122804,161.98555808143044,162.46832275390625,591200,0.0,0.0
2018-04-13 00:00:00-04:00,163.32549905357584,163.5816595861555,161.13823478425155,162.38951110839844,938900,0.0,0.0
2018-04-16 00:00:00-04:00,163.5718059947633,165.03982422918824,163.1776955366336,164.0447235107422,702600,0.0,0.0
2018-04-17 00:00:00-04:00,165.43395921361227,165.52262844217074,163.69005588306698,164.32061767578125,756800,0.0,0.0
2018-04-18 00:00:00-04:00,164.29103794722317,166.42903645708583,164.29103794722317,165.12850952148438,969100,0.0,0.0
2018-04-19 00:00:00-04:00,164.67529877009665,166.20244497432589,163.3452002942697,165.77877807617188,617900,0.0,0.0
2018-04-20 00:00:00-04:00,165.5029048491007,165.85759676644827,162.12349202679243,162.73434448242188,695500,0.0,0.0
2018-04-23 00:00:00-04:00,163.0594693967036,164.3107456673926,162.65551181607364,164.16294860839844,662100,0.0,0.0
2018-04-24 00:00:00-04:00,164.291038521,165.98567592313915,163.10873720256677,163.63092041015625,827300,0.0,0.0
2018-04-25 00:00:00-04:00,158.74406115493665,171.4735363387026,158.74406115493665,170.1631622314453,1573900,0.0,0.0
2018-04-26 00:00:00-04:00,170.26167419212626,171.5917725811169,168.75423736928465,169.93653869628906,1200700,0.0,0.0
2018-04-27 00:00:00-04:00,170.0547869534549,172.3011640853012,169.60156365706098,171.94647216796875,736100,0.0,0.0
2018-04-30 00:00:00-04:00,172.78393825062852,172.902178918756,168.20251451426432,168.23207092285156,761500,0.0,0.0
2018-05-01 00:00:00-04:00,170.0252189086882,171.38485863725055,167.27635297907034,168.36013793945312,930000,0.0,0.0
2018-05-02 00:00:00-04:00,168.29117795840705,169.14834384554618,167.60150339210097,168.4192657470703,588700,0.0,0.0
2018-05-03 00:00:00-04:00,167.8970772504733,167.97589934612563,164.32060170835888,167.138427734375,831500,0.0,0.0
2018-05-04 00:00:00-04:00,166.4290477586839,169.36509947923415,164.88220731782135,168.77395629882812,523900,0.0,0.0
2018-05-07 00:00:00-04:00,168.95130053337604,170.24198047700995,167.96604683181997,168.58676147460938,470400,0.0,0.0
2018-05-08 00:00:00-04:00,168.52763761171443,169.00055514800582,167.13842637546992,167.4931182861328,910000,0.0,0.0
2018-05-09 00:00:00-04:00,167.85766545018765,169.33554597722585,166.76403325882828,169.32569885253906,589800,0.0,0.0
2018-05-10 00:00:00-04:00,170.0646258937235,172.17306801368449,169.77890896223934,171.4341278076172,434700,0.0,0.0
2018-05-11 00:00:00-04:00,171.59176982202226,173.82828465976996,171.1484087107467,173.34552001953125,559300,0.0,0.0
2018-05-14 00:00:00-04:00,173.1780393332711,175.0106117348742,172.90216951227947,174.52783203125,505600,0.0,0.0
2018-05-15 00:00:00-04:00,173.59184401704078,174.59680695539276,172.7740816786912,173.23715209960938,515700,0.0,0.0
2018-05-16 00:00:00-04:00,173.73962706482948,174.74459000904056,173.2174438269246,174.26181030273438,519200,0.0,0.0
2018-05-17 00:00:00-04:00,174.19285266735358,174.9810586137499,173.16818042690497,173.70022583007812,625600,0.0,0.0
2018-05-18 00:00:00-04:00,173.94652436061625,174.28150697318566,172.58686959530004,173.61154174804688,1220300,0.0,0.0
2018-05-21 00:00:00-04:00,174.2420977472793,175.956429316597,173.7593180916958,175.05984497070312,571500,0.0,0.0
2018-05-22 00:00:00-04:00,175.75939575966905,175.75939575966905,173.85786345585998,174.06475830078125,436000,0.0,0.0
2018-05-23 00:00:00-04:00,173.31598546425417,173.96625652745203,171.79868631679244,172.9810028076172,674900,0.0,0.0
2018-05-24 00:00:00-04:00,172.94154907205186,173.44402295482865,171.63116008708712,172.81346130371094,356300,0.0,0.0
2018-05-25 00:00:00-04:00,174.47855272228472,181.61179404743783,174.3504799799642,179.45408630371094,1513400,0.0,0.0
2018-05-29 00:00:00-04:00,178.58706088719816,179.54275807528248,175.21749540258423,177.4540252685547,1490200,0.0,0.0
2018-05-30 00:00:00-04:00,178.01561606672524,181.18813391195044,177.6313677579571,180.38023376464844,728200,0.0,0.0
2018-05-31 00:00:00-04:00,179.87775383632209,179.87775383632209,177.87767523207117,177.92694091796875,687300,0.0,0.0
2018-06-01 00:00:00-04:00,178.50824529776068,179.85805299254812,176.5180437913693,179.72996520996094,583000,0.0,0.0
2018-06-04 00:00:00-04:00,180.93198882377888,181.22756794046452,179.02059424082722,180.35069274902344,538500,0.0,0.0
2018-06-05 00:00:00-04:00,179.6806897305869,180.52800840676167,177.86782676000067,179.66099548339844,507000,0.0,0.0
2018-06-06 00:00:00-04:00,180.0748169146623,181.92708358552593,178.67575851167186,181.88768005371094,555700,0.0,0.0
2018-06-07 00:00:00-04:00,183.90745053392442,184.40992448494976,180.53788484367635,181.2472686767578,579200,0.0,0.0
2018-06-08 00:00:00-04:00,180.97137257540874,184.4985822390765,180.6462521197488,184.20301818847656,1126600,0.0,0.0
2018-06-11 00:00:00-04:00,184.0354992909241,187.55286159083286,182.82364166482202,186.1636505126953,652200,0.0,0.0
2018-06-12 00:00:00-04:00,186.05530239004761,187.0898217667358,184.68580036834518,186.1932373046875,646700,0.0,0.0
2018-06-13 00:00:00-04:00,187.0307138006881,187.2671801035358,184.53802311406054,184.98138427734375,714400,0.0,0.0
2018-06-14 00:00:00-04:00,185.07989488862907,186.32130901324157,184.7054937095876,185.1094512939453,514700,0.0,0.0
2018-06-15 00:00:00-04:00,185.07004213523024,186.7548324927516,183.95671573293302,186.6168975830078,1032500,0.0,0.0
2018-06-18 00:00:00-04:00,185.32621062557024,185.93706305484386,181.83840441650787,183.1685028076172,903300,0.0,0.0
2018-06-19 00:00:00-04:00,182.23251459576832,184.63652077942746,181.6709128210069,184.5478515625,550400,0.0,0.0
2018-06-20 00:00:00-04:00,184.252267927319,184.567556291431,183.4345056459022,184.409912109375,685200,0.0,0.0
2018-06-21 00:00:00-04:00,184.57742225258758,184.87300136566438,183.37541155084588,184.8138885498047,863600,0.0,0.0
2018-06-22 00:00:00-04:00,185.11931395608028,186.83366077720274,184.67595280534564,186.34103393554688,590500,0.0,0.0
2018-06-25 00:00:00-04:00,186.30160611077642,187.19819052613977,183.56260220999087,184.74490356445312,755500,0.0,0.0
2018-06-26 00:00:00-04:00,184.61682664722474,184.9320999855346,180.29156389143063,180.52801513671875,1017700,0.0,0.0
2018-06-27 00:00:00-04:00,177.39493046945438,178.13387073936286,173.96625182653688,176.74465942382812,1129800,0.0,0.0
2018-06-28 00:00:00-04:00,175.7200068389312,177.14862172506506,173.58199303846774,176.85304260253906,895700,0.0,0.0
2018-06-29 00:00:00-04:00,177.0697994888699,179.02059764201266,176.30130279115372,176.88259887695312,516700,0.0,0.0
2018-07-02 00:00:00-04:00,176.34067634368097,178.34073984945397,175.00073091300672,178.1141357421875,475800,0.0,0.0
2018-07-03 00:00:00-04:00,178.44912166657835,179.6215758194875,176.91212850382487,177.25697326660156,354900,0.0,0.0
2018-07-05 00:00:00-04:00,177.5919930136536,178.49842468295682,176.66585205938432,178.1240234375,535000,0.0,0.0
2018-07-06 00:00:00-04:00,178.51809627430583,179.4934876843696,178.1929607930258,178.66587829589844,563600,0.0,0.0
2018-07-09 00:00:00-04:00,179.95656543646035,180.2521445255316,178.88264261215255,179.44424438476562,709100,0.0,0.0
2018-07-10 00:00:00-04:00,180.01569947140004,182.06501381620157,179.513210492567,181.779296875,521000,0.0,0.0
2018-07-11 00:00:00-04:00,181.0502090852442,182.84337798183026,180.3014217077981,181.73989868164062,395000,0.0,0.0
2018-07-12 00:00:00-04:00,182.48867501704504,183.87788621654676,181.96649180596035,183.25717163085938,444600,0.0,0.0
2018-07-13 00:00:00-04:00,182.96158306447552,184.8040174444342,182.8138010440028,184.44932556152344,390300,0.0,0.0
2018-07-16 00:00:00-04:00,184.45918571521156,184.68578984053588,183.06012736539364,183.69068908691406,442100,0.0,0.0
2018-07-17 00:00:00-04:00,182.73499796769048,183.49364749719487,180.44920225471338,182.1241455078125,623600,0.0,0.0
2018-07-18 00:00:00-04:00,182.00589572667073,183.95670870480137,181.6216474189378,183.1685028076172,737600,0.0,0.0
2018-07-19 00:00:00-04:00,182.6660249559788,184.64639446027564,181.57239277762588,184.2325897216797,666900,0.0,0.0
2018-07-20 00:00:00-04:00,183.0206968088293,185.5330964061505,183.0206968088293,184.1833038330078,465500,0.0,0.0
2018-07-23 00:00:00-04:00,183.97641430231306,185.86809955198754,182.97146637934028,185.49371337890625,654900,0.0,0.0
2018-07-24 00:00:00-04:00,182.97147064971884,183.02072130753675,180.01570955928443,181.7595977783203,879100,0.0,0.0
2018-07-25 00:00:00-04:00,181.75959610981653,181.75959610981653,172.12381624615654,177.01068115234375,2066500,0.0,0.0
2018-07-26 00:00:00-04:00,176.03525816755356,177.48358215616418,171.36515071103608,171.96615600585938,1928300,0.0,0.0
2018-07-27 00:00:00-04:00,171.96615305094295,175.35542776785383,171.0104709104588,171.41441345214844,1457300,0.0,0.0
2018-07-30 00:00:00-04:00,171.4341177300608,172.59670970305214,169.77889898198308,170.04490661621094,1275800,0.0,0.0
2018-07-31 00:00:00-04:00,170.26167358820533,172.93171748067084,169.09908154701154,172.75436401367188,853200,0.0,0.0
2018-08-01 00:00:00-04:00,172.96127576655343,174.60664750570075,172.07453848947245,172.2814483642578,564500,0.0,0.0
2018-08-02 00:00:00-04:00,172.15336462310273,174.04504981131475,171.44398079830106,173.88742065429688,590600,0.0,0.0
2018-08-03 00:00:00-04:00,174.06477006549832,176.42938797514628,174.06477006549832,176.27174377441406,730600,0.0,0.0
2018-08-06 00:00:00-04:00,175.59188938738865,177.1387296477622,174.90221490716553,176.70523071289062,596500,0.0,0.0
2018-08-07 00:00:00-04:00,176.5869921166409,178.8235219170163,176.40965369128293,177.4638671875,932200,0.0,0.0
2018-08-08 00:00:00-04:00,177.94664292279802,178.57720458868428,176.29140915373665,177.1781463623047,576800,0.0,0.0
2018-08-09 00:00:00-04:00,177.02050686803366,178.24222670526908,176.8530155654232,177.28652954101562,442400,0.0,0.0
2018-08-10 00:00:00-04:00,177.3752101704869,178.25208530163673,176.54760072769372,176.9416961669922,367200,0.0,0.0
2018-08-13 00:00:00-04:00,176.88258278917587,177.7101922293241,176.25202106804716,177.11904907226562,292400,0.0,0.0
2018-08-14 00:00:00-04:00,177.11904079759927,178.4392769905059,177.07962223537055,177.92694091796875,242400,0.0,0.0
2018-08-15 00:00:00-04:00,177.0402240431174,177.0402240431174,175.2569174098203,176.5673065185547,489000,0.0,0.0
2018-08-16 00:00:00-04:00,177.158450890999,178.69544413179003,176.00570596040572,176.24217224121094,793300,0.0,0.0
2018-08-17 00:00:00-04:00,176.22246062062746,180.05509654770634,176.22246062062746,179.50335693359375,657100,0.0,0.0
2018-08-20 00:00:00-04:00,179.24717286809346,179.473792011103,175.8184946904053,176.38009643554688,592000,0.0,0.0
2018-08-21 00:00:00-04:00,176.0648287929798,176.88259114764188,174.20269994776405,174.9613494873047,747500,0.0,0.0
2018-08-22 00:00:00-04:00,174.78400497406085,175.62147665464923,173.7691948390112,173.97610473632812,626900,0.0,0.0
2018-08-23 00:00:00-04:00,174.10419505535847,174.6066690507282,173.00070064330293,173.32583618164062,448100,0.0,0.0
2018-08-24 00:00:00-04:00,173.7002216694864,174.13373568130945,171.8577871192385,172.12380981445312,856300,0.0,0.0
2018-08-27 00:00:00-04:00,172.41939595586882,172.41939595586882,170.64593630499564,171.61148071289062,906200,0.0,0.0
2018-08-28 00:00:00-04:00,171.69030277000613,172.02530045059518,170.26168792490742,171.6706085205078,623500,0.0,0.0
2018-08-29 00:00:00-04:00,171.94646415640884,173.00067770111409,171.2370803547965,171.37501525878906,471600,0.0,0.0
2018-08-30 00:00:00-04:00,170.76416688956243,171.2370844239497,170.01536450685708,170.31094360351562,550800,0.0,0.0
2018-08-31 00:00:00-04:00,169.81831159714176,170.86267801081115,169.47346682261613,170.32078552246094,773500,0.0,0.0
2018-09-04 00:00:00-04:00,170.00551089306433,170.30108997843976,166.5275669040037,166.6556396484375,739600,0.0,0.0
2018-09-05 00:00:00-04:00,167.02019974962695,167.059603280008,165.5226100209323,166.40933227539062,712300,0.0,0.0
2018-09-06 00:00:00-04:00,166.54727950832537,167.89708730576683,166.43890099953487,167.20741271972656,499100,0.0,0.0
2018-09-07 00:00:00-04:00,167.20738968746141,167.49310660740065,164.6358772729026,165.1974639892578,608000,0.0,0.0
2018-09-10 00:00:00-04:00,165.532462323167,167.3059219213373,164.9511662707544,166.3994903564453,742200,0.0,0.0
2018-09-11 00:00:00-04:00,165.93640766220364,169.09907829788645,165.35511165277595,168.27145385742188,1195900,0.0,0.0
2018-09-12 00:00:00-04:00,168.04485039359164,169.71977849470622,167.27635379385936,169.44390869140625,651900,0.0,0.0
2018-09-13 00:00:00-04:00,169.44391681735365,170.4784361462289,168.34043755123471,169.98580932617188,720400,0.0,0.0
2018-09-14 00:00:00-04:00,170.19273268921796,170.85285087633986,169.70995295515328,170.42918395996094,796400,0.0,0.0
2018-09-17 00:00:00-04:00,170.6656517022315,170.93167441783706,168.5473622038276,168.7838134765625,520500,0.0,0.0
2018-09-18 00:00:00-04:00,168.23206883056687,169.493192360533,167.93648971459206,168.79367065429688,644900,0.0,0.0
2018-09-19 00:00:00-04:00,168.85277428602012,169.3552482322005,168.20250327300255,168.48822021484375,677300,0.0,0.0
2018-09-20 00:00:00-04:00,169.23702332871972,170.51785607789267,168.73453434661522,169.63111877441406,937400,0.0,0.0
2018-09-21 00:00:00-04:00,170.02522965198878,171.37502234211874,169.2567179736635,169.54244995117188,886000,0.0,0.0
2018-09-24 00:00:00-04:00,168.527644541233,169.197609825712,165.78864052051608,167.01034545898438,756000,0.0,0.0
2018-09-25 00:00:00-04:00,167.4931161420798,169.66067110892774,167.4931161420798,168.025146484375,607200,0.0,0.0
2018-09-26 00:00:00-04:00,168.60646675100523,169.9069937885862,167.9167771492844,168.33059692382812,430700,0.0,0.0
2018-09-27 00:00:00-04:00,168.22221859253384,169.2961414947153,167.96604301433337,168.24191284179688,509000,0.0,0.0
2018-09-28 00:00:00-04:00,168.1532425644798,171.5720740124437,168.0448640591002,171.1188507080078,780000,0.0,0.0
2018-10-01 00:00:00-04:00,171.6607392082207,172.2617445359954,170.2813901119071,170.86268615722656,757700,0.0,0.0
2018-10-02 00:00:00-04:00,170.3799168824447,171.19767926593423,170.3799168824447,170.78387451171875,485600,0.0,0.0
2018-10-03 00:00:00-04:00,170.7346046745985,171.64105129566906,169.22716773734535,169.26658630371094,457500,0.0,0.0
2018-10-04 00:00:00-04:00,169.0498241766048,169.24687190113792,167.5817908163442,167.95619201660156,402100,0.0,0.0
2018-10-05 00:00:00-04:00,168.30105244412937,168.30105244412937,165.70983027616387,166.60641479492188,663400,0.0,0.0
2018-10-08 00:00:00-04:00,166.41919967879807,167.8478144821337,165.53246236261273,167.69017028808594,691400,0.0,0.0
2018-10-09 00:00:00-04:00,167.64090681423434,170.21241950774188,166.78374092765782,169.739501953125,811100,0.0,0.0
2018-10-10 00:00:00-04:00,169.96609268665043,170.93165203648613,167.7689813737594,167.9463348388672,702300,0.0,0.0
2018-10-11 00:00:00-04:00,168.07439528085447,169.22714010145748,164.93143412959313,165.76890563964844,1212000,0.0,0.0
2018-10-12 00:00:00-04:00,166.93151196304996,169.06952552694713,165.97582979221318,167.3551788330078,796000,0.0,0.0
2018-10-15 00:00:00-04:00,166.5472496562913,169.22714045351262,166.39946764069208,167.030029296875,535200,0.0,0.0
2018-10-16 00:00:00-04:00,167.8773627466153,171.40457249001778,167.49311443837246,171.1385498046875,627100,0.0,0.0
2018-10-17 00:00:00-04:00,170.69518721006853,172.58687232920911,170.58680871207613,171.52279663085938,497700,0.0,0.0
2018-10-18 00:00:00-04:00,171.61146196802437,172.92185103821052,169.24685938099438,169.8577117919922,646600,0.0,0.0
2018-10-19 00:00:00-04:00,171.00061409915907,174.1041719900716,169.8084656503021,170.05477905273438,1193000,0.0,0.0
2018-10-22 00:00:00-04:00,170.11389399279017,171.09914761484902,166.36008009815023,166.8527069091797,774100,0.0,0.0
2018-10-23 00:00:00-04:00,162.56685041771613,166.96108826205102,160.26136051080783,166.11376953125,1122700,0.0,0.0
2018-10-24 00:00:00-04:00,161.33529373070115,161.80821129828587,152.8522587536472,153.00990295410156,2478500,0.0,0.0
2018-10-25 00:00:00-04:00,152.70446146857122,156.96074921951936,148.30037665678358,154.3301239013672,1416100,0.0,0.0
2018-10-26 00:00:00-04:00,152.58621857419186,154.74392634030607,150.24132525447067,152.25123596191406,950700,0.0,0.0
2018-10-29 00:00:00-04:00,153.62073466148013,157.14794424225605,153.58133113358505,155.7784423828125,1009400,0.0,0.0
2018-10-30 00:00:00-04:00,154.39910228261604,156.3104816879069,153.84734762390724,156.08387756347656,783500,0.0,0.0
2018-10-31 00:00:00-04:00,156.64547142678347,159.49285365946136,156.3104737853452,158.18246459960938,849100,0.0,0.0
2018-11-01 00:00:00-04:00,158.55684172326568,162.53727436212344,158.55684172326568,161.9559783935547,892800,0.0,0.0
2018-11-02 00:00:00-04:00,162.62597120969926,164.044738924723,158.66524717755436,160.08401489257812,549500,0.0,0.0
2018-11-05 00:00:00-05:00,160.08397746951167,161.29585004583046,159.85737338387895,160.5963134765625,747700,0.0,0.0
2018-11-06 00:00:00-05:00,160.212079069303,163.12843616854508,160.212079069303,162.30081176757812,565800,0.0,0.0
2018-11-07 00:00:00-05:00,164.35013830223994,169.05964895483754,163.8870679422176,168.468505859375,954000,0.0,0.0
2018-11-08 00:00:00-05:00,167.8576569609603,169.3848031017549,167.5423836153681,168.9315948486328,980700,0.0,0.0
2018-11-09 00:00:00-05:00,168.82320067853894,169.40449666105056,166.3403575396631,167.64088439941406,691000,0.0,0.0
2018-11-12 00:00:00-05:00,167.09902216323107,168.01530082566913,164.52750957985893,165.0299835205078,636100,0.0,0.0
2018-11-13 00:00:00-05:00,165.40438102847745,166.13345907901333,161.2071910239243,162.01510620117188,803800,0.0,0.0
2018-11-14 00:00:00-05:00,163.256537833948,164.1235659153656,160.15299464016783,161.45352172851562,565100,0.0,0.0
2018-11-15 00:00:00-05:00,160.63576789497284,164.05459967636222,157.27606396810265,161.877197265625,671500,0.0,0.0
2018-11-16 00:00:00-05:00,161.11854765397973,163.54227854076487,160.24167240085498,161.877197265625,787100,0.0,0.0
2018-11-19 00:00:00-05:00,161.729374322996,162.30082322175025,158.428783744558,159.3155059814453,634500,0.0,0.0
2018-11-20 00:00:00-05:00,158.52729260459287,161.56187538902986,157.8179088350478,158.62582397460938,610800,0.0,0.0
2018-11-21 00:00:00-05:00,159.28594837532228,160.10371067080175,158.32040405273438,158.32040405273438,458900,0.0,0.0
2018-11-23 00:00:00-05:00,157.7686656288704,160.33031599864327,156.9213469215833,159.3155059814453,392600,0.0,0.0
2018-11-26 00:00:00-05:00,159.6110728980366,160.51750434747854,158.96080195590136,159.83767700195312,857700,0.0,0.0
2018-11-27 00:00:00-05:00,159.7490244634415,160.59634319453062,156.58635366665033,158.1627655029297,1398400,0.0,0.0
2018-11-28 00:00:00-05:00,158.80317229070315,163.37476354973367,158.19231985312936,162.655517578125,1181300,0.0,0.0
2018-11-29 00:00:00-05:00,160.53723058470388,160.53723058470388,155.26611759464168,159.42388916015625,1313400,0.0,0.0
2018-11-30 00:00:00-05:00,150.74380750792352,151.9753745627268,140.30011286968056,143.49234008789062,3802300,0.0,0.0
2018-12-03 00:00:00-05:00,142.60563872555707,145.94564846642237,141.8765455100807,145.88653564453125,1557900,0.0,0.0
2018-12-04 00:00:00-05:00,146.21162807577122,146.90131762208176,140.9011117785965,141.21640014648438,1075900,0.0,0.0
2018-12-06 00:00:00-05:00,139.20647834833903,141.52183038537262,137.12759259395267,141.47256469726562,1262200,0.0,0.0
2018-12-07 00:00:00-05:00,140.86170838982147,143.1179325188815,139.60058498456732,139.86660766601562,1346000,0.0,0.0
2018-12-10 00:00:00-05:00,139.62029308973604,139.62029308973604,134.14227049170512,137.4921417236328,1356200,0.0,0.0
2018-12-11 00:00:00-05:00,137.81726684914514,141.2065413550059,137.81726684914514,138.8911895751953,1177000,0.0,0.0
2018-12-12 00:00:00-05:00,140.1326041138571,141.7681285671907,138.68428023495963,138.77296447753906,852800,0.0,0.0
2018-12-13 00:00:00-05:00,139.63014997779973,139.79764129604226,136.930549535695,137.64979553222656,1134600,0.0,0.0
2018-12-14 00:00:00-05:00,136.7039491013183,139.1079705035316,134.9403516160628,135.3837127685547,1099100,0.0,0.0
2018-12-17 00:00:00-05:00,134.30979364449053,135.79752134197443,130.94021270947846,131.8269500732422,1329800,0.0,0.0
2018-12-18 00:00:00-05:00,132.92055868516792,132.98951861540218,127.74797760033674,128.55587768554688,1541400,0.0,0.0
2018-12-19 00:00:00-05:00,128.693817800056,130.25052026040353,125.9154105222084,126.50655364990234,1673600,0.0,0.0
2018-12-20 00:00:00-05:00,126.447446426921,127.5509407081662,122.7034871679011,123.73799896240234,1173500,0.0,0.0
2018-12-21 00:00:00-05:00,124.15180919796335,127.04844969281287,121.7773443955493,122.28968048095703,1415900,0.0,0.0
2018-12-24 00:00:00-05:00,121.40295559323187,121.56059226797903,117.88560037390911,119.03834533691406,583400,0.0,0.0
2018-12-26 00:00:00-05:00,119.03833160518386,122.77244339881119,117.6195641116781,122.70347595214844,870500,0.0,0.0
2018-12-27 00:00:00-05:00,120.70342723143592,122.77245840103248,118.52601755857056,122.76260375976562,1208600,0.0,0.0
2018-12-28 00:00:00-05:00,123.53110080729564,124.43753988456176,121.12708699572507,122.67393493652344,897900,0.0,0.0
2018-12-31 00:00:00-05:00,123.1271487359673,124.92031006216654,122.99906095181029,124.49665069580078,635500,0.0,0.0
2019-01-02 00:00:00-05:00,123.40302080393408,125.265149618307,121.95469672233538,124.56562042236328,1043000,0.0,0.0
2019-01-03 00:00:00-05:00,122.15174707868088,123.61977286731522,120.46695677412029,121.87586975097656,956100,0.0,0.0
2019-01-04 00:00:00-05:00,123.40302253050372,127.38344075415029,123.04833060690925,126.07305908203125,1296300,0.0,0.0
2019-01-07 00:00:00-05:00,126.4967017554757,128.66425654282455,124.24047024049538,125.10749816894531,1642100,0.0,0.0
2019-01-08 00:00:00-05:00,126.2306891752242,127.19624854860959,125.21587914778577,126.46715545654297,1223200,0.0,0.0
2019-01-09 00:00:00-05:00,127.28490771302484,129.6002445204,127.11741641465288,127.77753448486328,844600,0.0,0.0
2019-01-10 00:00:00-05:00,127.16668005983296,129.16674351872965,127.16668005983296,128.9696807861328,740600,0.0,0.0
2019-01-11 00:00:00-05:00,128.1617921069724,130.0436301206645,128.1617921069724,129.9746551513672,682500,0.0,0.0
2019-01-14 00:00:00-05:00,129.10762492079257,130.54610178933305,128.8711736787913,129.21600341796875,1459600,0.0,0.0
2019-01-15 00:00:00-05:00,128.87117324797515,130.89094612471902,128.73323834600993,130.6840362548828,680000,0.0,0.0
2019-01-16 00:00:00-05:00,130.4180056652063,131.9549987749686,129.93524105449492,130.08302307128906,1073800,0.0,0.0
2019-01-17 00:00:00-05:00,130.47714157413296,133.6989254146748,129.32439653770683,133.26541137695312,1476100,0.0,0.0
2019-01-18 00:00:00-05:00,134.64477634467266,135.78767426255865,134.07332738572967,135.66943359375,1180800,0.0,0.0
2019-01-22 00:00:00-05:00,134.9895780082722,134.9895780082722,132.80231401312173,133.6988983154297,789500,0.0,0.0
2019-01-23 00:00:00-05:00,133.99449157714844,135.67928187287006,133.09790717981247,133.99449157714844,721300,0.0,0.0
2019-01-24 00:00:00-05:00,133.77773323416673,134.98959095840596,133.21614649709076,134.34918212890625,673800,0.0,0.0
2019-01-25 00:00:00-05:00,135.51177523641798,136.79260793931024,134.8122535905199,135.37384033203125,686900,0.0,0.0
2019-01-28 00:00:00-05:00,134.4378558933776,134.9600391187961,133.19644172170334,134.48712158203125,629700,0.0,0.0
2019-01-29 00:00:00-05:00,134.78268487249565,135.2260459508252,133.62007789848806,134.60533142089844,568300,0.0,0.0
2019-01-30 00:00:00-05:00,134.89108214328934,136.38865688155408,134.04376339468632,136.3295440673828,760500,0.0,0.0
2019-01-31 00:00:00-05:00,136.11277342160662,138.11283694748423,135.49207390122214,137.2950897216797,785100,0.0,0.0
2019-02-01 00:00:00-05:00,136.92070258315775,139.09810475682193,136.40836646956356,138.91091918945312,740500,0.0,0.0
2019-02-04 00:00:00-05:00,138.82221461275282,139.16705935741416,137.56109131295935,138.8911895751953,557700,0.0,0.0
2019-02-05 00:00:00-05:00,139.63998357684517,140.63509929924638,138.87148699874353,139.8173370361328,869000,0.0,0.0
2019-02-06 00:00:00-05:00,139.46263748671228,140.00452992450926,138.24091772093144,139.15721130371094,1332700,0.0,0.0
2019-02-07 00:00:00-05:00,142.56619755597572,147.29541799674024,141.51198398720877,145.28550720214844,1624800,0.0,0.0
2019-02-08 00:00:00-05:00,144.32979942009007,144.8322733235429,140.46760726884872,142.69427490234375,1094600,0.0,0.0
2019-02-11 00:00:00-05:00,142.56620432053023,143.2460317643302,141.8075547783702,142.16224670410156,743900,0.0,0.0
2019-02-12 00:00:00-05:00,142.73367690119056,145.17711652819975,141.96518033530452,144.42831420898438,573500,0.0,0.0
2019-02-13 00:00:00-05:00,144.83226963779893,146.38897202707463,144.39875567701634,145.01947021484375,693900,0.0,0.0
2019-02-14 00:00:00-05:00,143.1080975452126,144.92096071495914,142.15240026940288,144.5958251953125,796000,0.0,0.0
2019-02-15 00:00:00-05:00,145.61062743726455,148.42845342185595,145.19682271650635,147.95553588867188,1663400,0.0,0.0
2019-02-19 00:00:00-05:00,147.8570311094268,148.76346271632664,147.27571999629598,147.58114624023438,1065000,0.0,0.0
2019-02-20 00:00:00-05:00,147.5319009216033,148.12304414726657,146.61560712284557,147.541748046875,625700,0.0,0.0
2019-02-21 00:00:00-05:00,147.74862770680303,147.74862770680303,145.48254155446594,146.1328125,481600,0.0,0.0
2019-02-22 00:00:00-05:00,146.12296881306776,146.65501421167437,145.28551221715418,146.5663299560547,534100,0.0,0.0
2019-02-25 00:00:00-05:00,147.36438389533828,147.67965722063286,144.85198428143067,144.9209442138672,492700,0.0,0.0
2019-02-26 00:00:00-05:00,144.9209550607437,146.09340930390684,144.22143339158458,144.7534637451172,414400,0.0,0.0
2019-02-27 00:00:00-05:00,144.46775106829833,145.55152108972314,143.68939224671323,144.9505157470703,521900,0.0,0.0
2019-02-28 00:00:00-05:00,144.9603687438252,146.290452099754,144.65494252951066,146.0540008544922,534700,0.0,0.0
2019-03-01 00:00:00-05:00,146.96044057600986,147.90627567740256,145.81754271419732,146.53677368164062,660400,0.0,0.0
2019-03-04 00:00:00-05:00,147.12793867509674,147.71908188226297,143.25588376784327,144.8520050048828,557500,0.0,0.0
2019-03-05 00:00:00-05:00,145.07859749493687,146.03429472188415,143.640120575541,145.1968231201172,570000,0.0,0.0
2019-03-06 00:00:00-05:00,145.11797856096496,145.324888406778,141.9553233067552,143.06866455078125,735900,0.0,0.0
2019-03-07 00:00:00-05:00,143.08838688039708,144.26084115798312,142.70413854884836,143.6598358154297,606500,0.0,0.0
2019-03-08 00:00:00-05:00,142.79281513287745,144.53671843540036,142.79281513287745,144.34951782226562,746100,0.0,0.0
2019-03-11 00:00:00-04:00,144.7830323137428,146.90133684907693,144.06380130180608,146.81265258789062,503100,0.0,0.0
2019-03-12 00:00:00-04:00,147.62055875437565,149.47284045944212,147.2954232401601,149.17726135253906,808400,0.0,0.0
2019-03-13 00:00:00-04:00,150.20191513628336,153.0887161329825,149.45312777842878,152.6453399658203,1010900,0.0,0.0
2019-03-14 00:00:00-04:00,152.47783125070916,152.47783125070916,150.4186549762527,150.5664520263672,957900,0.0,0.0
2019-03-15 00:00:00-04:00,150.5960278793676,152.79313933075943,150.50734362433485,152.08375549316406,979100,0.0,0.0
2019-03-18 00:00:00-04:00,152.6354981801352,153.14783430278553,151.778332290026,152.60594177246094,846400,0.0,0.0
2019-03-19 00:00:00-04:00,152.82268468641323,154.73407905316765,152.82268468641323,153.66015625,572500,0.0,0.0
2019-03-20 00:00:00-04:00,153.28575685568669,153.7882307794078,151.0787833800506,151.83743286132812,541900,0.0,0.0
2019-03-21 00:00:00-04:00,151.1575974193204,154.62569411519587,150.81276769803878,153.99513244628906,410800,0.0,0.0
2019-03-22 00:00:00-04:00,153.6798515835229,155.7390430233446,151.0689355695211,152.04434204101562,584500,0.0,0.0
2019-03-25 00:00:00-04:00,151.82758508765585,151.82758508765585,149.84721573898463,150.66497802734375,574600,0.0,0.0
2019-03-26 00:00:00-04:00,150.95072194455423,151.77833142225745,148.11318655382547,148.91123962402344,853300,0.0,0.0
2019-03-27 00:00:00-04:00,148.26096446225012,149.2068145774102,146.57618914625976,148.68463134765625,866700,0.0,0.0
2019-03-28 00:00:00-04:00,148.73389291975894,149.51223666380577,146.78307993007311,148.39889526367188,385500,0.0,0.0
2019-03-29 00:00:00-04:00,149.0097740297436,151.09850704933177,149.0097740297436,150.72410583496094,494400,0.0,0.0
2019-04-01 00:00:00-04:00,151.7783072730749,152.78327006968976,150.96054505006012,152.50738525390625,605200,0.0,0.0
2019-04-02 00:00:00-04:00,155.4040533957142,156.2316778841401,153.96559149126975,155.2562713623047,1092800,0.0,0.0
2019-04-03 00:00:00-04:00,156.03460303303535,156.78340536767442,153.48279989544773,154.36952209472656,1166400,0.0,0.0
2019-04-04 00:00:00-04:00,154.56658710268545,155.24641448119905,154.05425102943545,155.128173828125,442900,0.0,0.0
2019-04-05 00:00:00-04:00,155.64051934888502,157.28589113034874,155.28582743568592,156.6356201171875,593800,0.0,0.0
2019-04-08 00:00:00-04:00,156.41884878034583,156.64546792202592,154.85229923799807,156.4287109375,415700,0.0,0.0
2019-04-09 00:00:00-04:00,156.31046932332464,156.96074027288887,155.11832094956623,155.31536865234375,533100,0.0,0.0
2019-04-10 00:00:00-04:00,155.49275010327688,157.41399186036458,154.93114826378576,157.25634765625,572600,0.0,0.0
2019-04-11 00:00:00-04:00,157.64058731696605,157.87705361010157,154.9902525372951,155.5419921875,422000,0.0,0.0
2019-04-12 00:00:00-04:00,156.29078087506423,158.06422529963257,155.06906101847625,155.128173828125,609200,0.0,0.0
2019-04-15 00:00:00-04:00,155.59126863804178,157.38443765899615,154.99026325598092,156.7243194580078,615400,0.0,0.0
2019-04-16 00:00:00-04:00,157.82778247607214,157.82778247607214,150.07384116567385,150.35955810546875,1064200,0.0,0.0
2019-04-17 00:00:00-04:00,150.85218125647555,151.43347727991843,138.45768900345448,142.03416442871094,2374600,0.0,0.0
2019-04-18 00:00:00-04:00,142.0735740497083,145.59093681440686,140.8222976983524,143.0785369873047,1374000,0.0,0.0
2019-04-22 00:00:00-04:00,143.07853045641886,144.68449865163433,141.71887566371979,142.12283325195312,946400,0.0,0.0
2019-04-23 00:00:00-04:00,143.04895334721996,150.3989357956244,143.04895334721996,149.05899047851562,1122400,0.0,0.0
2019-04-24 00:00:00-04:00,148.90136700752657,152.84238102715784,148.66490075418955,151.68963623046875,791000,0.0,0.0
2019-04-25 00:00:00-04:00,150.97041269316196,152.84240364983117,149.5122414995271,152.43844604492188,558200,0.0,0.0
2019-04-26 00:00:00-04:00,152.605942748493,152.75372478780938,150.99997443029002,152.3399200439453,1123600,0.0,0.0
2019-04-29 00:00:00-04:00,152.89164625538254,153.45324802294746,151.13789605210815,153.18722534179688,775100,0.0,0.0
2019-04-30 00:00:00-04:00,152.78328142778082,159.73916936824403,152.78328142778082,157.56175231933594,1800100,0.0,0.0
2019-05-01 00:00:00-04:00,158.63569596380069,159.98550378247893,154.89174385674096,158.7834930419922,1193800,0.0,0.0
2019-05-02 00:00:00-04:00,158.70463924130624,163.74913246674544,157.54203226695148,163.1875457763672,1382700,0.0,0.0
2019-05-03 00:00:00-04:00,163.84767649697008,165.45362964014166,160.01504059876052,162.517578125,1381400,0.0,0.0
2019-05-06 00:00:00-04:00,159.8081240138076,163.3057771495579,159.61107630907017,163.00035095214844,708000,0.0,0.0
2019-05-07 00:00:00-04:00,161.9067207138709,162.8427085971803,158.38935825815207,159.8278350830078,677700,0.0,0.0
2019-05-08 00:00:00-04:00,159.51256212374815,162.3993631756682,157.85734318510916,161.08897399902344,763600,0.0,0.0
2019-05-09 00:00:00-04:00,159.55196169666135,164.29102884906223,159.55196169666135,163.4732666015625,965000,0.0,0.0
2019-05-10 00:00:00-04:00,163.11858833338925,164.50779955771773,160.48796294927766,163.8870849609375,748200,0.0,0.0
2019-05-13 00:00:00-04:00,160.8820596334452,161.059413105518,158.81303601777898,159.63079833984375,642300,0.0,0.0
2019-05-14 00:00:00-04:00,159.88694378559435,162.97079218657623,159.64063039979774,160.9214630126953,860900,0.0,0.0
2019-05-15 00:00:00-04:00,159.4436101616177,163.68020413381572,159.33523165184826,162.9215545654297,782700,0.0,0.0
2019-05-16 00:00:00-04:00,163.38463163901275,165.65071827732143,162.19246798320256,162.55702209472656,892300,0.0,0.0
2019-05-17 00:00:00-04:00,160.7342887712148,164.19252386228925,160.50768462860898,161.98556518554688,704600,0.0,0.0
2019-05-20 00:00:00-04:00,161.9363049537045,164.28121366058704,161.59146013194686,163.14816284179688,909700,0.0,0.0
2019-05-21 00:00:00-04:00,163.72944064067767,165.77876999041834,163.46343298550903,163.91664123535156,735900,0.0,0.0
2019-05-22 00:00:00-04:00,163.522551954393,165.1876330533587,162.9412559002505,164.99058532714844,587900,0.0,0.0
2019-05-23 00:00:00-04:00,163.94620337903325,164.19251679458696,161.82791401878254,163.78857421875,763500,0.0,0.0
2019-05-24 00:00:00-04:00,164.0940033525483,164.8132343292353,162.94125835141057,164.34031677246094,646700,0.0,0.0
2019-05-28 00:00:00-04:00,164.1038513081923,164.74427522347503,162.6358329396971,162.81317138671875,2195500,0.0,0.0
2019-05-29 00:00:00-04:00,162.5668434244079,162.5668434244079,160.20224080629086,161.2860107421875,595800,0.0,0.0
2019-05-30 00:00:00-04:00,161.60131564717082,162.5373036528882,159.77859029358044,160.9608917236328,405900,0.0,0.0
2019-05-31 00:00:00-04:00,159.6012295131075,161.16777906458208,158.36966256375146,160.2120819091797,749400,0.0,0.0
2019-06-03 00:00:00-04:00,160.47810556133055,163.56193899841384,160.47810556133055,161.26629638671875,520700,0.0,0.0
2019-06-04 00:00:00-04:00,162.5668634426793,164.2615010400568,160.6259124158432,163.97576904296875,629600,0.0,0.0
2019-06-05 00:00:00-04:00,165.12850203135423,165.12850203135423,159.0002237091355,164.37969970703125,806100,0.0,0.0
2019-06-06 00:00:00-04:00,164.43881105848638,166.1236012395139,163.0299057018232,164.76394653320312,704800,0.0,0.0
2019-06-07 00:00:00-04:00,165.84776827567364,166.26157305344202,163.78859151233362,164.51766967773438,481400,0.0,0.0
2019-06-10 00:00:00-04:00,165.19747509816472,167.00049105341415,164.58662265556276,164.9708709716797,495000,0.0,0.0
2019-06-11 00:00:00-04:00,166.15317034095446,166.81328846415065,163.15800594262498,164.15310668945312,494900,0.0,0.0
2019-06-12 00:00:00-04:00,163.82795140641613,164.20235254866196,161.41408332890165,164.01515197753906,683300,0.0,0.0
2019-06-13 00:00:00-04:00,164.04472788885508,165.61127753806554,162.98065217417138,165.53245544433594,578500,0.0,0.0
2019-06-14 00:00:00-04:00,166.01521050645442,166.01521050645442,163.2860541717578,163.9363250732422,725400,0.0,0.0
2019-06-17 00:00:00-04:00,164.44867234148623,165.38466019984824,163.63091009738335,163.68017578125,483700,0.0,0.0
2019-06-18 00:00:00-04:00,165.13836736793013,165.98568612105774,163.47328626891837,163.64077758789062,513600,0.0,0.0
2019-06-19 00:00:00-04:00,164.5964820866245,167.13843845783603,163.5619626862579,167.00050354003906,526800,0.0,0.0
2019-06-20 00:00:00-04:00,167.4931106556011,167.95618104658638,164.52750275556448,165.51275634765625,552600,0.0,0.0
2019-06-21 00:00:00-04:00,167.1581225782381,169.20745178685257,166.6851900451743,168.28131103515625,1327200,0.0,0.0
2019-06-24 00:00:00-04:00,168.4389813814478,168.626166958535,165.52262377624191,166.8231658935547,707000,0.0,0.0
2019-06-25 00:00:00-04:00,166.81328808244635,168.02514582621097,165.53245536903327,166.9118194580078,568200,0.0,0.0
2019-06-26 00:00:00-04:00,167.49312528802474,167.49312528802474,164.724564857786,165.6901092529297,621800,0.0,0.0
2019-06-27 00:00:00-04:00,166.82315947120668,168.68528831565013,166.1039134641193,168.44882202148438,496400,0.0,0.0
2019-06-28 00:00:00-04:00,168.58675956472067,170.49815412949013,167.9660449289632,170.35035705566406,924100,0.0,0.0
2019-07-01 00:00:00-04:00,172.2321718478235,175.2174889220351,171.3355875030864,172.4489288330078,848900,0.0,0.0
2019-07-02 00:00:00-04:00,172.21246832652986,173.65094518233465,170.64591872703394,173.58197021484375,471200,0.0,0.0
2019-07-03 00:00:00-04:00,174.2026949695678,175.17810149253154,173.0795064130236,173.62139892578125,476100,0.0,0.0
2019-07-05 00:00:00-04:00,173.33567613172505,175.20766718098704,172.4982195074417,175.1584014892578,423800,0.0,0.0
2019-07-08 00:00:00-04:00,174.14357328938118,175.1386740103037,171.95630910109247,173.28640747070312,761300,0.0,0.0
2019-07-09 00:00:00-04:00,172.23218831740888,173.68051238700963,170.10403682324724,172.12380981445312,673300,0.0,0.0
2019-07-10 00:00:00-04:00,172.66570383364933,173.1090649736849,171.26664544116184,171.73956298828125,463400,0.0,0.0
2019-07-11 00:00:00-04:00,173.4637493030873,174.26180232699045,170.37005354885127,172.3701171875,509800,0.0,0.0
2019-07-12 00:00:00-04:00,171.92675924622188,173.44404322871904,170.77401429773604,172.8627471923828,790100,0.0,0.0
2019-07-15 00:00:00-04:00,173.55243025395487,173.55243025395487,170.51786213991693,172.02529907226562,527400,0.0,0.0
2019-07-16 00:00:00-04:00,173.0105509741142,173.83816045124044,171.79867813213153,172.46865844726562,609900,0.0,0.0
2019-07-17 00:00:00-04:00,172.19276749049286,172.19276749049286,170.3897516863007,171.3060302734375,522100,0.0,0.0
2019-07-18 00:00:00-04:00,171.25679586423934,172.75437058096773,170.29123646740157,172.38983154296875,421800,0.0,0.0
2019-07-19 00:00:00-04:00,172.50805875122583,172.91201635766092,170.61637353871672,170.6853485107422,441400,0.0,0.0
2019-07-22 00:00:00-04:00,171.05974382999304,171.88736836969693,169.5227504521949,169.61141967773438,461700,0.0,0.0
2019-07-23 00:00:00-04:00,171.43412550932723,174.03519439846252,170.10402714272692,173.3750762939453,770200,0.0,0.0
2019-07-24 00:00:00-04:00,172.97112593445829,175.8086612170078,172.86274743314485,175.4736785888672,693500,0.0,0.0
2019-07-25 00:00:00-04:00,172.78391870372474,172.78391870372474,166.50785809406474,169.2370147705078,2056200,0.0,0.0
2019-07-26 00:00:00-04:00,169.9759700322624,170.06463925585084,162.97081572699207,164.0742950439453,1476000,0.0,0.0
2019-07-29 00:00:00-04:00,163.45355231688092,165.77875121636168,162.5372737630675,164.83291625976562,1105200,0.0,0.0
2019-07-30 00:00:00-04:00,163.58166273153637,168.15323907805532,161.81806530831935,168.10397338867188,775400,0.0,0.0
2019-07-31 00:00:00-04:00,168.25175672669755,168.25175672669755,162.05450333891562,165.0496826171875,1465800,0.0,0.0
2019-08-01 00:00:00-04:00,165.5324477801262,166.4487414227529,162.7047748297189,163.55209350585938,612000,0.0,0.0
2019-08-02 00:00:00-04:00,163.32550943353485,164.4289887625036,161.39440557406124,162.3402557373047,587000,0.0,0.0
2019-08-05 00:00:00-04:00,160.50766663155463,161.73923362424574,154.53703225639237,157.41397094726562,1058600,0.0,0.0
2019-08-06 00:00:00-04:00,158.13321489718513,159.38449127436525,155.20701027862842,159.26625061035156,762000,0.0,0.0
2019-08-07 00:00:00-04:00,157.95587033432463,159.71946773007522,155.65036539757358,159.5421142578125,573700,0.0,0.0
2019-08-08 00:00:00-04:00,160.20224316500563,162.30082313350516,159.9165111988953,162.01510620117188,573200,0.0,0.0
2019-08-09 00:00:00-04:00,162.0151093908472,163.01021014540652,160.7736801949068,162.5077362060547,477600,0.0,0.0
2019-08-12 00:00:00-04:00,161.86730084741433,162.901820092744,160.7244181428497,161.5027618408203,425100,0.0,0.0
2019-08-13 00:00:00-04:00,162.3205307928704,164.27132871373084,161.7195254948052,163.7491455078125,455300,0.0,0.0
2019-08-14 00:00:00-04:00,162.3796483415051,162.80331521993435,160.78354227184545,161.21705627441406,566200,0.0,0.0
2019-08-15 00:00:00-04:00,161.41410399364236,161.92644009065776,160.29091545688607,161.21705627441406,427000,0.0,0.0
2019-08-16 00:00:00-04:00,161.9954055087411,164.20237912659786,161.70968856125867,163.69989013671875,617200,0.0,0.0
2019-08-19 00:00:00-04:00,165.04968345453557,166.5965237531058,164.51763810395678,166.13345336914062,450900,0.0,0.0
2019-08-20 00:00:00-04:00,166.53742732442757,167.46356818345274,164.32060655778236,164.54721069335938,509600,0.0,0.0
2019-08-21 00:00:00-04:00,165.56200980811343,166.9315117229962,165.19747078366558,166.09405517578125,489000,0.0,0.0
2019-08-22 00:00:00-04:00,166.5374238507862,166.62609307149586,164.6950043295237,165.4635009765625,414600,0.0,0.0
2019-08-23 00:00:00-04:00,165.7886496722407,167.07932965559368,162.60626929396028,163.4141845703125,633200,0.0,0.0
2019-08-26 00:00:00-04:00,164.310745929565,164.87233266006407,162.09392534510593,162.78359985351562,470300,0.0,0.0
2019-08-27 00:00:00-04:00,163.4634320141964,164.07428444895322,160.64560605426888,161.5126190185547,622600,0.0,0.0
2019-08-28 00:00:00-04:00,160.94118924051355,162.1727562991836,159.92637918687163,161.79835510253906,446100,0.0,0.0
2019-08-29 00:00:00-04:00,163.38461555898073,165.7590804777632,162.91169801361508,165.3748321533203,364100,0.0,0.0
2019-08-30 00:00:00-04:00,166.0940589828055,167.72958361900987,164.80337913109656,165.08909606933594,682000,0.0,0.0
2019-09-03 00:00:00-04:00,163.6703283040693,166.27139728749594,163.33534567777266,165.11865234375,524400,0.0,0.0
2019-09-04 00:00:00-04:00,166.1039190782166,166.8330122345365,163.85754182594042,165.70982360839844,304700,0.0,0.0
2019-09-05 00:00:00-04:00,167.51283593685497,168.08428487890325,166.39949446064213,167.9759063720703,671500,0.0,0.0
2019-09-06 00:00:00-04:00,167.99558615999067,172.16321971816842,167.18768602441898,170.37989807128906,729700,0.0,0.0
2019-09-09 00:00:00-04:00,171.2272185219059,171.3750155838921,166.6753516477392,169.93653869628906,605800,0.0,0.0
2019-09-10 00:00:00-04:00,169.71979569426856,172.17308280127958,168.4882285783796,171.5523681640625,482200,0.0,0.0
2019-09-11 00:00:00-04:00,171.43413742196913,171.67060371333187,168.46852930746175,171.59178161621094,476300,0.0,0.0
2019-09-12 00:00:00-04:00,172.50805526291435,173.30610830148464,170.13359039557446,170.2518310546875,418800,0.0,0.0
2019-09-13 00:00:00-04:00,170.3700585722947,171.84793904051426,169.19760432876947,169.77891540527344,513100,0.0,0.0
2019-09-16 00:00:00-04:00,168.8626149193857,170.73459075714626,168.41925380347155,170.2025604248047,337900,0.0,0.0
2019-09-17 00:00:00-04:00,170.11389135833883,170.13358560615546,168.39954467034568,168.85276794433594,356200,0.0,0.0
2019-09-18 00:00:00-04:00,168.80350776411402,169.2665781771193,167.76898843646865,168.7246856689453,401400,0.0,0.0
2019-09-19 00:00:00-04:00,169.46363666764313,170.2025769438102,168.52764865792057,168.58676147460938,471800,0.0,0.0
2019-09-20 00:00:00-04:00,168.64585818319475,171.23707998159736,168.3896976574174,170.14344787597656,722000,0.0,0.0
2019-09-23 00:00:00-04:00,169.31584582105594,169.7789162394087,167.7985467806472,169.54244995117188,1073000,0.0,0.0
2019-09-24 00:00:00-04:00,170.22225267981784,171.10897482295132,166.97091309870268,167.916748046875,562100,0.0,0.0
2019-09-25 00:00:00-04:00,167.36502804669328,167.36502804669328,165.17776380199632,165.4733428955078,633400,0.0,0.0
2019-09-26 00:00:00-04:00,165.98569292381328,166.2812720421398,162.92155329917816,164.53736877441406,519900,0.0,0.0
2019-09-27 00:00:00-04:00,165.36495852854847,165.6408283303641,161.7589267899597,162.99049377441406,497300,0.0,0.0
2019-09-30 00:00:00-04:00,163.18756718110913,166.30095729555856,163.06932651990792,165.52261352539062,436700,0.0,0.0
2019-10-01 00:00:00-04:00,165.53245072586427,168.61629928235473,165.158064583542,165.4832000732422,567200,0.0,0.0
2019-10-02 00:00:00-04:00,164.1629518569777,164.1925082626061,161.73923639278905,162.01510620117188,567000,0.0,0.0
2019-10-03 00:00:00-04:00,161.90674792908365,162.5570190016981,158.63569831565016,162.00526428222656,1087100,0.0,0.0
2019-10-04 00:00:00-04:00,162.23189308353162,164.7639875127282,162.23189308353162,164.68516540527344,496400,0.0,0.0
2019-10-07 00:00:00-04:00,163.95608284854134,166.59655572585746,163.04965118765168,164.51766967773438,515000,0.0,0.0
2019-10-08 00:00:00-04:00,163.46344927387054,163.46344927387054,160.87222716391747,161.06927490234375,406200,0.0,0.0
2019-10-09 00:00:00-04:00,161.92645372756746,164.05459032174582,161.09882918306516,162.9215545654297,288100,0.0,0.0
2019-10-10 00:00:00-04:00,162.50773274355024,163.8378160960044,161.6998175676108,162.07421875,512100,0.0,0.0
2019-10-11 00:00:00-04:00,163.45357822331968,165.44379485085105,163.1974176806782,163.31564331054688,508400,0.0,0.0
2019-10-14 00:00:00-04:00,163.18754632333835,164.74424869848244,162.862410855703,163.01019287109375,373900,0.0,0.0
2019-10-15 00:00:00-04:00,164.26148076139955,165.9265617443842,162.99049520338474,165.30584716796875,339900,0.0,0.0
2019-10-16 00:00:00-04:00,165.67038802556115,167.7886923011589,165.30584900173133,167.47340393066406,537100,0.0,0.0
2019-10-17 00:00:00-04:00,167.90692619450903,169.48333805708538,167.57194355968932,167.98574829101562,429800,0.0,0.0
2019-10-18 00:00:00-04:00,167.74928356164773,167.94634632163584,163.3550606354254,164.99058532714844,691900,0.0,0.0
2019-10-21 00:00:00-04:00,165.44380134303108,166.764037707632,164.11371785348064,165.56202697753906,654600,0.0,0.0
2019-10-22 00:00:00-04:00,166.00540483705635,168.06458150551208,164.94132901449208,165.14822387695312,593600,0.0,0.0
2019-10-23 00:00:00-04:00,164.86249146251185,166.96108650204536,164.73440367999692,166.55712890625,451300,0.0,0.0
2019-10-24 00:00:00-04:00,165.06938394856235,165.06938394856235,157.66028759228647,161.83775329589844,1594500,0.0,0.0
2019-10-25 00:00:00-04:00,161.59143969616852,163.90679170080531,161.36483557457973,163.24667358398438,554400,0.0,0.0
2019-10-28 00:00:00-04:00,163.58163765935112,164.04470800778083,161.24659167148994,161.40423583984375,565800,0.0,0.0
2019-10-29 00:00:00-04:00,161.54219120323515,163.2762321735804,161.18749929637164,162.655517578125,337900,0.0,0.0
2019-10-30 00:00:00-04:00,162.94125015852066,164.04472941343593,162.11362568355688,163.82797241210938,322800,0.0,0.0
2019-10-31 00:00:00-04:00,163.4437350662734,164.23194103001322,161.6604282815013,162.3402557373047,430100,0.0,0.0
2019-11-01 00:00:00-04:00,163.3452019045137,165.19748364406647,163.03977566741258,164.0742950439453,382900,0.0,0.0
2019-11-04 00:00:00-05:00,164.88220184836865,164.88220184836865,162.7047846999241,163.5915069580078,345500,0.0,0.0
2019-11-05 00:00:00-05:00,163.65063833296438,165.4339450455504,161.8870258691854,162.7047882080078,766900,0.0,0.0
2019-11-06 00:00:00-05:00,161.99541407064484,162.8328857421875,161.2466266591537,162.8328857421875,542200,0.0,0.0
2019-11-07 00:00:00-05:00,163.85751540196125,164.83292182806625,162.57668278093405,163.35504150390625,407500,0.0,0.0
2019-11-08 00:00:00-05:00,163.76885169701586,166.08420362955934,163.08902431964026,165.9265594482422,497400,0.0,0.0
2019-11-11 00:00:00-05:00,164.57677689353616,165.4930706825021,162.99051778255546,163.38462829589844,334400,0.0,0.0
2019-11-12 00:00:00-05:00,162.75403999757975,164.27132388391038,162.2515510541394,163.67031860351562,586600,0.0,0.0
2019-11-13 00:00:00-05:00,163.5816555250934,165.5718720250415,163.4141642155905,164.71469116210938,447300,0.0,0.0
2019-11-14 00:00:00-05:00,164.97085846313465,166.98076911032382,164.3501439096341,166.90194702148438,658600,0.0,0.0
2019-11-15 00:00:00-05:00,167.31576399209754,169.6902136065284,166.39947037897653,169.02024841308594,825800,0.0,0.0
2019-11-18 00:00:00-05:00,169.1680420635222,169.44391187200046,165.39451892796538,165.94625854492188,848800,0.0,0.0
2019-11-19 00:00:00-05:00,166.3896444890057,169.3946561534714,164.70485409957143,168.71484375,713700,0.0,0.0
2019-11-20 00:00:00-05:00,168.61630344782282,169.46362215997377,166.8921096177068,168.35028076171875,539100,0.0,0.0
2019-11-21 00:00:00-05:00,168.03501189362908,168.5867515285451,166.2221487978257,167.19754028320312,494300,0.0,0.0
2019-11-22 00:00:00-05:00,167.4931038378786,169.21729755385678,166.88225144645472,167.2566375732422,538000,0.0,0.0
2019-11-25 00:00:00-05:00,167.857666948597,170.32080118231488,166.85271900556046,170.2321319580078,926200,0.0,0.0
2019-11-26 00:00:00-05:00,170.47844276322826,171.7986790841185,169.95625951640184,170.91195678710938,615100,0.0,0.0
2019-11-27 00:00:00-05:00,171.5917734773376,171.7789740698983,170.0055145532404,171.0498809814453,447700,0.0,0.0
2019-11-29 00:00:00-05:00,170.63608117278397,170.79372536408118,169.1089350163695,169.7493438720703,224000,0.0,0.0
2019-12-02 00:00:00-05:00,169.6803778702287,171.345458876075,169.19759818930177,170.05477905273438,637100,0.0,0.0
2019-12-03 00:00:00-05:00,168.89218055770337,169.20746894505052,166.94138252077053,167.77883911132812,442800,0.0,0.0
2019-12-04 00:00:00-05:00,168.02513178169232,170.00550101499576,167.29605378507594,169.28627014160156,500200,0.0,0.0
2019-12-05 00:00:00-05:00,169.85772756055468,169.85772756055468,167.71972888980685,168.44882202148438,893400,0.0,0.0
2019-12-06 00:00:00-05:00,169.73950417360362,170.57697582195271,169.03012031550932,169.14834594726562,548700,0.0,0.0
2019-12-09 00:00:00-05:00,168.66555548731762,168.80349038121437,166.49800071160763,166.586669921875,458000,0.0,0.0
2019-12-10 00:00:00-05:00,162.56685920938634,166.133472764262,161.03971297975463,165.06939697265625,688100,0.0,0.0
2019-12-11 00:00:00-05:00,165.39450243155713,165.65067796657678,163.92648431866985,164.95114135742188,557200,0.0,0.0
2019-12-12 00:00:00-05:00,165.50290495312194,167.6606128655275,165.10880950416706,166.66551208496094,587100,0.0,0.0
2019-12-13 00:00:00-05:00,166.81329881568334,167.00049942102882,163.78857782367535,164.13340759277344,434100,0.0,0.0
2019-12-16 00:00:00-05:00,165.16790892171667,165.76891420458213,163.78855992847295,164.8427734375,550200,0.0,0.0
2019-12-17 00:00:00-05:00,164.82307364272452,166.69506456561163,164.82307364272452,165.0299835205078,576200,0.0,0.0
2019-12-18 00:00:00-05:00,165.38467394065924,165.77876937678332,164.18266331657045,165.4142303466797,596800,0.0,0.0
2019-12-19 00:00:00-05:00,166.17290074041122,167.73945059157356,166.08423151120107,166.60641479492188,645000,0.0,0.0
2019-12-20 00:00:00-05:00,167.00048968163057,167.25665021234522,165.30585224145105,165.3255615234375,978700,0.0,0.0
2019-12-23 00:00:00-05:00,165.35513832554417,166.72464043386873,164.78368934766917,166.60641479492188,775700,0.0,0.0
2019-12-24 00:00:00-05:00,166.84284610767946,167.57193920608992,166.19257510372773,166.49801635742188,163700,0.0,0.0
2019-12-26 00:00:00-05:00,166.6457759583937,167.12855558430635,165.00040442169487,165.6605224609375,207800,0.0,0.0
2019-12-27 00:00:00-05:00,165.78863614193918,167.03005033062863,165.14821224821856,166.8428497314453,345300,0.0,0.0
2019-12-30 00:00:00-05:00,166.7049034256466,166.72461270678636,164.91174972011956,165.86744689941406,323600,0.0,0.0
2019-12-31 00:00:00-05:00,165.54231834821366,166.7246196919314,164.99057872339716,166.67535400390625,388600,0.0,0.0
2020-01-02 00:00:00-05:00,167.45372440870827,167.69017567359595,162.88214787094756,165.01028442382812,814900,0.0,0.0
2020-01-03 00:00:00-05:00,162.53727892809042,165.13834769204837,161.7490730833628,164.76394653320312,556600,0.0,0.0
2020-01-06 00:00:00-05:00,164.55705877498502,166.94137065820624,164.182657600059,166.92166137695312,579300,0.0,0.0
2020-01-07 00:00:00-05:00,165.92657184283726,166.9709383129676,165.79848405672695,166.66551208496094,526600,0.0,0.0
2020-01-08 00:00:00-05:00,167.49311888636817,171.69029398277257,166.44875243283403,171.2764892578125,857500,0.0,0.0
2020-01-09 00:00:00-05:00,171.7789793572594,174.34062981903327,171.5819166008496,172.33071899414062,827600,0.0,0.0
2020-01-10 00:00:00-05:00,172.5967316460006,175.37515422693284,172.370127510109,174.9613494873047,729600,0.0,0.0
2020-01-13 00:00:00-05:00,175.2273558389141,176.70523621416348,174.90222035230602,176.5771484375,728000,0.0,0.0
2020-01-14 00:00:00-05:00,176.2815649815073,178.77425528320643,175.24704573774758,177.72988891601562,996900,0.0,0.0
2020-01-15 00:00:00-05:00,177.66093706319438,178.81368197565052,175.28647226979942,175.60174560546875,790300,0.0,0.0
2020-01-16 00:00:00-05:00,176.41949965707337,177.50328458418113,174.10416281647224,175.1189727783203,1123400,0.0,0.0
2020-01-17 00:00:00-05:00,175.0302861095406,175.59188784593402,172.97110981031685,174.38987731933594,1029200,0.0,0.0
2020-01-21 00:00:00-05:00,174.24210580393282,177.3062451123702,173.94652671610802,176.98110961914062,647600,0.0,0.0
2020-01-22 00:00:00-05:00,177.49342061887242,177.70033047876746,176.53772347482473,176.91212463378906,592600,0.0,0.0
2020-01-23 00:00:00-05:00,176.6362693819572,177.16831476046482,175.0303011560827,177.11904907226562,566000,0.0,0.0
2020-01-24 00:00:00-05:00,177.54268486547818,177.7101761631913,174.291345177378,174.5672149658203,557000,0.0,0.0
2020-01-27 00:00:00-05:00,172.49820064113905,175.4046957299366,172.04497737408937,174.87266540527344,677800,0.0,0.0
2020-01-28 00:00:00-05:00,175.62145627978424,178.07474318499678,174.8825160710334,177.91709899902344,713100,0.0,0.0
2020-01-29 00:00:00-05:00,178.22254273482318,179.04030511695734,177.10920123337402,177.32595825195312,495200,0.0,0.0
2020-01-30 00:00:00-05:00,176.47864815442327,178.12402012466598,173.06967857389958,176.3998260498047,514800,0.0,0.0
2020-01-31 00:00:00-05:00,175.0894095620869,175.4539485534872,171.966142675605,172.81346130371094,529100,0.0,0.0
2020-02-03 00:00:00-05:00,173.9465305813044,176.97125139389522,173.90711201737082,175.94659423828125,681100,0.0,0.0
2020-02-04 00:00:00-05:00,177.54270056047045,180.2423009103339,177.37520924795086,179.81863403320312,797800,0.0,0.0
2020-02-05 00:00:00-05:00,180.6363998312137,182.14383670673863,180.6363998312137,181.60195922851562,496900,0.0,0.0
2020-02-06 00:00:00-05:00,182.76453244442675,182.76453244442675,180.4097770752,181.16842651367188,483500,0.0,0.0
2020-02-07 00:00:00-05:00,181.0305076148635,181.31622455305896,179.31616088435868,179.64129638671875,449000,0.0,0.0
2020-02-10 00:00:00-05:00,179.30631926142445,181.12902951486038,179.30631926142445,180.86302185058594,443900,0.0,0.0
2020-02-11 00:00:00-05:00,181.6315086665004,184.350803212693,180.73492427502413,183.37539672851562,518700,0.0,0.0
2020-02-12 00:00:00-05:00,183.67098071112028,185.42473097755772,182.97145904964844,184.74490356445312,747100,0.0,0.0
2020-02-13 00:00:00-05:00,185.71047089417385,193.46441251735845,185.48385172426046,191.8584442138672,1629600,0.0,0.0
2020-02-14 00:00:00-05:00,191.1194968512657,192.68606156431954,188.6268063451132,192.40032958984375,649500,0.0,0.0
2020-02-18 00:00:00-05:00,190.95200169194888,191.56285412555667,186.32131268457934,188.12432861328125,791600,0.0,0.0
2020-02-19 00:00:00-05:00,188.4987131390815,189.11941264186873,186.63656952939232,187.09963989257812,564500,0.0,0.0
2020-02-20 00:00:00-05:00,186.4691027184367,188.49873789118828,185.68091181560328,186.02574157714844,641400,0.0,0.0
2020-02-21 00:00:00-05:00,185.1981443949608,187.09967687317192,184.91241239501707,186.7646942138672,445000,0.0,0.0
2020-02-24 00:00:00-05:00,183.148777296991,186.4986332709699,182.8926167924599,184.7843017578125,875000,0.0,0.0
2020-02-25 00:00:00-05:00,185.9469102451422,186.57747195635903,179.94671934771955,181.7891387939453,939500,0.0,0.0
2020-02-26 00:00:00-05:00,183.06996485385636,185.42472030303884,180.18317908761588,180.89256286621094,584700,0.0,0.0
2020-02-27 00:00:00-05:00,178.9122072842572,184.58727794855355,177.12890057729211,179.8974609375,922400,0.0,0.0
2020-02-28 00:00:00-05:00,175.85792581702276,178.09444073262713,168.56703993533006,173.09921264648438,1776200,0.0,0.0
2020-03-02 00:00:00-05:00,173.99581073966056,185.64150174351752,173.99581073966056,185.18829345703125,1390800,0.0,0.0
2020-03-03 00:00:00-05:00,184.43948169050068,186.23265056349288,177.59197177713907,178.3703155517578,959600,0.0,0.0
2020-03-04 00:00:00-05:00,182.96159800993325,189.28692457705466,182.96159800993325,188.41004943847656,1780800,0.0,0.0
2020-03-05 00:00:00-05:00,184.50845420186218,191.6909466548947,182.08472362170227,184.27198791503906,1734300,0.0,0.0
2020-03-06 00:00:00-05:00,180.14377016343616,181.04035457515297,172.42923243381307,177.0599365234375,1551000,0.0,0.0
2020-03-09 00:00:00-04:00,177.1880179450091,177.1880179450091,166.67536299877474,173.49331665039062,1780000,0.0,0.0
2020-03-10 00:00:00-04:00,177.52296350927813,178.16338728685002,163.8082369722343,168.192626953125,1455800,0.0,0.0
2020-03-11 00:00:00-04:00,164.74426319399677,165.22702784260122,152.21183603778348,156.64547729492188,1891800,0.0,0.0
2020-03-12 00:00:00-04:00,147.29540058250697,148.52696747700955,134.5166612824463,134.87135314941406,1912800,0.0,0.0
2020-03-13 00:00:00-04:00,143.77806188421417,148.96050584742227,132.1520805213576,148.7930145263672,2088800,0.0,0.0
2020-03-16 00:00:00-04:00,138.9010443362953,140.25085195256506,119.77727641734943,120.11226654052734,1827900,0.0,0.0
2020-03-17 00:00:00-04:00,124.19122932876145,125.5804331083094,111.86570369140028,122.5951156616211,1782700,0.0,0.0
2020-03-18 00:00:00-04:00,114.84116428872076,117.76736886377672,99.76678778975908,106.17093658447266,1563000,0.0,0.0
2020-03-19 00:00:00-04:00,104.87039933845581,116.35845281636459,96.57455801704944,112.82139587402344,1187300,0.0,0.0
2020-03-20 00:00:00-04:00,115.21557313627487,119.59994921069213,104.88025613725947,105.65860748291016,1672700,0.0,0.0
2020-03-23 00:00:00-04:00,105.07730482980698,106.89016796450976,98.85050197039783,102.78166198730469,1119100,0.0,0.0
2020-03-24 00:00:00-04:00,108.84097052323258,116.87078917119548,107.0083981563688,116.03331756591797,1299900,0.0,0.0
2020-03-25 00:00:00-04:00,116.96931173266431,125.03854133854365,114.63425793194146,121.00885009765625,1129800,0.0,0.0
2020-03-26 00:00:00-04:00,121.79706476186482,136.3985242546428,121.32413967974684,135.02902221679688,1589800,0.0,0.0
2020-03-27 00:00:00-04:00,129.92540201888272,131.32446048401988,124.49665948509924,126.81201171875,1058600,0.0,0.0
2020-03-30 00:00:00-04:00,126.11246265528378,130.6249260137214,121.53103184450708,130.00421142578125,971200,0.0,0.0
2020-03-31 00:00:00-04:00,128.82191344237873,129.33424954468566,121.24531054464629,124.52620697021484,1273700,0.0,0.0
2020-04-01 00:00:00-04:00,118.04323169085099,118.59497881964506,112.62433687798558,114.4569091796875,1361500,0.0,0.0
2020-04-02 00:00:00-04:00,114.19089975621948,117.00872580194614,110.14150664564336,114.29927825927734,897100,0.0,0.0
2020-04-03 00:00:00-04:00,113.41254336259,114.08251611637685,108.77199977321331,111.63908386230469,931800,0.0,0.0
2020-04-06 00:00:00-04:00,118.60482805426673,126.04349589106549,117.28459181174304,124.54591369628906,918400,0.0,0.0
2020-04-07 00:00:00-04:00,131.7776805530988,139.54148441256888,128.28988911818197,131.4821014404297,1705500,0.0,0.0
2020-04-08 00:00:00-04:00,133.34423120731225,143.05883322199298,132.60529093753564,139.0784149169922,1130100,0.0,0.0
2020-04-09 00:00:00-04:00,142.5366435647536,147.45306468431897,139.90601812656791,144.63523864746094,1515800,0.0,0.0
2020-04-13 00:00:00-04:00,145.72887476732166,146.00474459378972,136.96997019251552,138.37887573242188,537800,0.0,0.0
2020-04-14 00:00:00-04:00,140.82229961054472,142.86178192038008,139.2951684515216,142.54649353027344,630100,0.0,0.0
2020-04-15 00:00:00-04:00,138.92077444072945,140.48732424652866,136.36897091549244,139.39369201660156,655600,0.0,0.0
2020-04-16 00:00:00-04:00,140.34937499904322,140.34937499904322,134.36889335016156,136.4871826171875,915100,0.0,0.0
2020-04-17 00:00:00-04:00,140.45776125330207,146.80279731444497,139.23605632008835,146.3298797607422,1394900,0.0,0.0
2020-04-20 00:00:00-04:00,143.14751065619797,145.96533698124128,140.97010828862489,143.46279907226562,961300,0.0,0.0
2020-04-21 00:00:00-04:00,150.743818429257,150.743818429257,143.46279407510352,145.99488830566406,1922000,0.0,0.0
2020-04-22 00:00:00-04:00,157.08884160095843,157.10855088306982,148.41860662656075,151.85714721679688,2123400,0.0,0.0
2020-04-23 00:00:00-04:00,153.20693912242896,161.00029892640956,153.20693912242896,157.31544494628906,1822400,0.0,0.0
2020-04-24 00:00:00-04:00,159.1184608418952,163.14814457027998,154.5173282055048,161.30572509765625,1783700,0.0,0.0
2020-04-27 00:00:00-04:00,170.93167210803543,177.3949340609509,167.59166262177914,175.85794067382812,2519500,0.0,0.0
2020-04-28 00:00:00-04:00,182.28176764934926,184.9321023045534,172.07453949858336,173.365234375,1909500,0.0,0.0
2020-04-29 00:00:00-04:00,162.5668519775164,177.13874682172982,156.46812948883425,170.9217987060547,2232600,0.0,0.0
2020-04-30 00:00:00-04:00,166.18271942774726,168.00544456308648,161.82790041099912,162.0249481201172,1681700,0.0,0.0
2020-05-01 00:00:00-04:00,158.37951284710795,158.97067100810386,151.45318138844044,156.68487548828125,1479100,0.0,0.0
2020-05-04 00:00:00-04:00,154.5370349679474,156.63561493734719,153.33502435928787,155.32522583007812,1035900,0.0,0.0
2020-05-05 00:00:00-04:00,157.3351627619173,162.47818818066938,157.0198743677084,160.35003662109375,871200,0.0,0.0
2020-05-06 00:00:00-04:00,161.3845338752555,162.4387473521321,156.517378951595,156.75384521484375,612000,0.0,0.0
2020-05-07 00:00:00-04:00,158.25143086621938,160.04459966213722,157.1282423462169,157.8179168701172,518700,0.0,0.0
2020-05-08 00:00:00-04:00,160.00519960018312,164.95117752996597,158.2317549147391,164.7935333251953,664300,0.0,0.0
2020-05-11 00:00:00-04:00,162.56684925649657,167.49311741578435,161.01999383826708,166.37977600097656,931900,0.0,0.0
2020-05-12 00:00:00-04:00,168.1630675348501,169.88726123542637,160.9116158894228,160.9214630126953,1246300,0.0,0.0
2020-05-13 00:00:00-04:00,164.69501472551292,164.69501472551292,154.1232315316675,156.34991455078125,1353100,0.0,0.0
2020-05-14 00:00:00-04:00,153.63059079506584,161.58159477874523,152.90151273292554,161.3352813720703,1131400,0.0,0.0
2020-05-15 00:00:00-04:00,162.32055620443916,166.28128051066122,160.6850313623451,164.96102905273438,923200,0.0,0.0
2020-05-18 00:00:00-04:00,169.14833280758523,170.20256138811243,164.61617521491183,164.6260223388672,956800,0.0,0.0
2020-05-19 00:00:00-04:00,163.57181917765337,166.71478080332375,161.68998105208337,164.54721069335938,628600,0.0,0.0
2020-05-20 00:00:00-04:00,168.05471307424725,171.36515072415133,167.15812869384317,168.0054473876953,819000,0.0,0.0
2020-05-21 00:00:00-04:00,168.34043846801097,171.54251281581995,167.0694678802043,169.77891540527344,586300,0.0,0.0
2020-05-22 00:00:00-04:00,170.1434627365891,170.45873610094563,166.83300972506495,167.65077209472656,544900,0.0,0.0
2020-05-26 00:00:00-04:00,172.69525676016403,172.69525676016403,165.67039349844677,166.08421325683594,831600,0.0,0.0
2020-05-27 00:00:00-04:00,168.04485479716556,172.41938326952237,164.3008880394148,172.2814483642578,859700,0.0,0.0
2020-05-28 00:00:00-04:00,173.61154887569575,176.52789120357158,170.68534438989568,173.0696563720703,811800,0.0,0.0
2020-05-29 00:00:00-04:00,173.06964752619282,175.0795582151732,169.62125999509126,172.7346649169922,1134800,0.0,0.0
2020-06-01 00:00:00-04:00,171.5031116461667,176.47863059732146,171.5031116461667,174.40960693359375,527000,0.0,0.0
2020-06-02 00:00:00-04:00,175.56235143147927,177.52299658600998,174.0844709469453,177.16831970214844,1012100,0.0,0.0
2020-06-03 00:00:00-04:00,179.8087946621233,180.46891281655556,176.3702539438218,176.547607421875,569800,0.0,0.0
2020-06-04 00:00:00-04:00,176.50817825647178,180.55757119580574,175.384989742178,177.97621154785156,1030800,0.0,0.0
2020-06-05 00:00:00-04:00,181.14873294102662,183.07983666991976,176.46877820038995,177.08949279785156,667600,0.0,0.0
2020-06-08 00:00:00-04:00,177.050079133436,181.82856538278418,176.58700871200315,179.7496795654297,768400,0.0,0.0
2020-06-09 00:00:00-04:00,179.31615845536783,180.86301385166288,175.9465928862488,176.30128479003906,565600,0.0,0.0
2020-06-10 00:00:00-04:00,176.0746799661154,177.2865377018318,172.07453766505458,172.51791381835938,659200,0.0,0.0
2020-06-11 00:00:00-04:00,167.68029679786682,168.37981836907332,160.99041706498102,161.13821411132812,975900,0.0,0.0
2020-06-12 00:00:00-04:00,167.66061312707197,167.66061312707197,160.1431229079979,165.256591796875,766500,0.0,0.0
2020-06-15 00:00:00-04:00,160.65545370944525,169.20746299319916,160.1332704908248,167.99559020996094,616000,0.0,0.0
2020-06-16 00:00:00-04:00,172.50804146188725,173.00066823974433,166.6753422161125,171.1582489013672,775300,0.0,0.0
2020-06-17 00:00:00-04:00,172.09424490820754,172.09424490820754,167.3551774865896,167.70986938476562,579200,0.0,0.0
2020-06-18 00:00:00-04:00,166.50786031960928,167.42413896195984,165.09895487157942,165.94625854492188,515000,0.0,0.0
2020-06-19 00:00:00-04:00,169.7296630000146,169.7296630000146,159.95594787597653,159.95594787597656,1782100,0.0,0.0
2020-06-22 00:00:00-04:00,160.00517801893884,163.18755795917446,159.0396337040626,162.66537475585938,989800,0.0,0.0
2020-06-23 00:00:00-04:00,164.29105330683723,164.29105330683723,159.6702110812884,159.8771209716797,836100,0.0,0.0
2020-06-24 00:00:00-04:00,157.96571032902395,159.4632999994554,153.3547156974086,154.7734832763672,971100,0.0,0.0
2020-06-25 00:00:00-04:00,154.76363569982658,159.0888983579767,153.423690216261,158.9411163330078,1018900,0.0,0.0
2020-06-26 00:00:00-04:00,158.6751013725219,161.2269046862864,157.98542683282577,159.57168579101562,1088500,0.0,0.0
2020-06-29 00:00:00-04:00,160.5963374574034,160.71456307907874,156.89178931839842,159.64064025878906,593200,0.0,0.0
2020-06-30 00:00:00-04:00,159.8771064551019,164.4191261687499,158.50760454753916,163.6604766845703,904500,0.0,0.0
2020-07-01 00:00:00-04:00,163.5323753266822,165.56199517603437,160.84263742182645,164.56689453125,749500,0.0,0.0
2020-07-02 00:00:00-04:00,166.67537016689508,168.65572473381854,165.77878567273532,167.7591552734375,1071400,0.0,0.0
2020-07-06 00:00:00-04:00,170.07446302001404,171.41440844960005,168.47835707954252,170.04490661621094,675500,0.0,0.0
2020-07-07 00:00:00-04:00,169.33554108401972,171.93661013509399,169.217315456082,170.56710815429688,992000,0.0,0.0
2020-07-08 00:00:00-04:00,170.5671082930584,172.1927858474134,169.4143633183945,171.88735961914062,763400,0.0,0.0
2020-07-09 00:00:00-04:00,171.25679774067427,172.0449886386295,167.79854778571826,170.56710815429688,621900,0.0,0.0
2020-07-10 00:00:00-04:00,170.84297451907275,171.95631593888857,168.28132408498672,170.1335906982422,562500,0.0,0.0
2020-07-13 00:00:00-04:00,175.3751565917654,180.2521593441628,172.99084446912175,175.63131713867188,1222500,0.0,0.0
2020-07-14 00:00:00-04:00,178.81367158243884,185.19811035487263,176.47861045405728,185.0700225830078,1279000,0.0,0.0
2020-07-15 00:00:00-04:00,187.19819610797805,188.05536198461095,183.42467277185335,185.9666290283203,865900,0.0,0.0
2020-07-16 00:00:00-04:00,185.4739856670735,191.13919372861758,184.49857921475245,187.64154052734375,548100,0.0,0.0
2020-07-17 00:00:00-04:00,188.85342157129534,191.94713261470324,188.85342157129534,190.79437255859375,673900,0.0,0.0
2020-07-20 00:00:00-04:00,191.13921038184674,193.3954346524197,189.55295138505866,192.59738159179688,585900,0.0,0.0
2020-07-21 00:00:00-04:00,192.9914819788344,194.9127235119894,192.72545929462004,193.9077606201172,579900,0.0,0.0
2020-07-22 00:00:00-04:00,194.6368617898597,197.7206954949654,194.15408208864017,197.1197052001953,801400,0.0,0.0
2020-07-23 00:00:00-04:00,196.36104009929412,198.90299612160496,194.26244517806364,195.82899475097656,680600,0.0,0.0
2020-07-24 00:00:00-04:00,195.07037069407772,196.2625191618291,191.218025410875,195.80931091308594,811300,0.0,0.0
2020-07-27 00:00:00-04:00,195.02112044180083,198.66655613735225,194.19351093911362,198.33157348632812,903300,0.0,0.0
2020-07-28 00:00:00-04:00,200.0261773797165,203.69132174168055,192.16384332665848,193.6417236328125,1436600,0.0,0.0
2020-07-29 00:00:00-04:00,195.27726067626827,196.5580933640929,191.3165369915042,191.74020385742188,1036300,0.0,0.0
2020-07-30 00:00:00-04:00,190.53821253364404,192.44960711797142,188.6465272327841,191.96682739257812,750200,0.0,0.0
2020-07-31 00:00:00-04:00,191.6810717784787,192.21310205457993,186.7646513924265,190.07510375976562,640400,0.0,0.0
2020-08-03 00:00:00-04:00,189.59235301294726,195.1294887594201,189.44457097867797,193.12942504882812,523400,0.0,0.0
2020-08-04 00:00:00-04:00,192.3116623950616,193.49396376858985,190.14410737129688,191.89785766601562,469600,0.0,0.0
2020-08-05 00:00:00-04:00,192.92251452359562,193.67131691813623,190.15395417648236,190.66629028320312,586500,0.0,0.0
2020-08-06 00:00:00-04:00,190.39041948038198,191.51360803261073,185.6217804202141,186.97158813476562,797300,0.0,0.0
2020-08-07 00:00:00-04:00,186.34102386339526,190.28203838362126,186.34102386339526,190.2623291015625,807800,0.0,0.0
2020-08-10 00:00:00-04:00,189.86824038605178,190.51849637924306,184.41977378784068,184.61683654785156,762000,0.0,0.0
2020-08-11 00:00:00-04:00,184.83357787352685,186.9223106551663,179.3752646139697,183.38525390625,903900,0.0,0.0
2020-08-12 00:00:00-04:00,184.32125471851438,186.40998764652667,182.92219633901772,185.3262176513672,529700,0.0,0.0
2020-08-13 00:00:00-04:00,184.4099294581389,187.88787374539518,183.17836235829523,187.7794952392578,504800,0.0,0.0
2020-08-14 00:00:00-04:00,187.60215968372367,188.3016813882976,185.70061223470083,187.04055786132812,422300,0.0,0.0
2020-08-17 00:00:00-04:00,187.74992403042415,188.06521239934204,183.030565890733,184.9912109375,897200,0.0,0.0
2020-08-18 00:00:00-04:00,185.11930868812777,186.26220653635255,182.7842623359367,183.76951599121094,518600,0.0,0.0
2020-08-19 00:00:00-04:00,184.90255098683681,184.90255098683681,179.5329215925141,180.0157012939453,687800,0.0,0.0
2020-08-20 00:00:00-04:00,178.95161909719485,182.60690159389105,178.70530569317793,179.00086975097656,584100,0.0,0.0
2020-08-21 00:00:00-04:00,179.00087893236744,179.5920371458409,177.197877952207,177.95651245117188,800300,0.0,0.0
2020-08-24 00:00:00-04:00,178.6954382888311,178.8038167847676,175.1091158329914,176.4293670654297,618900,0.0,0.0
2020-08-25 00:00:00-04:00,176.16334758498672,177.3752053097083,174.36033168374018,176.9219970703125,848100,0.0,0.0
2020-08-26 00:00:00-04:00,176.14364422078006,176.9712536686961,174.16328982031436,176.6461181640625,1057900,0.0,0.0
2020-08-27 00:00:00-04:00,171.384866138135,175.58205622860694,167.5423829900186,171.69029235839844,2923100,0.0,0.0
2020-08-28 00:00:00-04:00,171.90706775274765,174.97120747492903,169.81833464196202,174.7938690185547,1105600,0.0,0.0
2020-08-31 00:00:00-04:00,174.01549104123163,175.09927604600767,173.1386159132864,173.1583251953125,687700,0.0,0.0
2020-09-01 00:00:00-04:00,173.05979496932298,175.0992772099282,169.8675828136312,171.54251098632812,838200,0.0,0.0
2020-09-02 00:00:00-04:00,172.41938055974018,175.1386750924084,170.48827688260926,174.31106567382812,631500,0.0,0.0
2020-09-03 00:00:00-04:00,174.46872345604086,175.73969408836092,170.0252347714624,172.14352416992188,710000,0.0,0.0
2020-09-04 00:00:00-04:00,172.65585138835328,174.65591505287134,168.69512758962207,173.12876892089844,758900,0.0,0.0
2020-09-08 00:00:00-04:00,171.8479334778813,173.4046359914028,168.655706357698,171.16810607910156,751500,0.0,0.0
2020-09-09 00:00:00-04:00,172.35041013493688,174.7445842713903,170.4587249709789,173.12876892089844,779600,0.0,0.0
2020-09-10 00:00:00-04:00,174.40958483517264,181.73001137813472,174.00562727804066,178.9121856689453,1382100,0.0,0.0
2020-09-11 00:00:00-04:00,180.47875110330384,180.47875110330384,177.0303634293312,178.79397583007812,495900,0.0,0.0
2020-09-14 00:00:00-04:00,179.11911524571548,181.29651737711967,177.96637028783488,180.42950439453125,597300,0.0,0.0
2020-09-15 00:00:00-04:00,181.29650677102995,186.02572698597672,180.7152107639628,183.1783447265625,632700,0.0,0.0
2020-09-16 00:00:00-04:00,184.78433577665044,185.05035848703014,181.91724388083156,182.57736206054688,691900,0.0,0.0
2020-09-17 00:00:00-04:00,181.1191842043494,181.1191842043494,178.14371390747988,180.36053466796875,613800,0.0,0.0
2020-09-18 00:00:00-04:00,179.99598920147622,181.80885228396448,178.16341683680642,180.6955108642578,775600,0.0,0.0
2020-09-21 00:00:00-04:00,177.9368243130649,182.4394259065132,175.95645475356133,181.61181640625,756500,0.0,0.0
2020-09-22 00:00:00-04:00,180.74478603820918,183.55276506223095,179.45410611246675,182.17340087890625,593100,0.0,0.0
2020-09-23 00:00:00-04:00,181.8778352517024,181.8778352517024,175.6904433470599,176.0451202392578,703100,0.0,0.0
2020-09-24 00:00:00-04:00,175.6707170631496,177.42446724025893,173.8874104812175,175.22735595703125,429900,0.0,0.0
2020-09-25 00:00:00-04:00,175.12884798801755,179.16839423641437,174.2618199072818,178.32107543945312,449500,0.0,0.0
2020-09-28 00:00:00-04:00,180.35067371949754,183.47392581415718,180.35067371949754,181.3556365966797,425900,0.0,0.0
2020-09-29 00:00:00-04:00,182.5576382618034,185.85824393172766,181.5723846330233,183.72024536132812,551500,0.0,0.0
2020-09-30 00:00:00-04:00,183.2374740469506,187.04055382923374,183.08969200938932,185.49371337890625,660600,0.0,0.0
2020-10-01 00:00:00-04:00,186.33118039811723,188.6465326745358,183.13896793811068,184.15377807617188,465000,0.0,0.0
2020-10-02 00:00:00-04:00,181.77929390745035,187.09965747171847,180.70537106374593,185.21783447265625,449300,0.0,0.0
2020-10-05 00:00:00-04:00,186.92231504088912,191.43477835337,186.80408941916252,190.2130584716797,715600,0.0,0.0
2020-10-06 00:00:00-04:00,190.44951679104432,193.0702948775066,188.25240555436113,188.29180908203125,389500,0.0,0.0
2020-10-07 00:00:00-04:00,189.78941375564102,191.7993245692556,189.12929561994954,189.67117309570312,525200,0.0,0.0
2020-10-08 00:00:00-04:00,190.76482395118416,191.88801261121444,188.4790430964642,191.3953857421875,331300,0.0,0.0
2020-10-09 00:00:00-04:00,192.6072528211631,193.9570455905388,191.46435491158587,192.87326049804688,344400,0.0,0.0
2020-10-12 00:00:00-04:00,193.7107301188393,194.14424415126024,190.5579212927484,190.79437255859375,349100,0.0,0.0
2020-10-13 00:00:00-04:00,189.2770862771148,192.6762084881062,188.4002110976558,191.38552856445312,557600,0.0,0.0
2020-10-14 00:00:00-04:00,192.14418341047877,194.1836507797979,188.7253518220338,190.02587890625,383600,0.0,0.0
2020-10-15 00:00:00-04:00,188.49873823189023,191.03083233106364,187.19819617906444,189.89779663085938,457700,0.0,0.0
2020-10-16 00:00:00-04:00,191.65154295363078,199.3759279109895,191.52345516915992,196.15414428710938,761500,0.0,0.0
2020-10-19 00:00:00-04:00,195.9373944049331,198.31185938031462,195.4743239729283,196.96206665039062,613300,0.0,0.0
2020-10-20 00:00:00-04:00,198.4596264672747,203.97705266957328,198.4596264672747,202.18389892578125,917900,0.0,0.0
2020-10-21 00:00:00-04:00,201.5927382380594,203.14944071884398,200.03603575727487,200.16412353515625,652200,0.0,0.0
2020-10-22 00:00:00-04:00,201.55335712933757,202.62728005691685,198.88331298079677,202.23316955566406,610000,0.0,0.0
2020-10-23 00:00:00-04:00,203.9376557741783,208.09542732582352,203.0509184804406,204.43028259277344,677400,0.0,0.0
2020-10-26 00:00:00-04:00,202.2331671941589,202.61741553228194,197.11971316645355,198.98184204101562,788500,0.0,0.0
2020-10-27 00:00:00-04:00,199.5237024054995,209.3368349393969,198.95225350977555,203.4450225830078,1147600,0.0,0.0
2020-10-28 00:00:00-04:00,200.2232331488619,205.12979175355602,198.95224761543793,200.99172973632812,613400,0.0,0.0
2020-10-29 00:00:00-04:00,200.70603517782817,200.99175213217327,192.67620860914357,196.57781982421875,885800,0.0,0.0
2020-10-30 00:00:00-04:00,196.02605894386826,197.31673872860776,193.2377895076725,196.82411193847656,534000,0.0,0.0
2020-11-02 00:00:00-05:00,201.37600116950193,204.73571986170583,199.25771174875845,204.1741180419922,693500,0.0,0.0
2020-11-03 00:00:00-05:00,206.07564303500692,209.12007299846834,205.85888604403783,207.3860321044922,781800,0.0,0.0
2020-11-04 00:00:00-05:00,208.8737601378401,213.01182219041934,207.35647623094582,208.58804321289062,980800,0.0,0.0
2020-11-05 00:00:00-05:00,211.83936790647905,215.5439310078323,209.93783570357192,211.25807189941406,602000,0.0,0.0
2020-11-06 00:00:00-05:00,211.42557006760342,214.54882222949453,210.3122437033425,210.77529907226562,535500,0.0,0.0
2020-11-09 00:00:00-05:00,207.39586189793204,208.25302763273532,191.6318058866878,195.62208557128906,1509300,0.0,0.0
2020-11-10 00:00:00-05:00,196.91280124143745,198.52861667656055,189.94705050213074,198.19363403320312,1001900,0.0,0.0
2020-11-11 00:00:00-05:00,200.19368876838092,203.03122405177876,199.0310816599642,200.49911499023438,635800,0.0,0.0
2020-11-12 00:00:00-05:00,201.05085176049732,201.66170419551267,197.00145877150604,198.56800842285156,499700,0.0,0.0
2020-11-13 00:00:00-05:00,199.9178081451479,200.5582169606209,196.39059851376925,196.64675903320312,658600,0.0,0.0
2020-11-16 00:00:00-05:00,198.62714537781434,203.44503521044857,193.54323284550227,201.484375,711800,0.0,0.0
2020-11-17 00:00:00-05:00,199.16902190917062,202.39080559578485,197.3561587778376,201.75039672851562,678100,0.0,0.0
2020-11-18 00:00:00-05:00,202.62726821466168,203.00165437674835,195.69107413577277,196.09503173828125,626400,0.0,0.0
2020-11-19 00:00:00-05:00,196.6467673421751,197.8389308429023,194.1146733443065,195.8388671875,539900,0.0,0.0
2020-11-20 00:00:00-05:00,195.651666725163,202.64695844484973,195.651666725163,199.74046325683594,763000,0.0,0.0
2020-11-23 00:00:00-05:00,201.40553509272578,202.65681134923787,195.14918387771854,195.4447479248047,613300,0.0,0.0
2020-11-24 00:00:00-05:00,196.5777970880492,197.99656463852747,194.02597890839178,195.82899475097656,578500,0.0,0.0
2020-11-25 00:00:00-05:00,196.0654802102926,196.41032500809322,192.50871386241306,193.5629425048828,518400,0.0,0.0
2020-11-27 00:00:00-05:00,194.9620024884213,197.98672346037696,194.08512731691474,197.0507354736328,216800,0.0,0.0
2020-11-30 00:00:00-05:00,197.05072585382868,198.6369847983031,194.90288015823506,196.89308166503906,582900,0.0,0.0
2020-12-01 00:00:00-05:00,198.21332717597952,199.78973906993366,196.64677744039608,198.4892120361328,412000,0.0,0.0
2020-12-02 00:00:00-05:00,198.4891963028547,199.66163545512705,195.1097686469615,195.90782165527344,410800,0.0,0.0
2020-12-03 00:00:00-05:00,196.39059944901305,197.48423153275965,192.99147757805247,193.74026489257812,822400,0.0,0.0
2020-12-04 00:00:00-05:00,194.09495371104327,196.32162137191398,193.02103092551997,195.9176788330078,1078800,0.0,0.0
2020-12-07 00:00:00-05:00,195.07037599898655,197.01132689640085,193.1688286327956,194.42010498046875,625800,0.0,0.0
2020-12-08 00:00:00-05:00,193.65160553818924,199.68135299139664,193.65160553818924,199.11976623535156,633500,0.0,0.0
2020-12-09 00:00:00-05:00,198.93257967736065,199.6419635494199,196.7453152441411,199.3857879638672,506100,0.0,0.0
2020-12-10 00:00:00-05:00,199.8488386864732,205.22833001307046,199.34636475742687,204.52879333496094,795500,0.0,0.0
2020-12-11 00:00:00-05:00,203.52384838758817,204.43027991788966,199.68135023255704,201.14938354492188,870100,0.0,0.0
2020-12-14 00:00:00-05:00,202.25287316934262,204.43029040561092,201.10012817382812,201.10012817382812,851100,0.0,0.0
2020-12-15 00:00:00-05:00,202.578012539201,203.2479778346247,201.1789540983648,202.73565673828125,526900,0.0,0.0
2020-12-16 00:00:00-05:00,203.9475086931354,204.68644894202356,198.30200940108756,198.99168395996094,865600,0.0,0.0
2020-12-17 00:00:00-05:00,200.2134011718055,200.42029601974184,198.24289386845484,199.70106506347656,699400,0.0,0.0
2020-12-18 00:00:00-05:00,199.28724117240262,202.3218239318415,198.58770453211127,202.08535766601562,1261500,0.0,0.0
2020-12-21 00:00:00-05:00,199.50401892421547,202.04597516977753,198.13451693886228,201.89817810058594,585600,0.0,0.0
2020-12-22 00:00:00-05:00,201.72084556308405,202.18391599930655,199.4646061978675,200.3907470703125,392000,0.0,0.0
2020-12-23 00:00:00-05:00,200.1739823962279,201.76024137510746,199.5631299436407,201.0508575439453,434000,0.0,0.0
2020-12-24 00:00:00-05:00,201.97700418776566,201.97700418776566,199.75033628546552,200.86366271972656,206000,0.0,0.0
2020-12-28 00:00:00-05:00,202.36122696790176,203.25781131064954,198.49903483811454,199.53355407714844,824900,0.0,0.0
2020-12-29 00:00:00-05:00,199.97694178375423,200.7552855805735,197.8586523730685,199.21829223632812,568900,0.0,0.0
2020-12-30 00:00:00-05:00,199.5237057713872,200.4991122702672,198.02613108882323,198.5384521484375,398800,0.0,0.0
2020-12-31 00:00:00-05:00,198.18375273555503,200.7257087905284,197.5039403898441,200.54837036132812,372200,0.0,0.0
2021-01-04 00:00:00-05:00,200.3119244046924,202.40065740725905,197.7207024008749,201.85877990722656,789300,0.0,0.0
2021-01-05 00:00:00-05:00,202.95239720287566,207.0214844025766,202.30212621003264,205.7012481689453,639200,0.0,0.0
2021-01-06 00:00:00-05:00,204.21351951834842,215.23850979612448,204.21351951834842,213.94781494140625,756100,0.0,0.0
2021-01-07 00:00:00-05:00,215.51437528720305,217.10063416549855,213.72120654053137,215.0709991455078,635500,0.0,0.0
2021-01-08 00:00:00-05:00,214.30252080519725,215.91833622608172,207.04120605266692,210.4009246826172,858600,0.0,0.0
2021-01-11 00:00:00-05:00,210.38118732195727,213.997066011912,209.4747558686569,213.80001831054688,651800,0.0,0.0
2021-01-12 00:00:00-05:00,213.80001160000603,217.2483988838771,213.56354534552426,216.95281982421875,676200,0.0,0.0
2021-01-13 00:00:00-05:00,216.5784596396605,219.00217514469063,216.45037185726116,216.81491088867188,656100,0.0,0.0
2021-01-14 00:00:00-05:00,217.84940412613136,218.86421403839708,216.30254889972554,216.95281982421875,553500,0.0,0.0
2021-01-15 00:00:00-05:00,216.63756398576308,220.50960337477844,214.87395164232944,220.4110870361328,628200,0.0,0.0
2021-01-19 00:00:00-05:00,223.0121686551376,223.9678658939007,217.83958701666384,222.41116333007812,925900,0.0,0.0
2021-01-20 00:00:00-05:00,222.66732322841486,226.60833779882927,221.48502186404605,226.51966857910156,811900,0.0,0.0
2021-01-21 00:00:00-05:00,225.2388362077843,227.36698768741837,224.2535825635586,225.08119201660156,635000,0.0,0.0
2021-01-22 00:00:00-05:00,225.47528548133943,225.78071168259908,223.34713416228482,225.5245361328125,612300,0.0,0.0
2021-01-25 00:00:00-05:00,226.44083269465366,226.44083269465366,220.01697512659763,222.11557006835938,711800,0.0,0.0
2021-01-26 00:00:00-05:00,221.9973524605262,223.00230032673213,218.67703754435104,218.69674682617188,505500,0.0,0.0
2021-01-27 00:00:00-05:00,215.55379217449598,216.745955704919,209.7112452508117,211.642333984375,872400,0.0,0.0
2021-01-28 00:00:00-05:00,212.9133158864872,218.16470451526828,212.19406991081502,216.54888916015625,764600,0.0,0.0
2021-01-29 00:00:00-05:00,218.56865829656843,230.84492495169474,216.65726387847445,225.53440856933594,931700,0.0,0.0
2021-02-01 00:00:00-05:00,226.293032638382,234.3721239357256,225.72159879776532,230.9532928466797,914300,0.0,0.0
2021-02-02 00:00:00-05:00,233.0420448617247,234.24405551861284,229.93850187467368,229.94834899902344,643700,0.0,0.0
2021-02-03 00:00:00-05:00,229.64291271967224,230.02716102537923,222.01704438282192,224.6279754638672,532100,0.0,0.0
2021-02-04 00:00:00-05:00,223.8791787893683,226.75611759331824,220.09580844722407,220.4800567626953,651500,0.0,0.0
2021-02-05 00:00:00-05:00,222.5195387214371,223.85948426183083,220.89386120894986,223.20921325683594,528100,0.0,0.0
2021-02-08 00:00:00-05:00,225.44575056172158,226.29305428014328,220.21404097869106,222.6377716064453,642300,0.0,0.0
2021-02-09 00:00:00-05:00,222.3914398821918,224.9136866484139,220.06624082574774,223.43580627441406,732200,0.0,0.0
2021-02-10 00:00:00-05:00,225.60337239284004,228.7069303531765,224.4407803235666,225.82012939453125,647600,0.0,0.0
2021-02-11 00:00:00-05:00,231.53460373046215,235.9682450784923,224.64767542436218,233.71202087402344,1181100,0.0,0.0
2021-02-12 00:00:00-05:00,235.26870420956035,238.736801145271,233.3179062605006,234.74652099609375,890100,0.0,0.0
2021-02-16 00:00:00-05:00,233.5642268349729,235.62340334629764,229.74143787899973,232.8843994140625,1073800,0.0,0.0
2021-02-17 00:00:00-05:00,232.51986076346955,248.7272802548457,231.90900831295062,239.36737060546875,1395500,0.0,0.0
2021-02-18 00:00:00-05:00,238.12596212991932,239.7910432391776,234.73668709655203,239.2393035888672,590900,0.0,0.0
2021-02-19 00:00:00-05:00,240.1654209049465,243.57440510045012,237.56435190719534,242.74679565429688,1144000,0.0,0.0
2021-02-22 00:00:00-05:00,240.17527731618918,242.1753409467588,236.7958496079245,240.26394653320312,719900,0.0,0.0
2021-02-23 00:00:00-05:00,240.91421017144276,248.54992543483792,234.18492639977808,243.5054168701172,1628800,0.0,0.0
2021-02-24 00:00:00-05:00,236.18500477494388,243.3379408192101,233.00263971384283,240.89451599121094,1031200,0.0,0.0
2021-02-25 00:00:00-05:00,238.72695557116486,241.13097681378406,231.56415753115317,233.0420379638672,779300,0.0,0.0
2021-02-26 00:00:00-05:00,233.8795171007135,238.11609578414124,230.80551547853455,236.37220764160156,1121600,0.0,0.0
2021-03-01 00:00:00-05:00,238.43137803482466,243.63351598924592,237.62346284345222,237.93875122070312,865000,0.0,0.0
2021-03-02 00:00:00-05:00,240.76643646311115,243.27883634856911,238.22448017001773,240.0570526123047,776100,0.0,0.0
2021-03-03 00:00:00-05:00,239.6727930829745,240.608796060298,235.22930461528128,236.38204956054688,514100,0.0,0.0
2021-03-04 00:00:00-05:00,234.78595242890282,237.49540001980043,229.09118742237294,231.4360809326172,684100,0.0,0.0
2021-03-05 00:00:00-05:00,234.26376329551144,235.29828262913895,227.48521340957942,234.29331970214844,661400,0.0,0.0
2021-03-08 00:00:00-05:00,234.01744957732407,242.11623572834162,233.3080657514118,237.02247619628906,597900,0.0,0.0
2021-03-09 00:00:00-05:00,238.7565068531292,241.37728503900374,235.2194500348494,235.69236755371094,723600,0.0,0.0
2021-03-10 00:00:00-05:00,238.21462422950555,238.78607314560566,228.22415290645185,229.189697265625,980300,0.0,0.0
2021-03-11 00:00:00-05:00,230.2537905441181,234.4017153055326,230.2537905441181,233.7908477783203,1089900,0.0,0.0
2021-03-12 00:00:00-05:00,233.3277669101397,235.2785648465903,230.47052242364435,235.1898956298828,501600,0.0,0.0
2021-03-15 00:00:00-04:00,234.99283315705895,236.98304965912402,233.56421842902182,236.3918914794922,530700,0.0,0.0
2021-03-16 00:00:00-04:00,235.88940683333047,236.67761269243687,233.5050950090215,235.20957946777344,424600,0.0,0.0
2021-03-17 00:00:00-04:00,234.7366770624466,237.7417036370529,233.7120199033529,235.23915100097656,422200,0.0,0.0
2021-03-18 00:00:00-04:00,236.01750533058387,238.2441730774801,234.7662290361701,236.3918914794922,570600,0.0,0.0
2021-03-19 00:00:00-04:00,235.7317774663635,238.3525557232073,234.8154988091459,236.67762756347656,754300,0.0,0.0
2021-03-22 00:00:00-04:00,236.06677947705268,240.5004208818354,234.50021475502518,239.51516723632812,436700,0.0,0.0
2021-03-23 00:00:00-04:00,238.45107712893454,239.5348470534311,234.78593258576282,235.25885009765625,403900,0.0,0.0
2021-03-24 00:00:00-04:00,243.8502797576703,251.15101295367327,242.57930915682584,246.7272186279297,1533000,0.0,0.0
2021-03-25 00:00:00-04:00,244.8355204387516,246.14590953529392,239.60382621023328,244.81581115722656,1077800,0.0,0.0
2021-03-26 00:00:00-04:00,245.69269024732318,249.2100528846275,244.51038891085466,249.1213836669922,372800,0.0,0.0
2021-03-29 00:00:00-04:00,247.27897420133894,248.9933210846714,245.27891035434038,247.87013244628906,492200,0.0,0.0
2021-03-30 00:00:00-04:00,248.16569883205844,250.43177024258128,246.4316427538843,249.80120849609375,617100,0.0,0.0
2021-03-31 00:00:00-04:00,251.09190288927363,255.46643157338474,249.88989221359347,251.2692413330078,717400,0.0,0.0
2021-04-01 00:00:00-04:00,251.24952049538646,251.24952049538646,246.66809717094944,248.9735870361328,710800,0.0,0.0
2021-04-05 00:00:00-04:00,249.6041488841271,252.2643456894272,247.34792470556044,248.94403076171875,417200,0.0,0.0
2021-04-06 00:00:00-04:00,249.08196355574853,250.5795532573186,247.54497032451113,248.15582275390625,401300,0.0,0.0
2021-04-07 00:00:00-04:00,247.47600398275802,248.815949544817,246.01783279379836,248.57949829101562,423900,0.0,0.0
2021-04-08 00:00:00-04:00,247.9489427202598,251.23968637685383,246.4612000538221,248.3036346435547,434200,0.0,0.0
2021-04-09 00:00:00-04:00,250.2051717262949,251.36777889879167,248.72729119036433,250.99337768554688,482500,0.0,0.0
2021-04-12 00:00:00-04:00,252.2249362486298,253.97868655578134,250.17560683755636,251.88995361328125,529100,0.0,0.0
2021-04-13 00:00:00-04:00,252.16580912504938,253.6929401800606,250.24456760924747,250.30368041992188,552500,0.0,0.0
2021-04-14 00:00:00-04:00,250.7667388743499,252.90473728333626,248.87505385396253,249.3873748779297,644700,0.0,0.0
2021-04-15 00:00:00-04:00,250.75691877399348,256.7275689433997,250.70766811503432,255.5846710205078,728300,0.0,0.0
2021-04-16 00:00:00-04:00,256.79650294177776,259.2004939719361,252.9638521515357,258.33349609375,585000,0.0,0.0
2021-04-19 00:00:00-04:00,257.3975045604747,259.73255079582236,255.14126538388123,256.6684265136719,560100,0.0,0.0
2021-04-20 00:00:00-04:00,255.9196106837346,257.19059618746934,252.07712783616108,256.1659240722656,474700,0.0,0.0
2021-04-21 00:00:00-04:00,257.14135083821935,257.9788224879269,255.37776838239964,257.5058898925781,330900,0.0,0.0
2021-04-22 00:00:00-04:00,257.8014358843763,262.4912521926663,257.8014358843763,260.94439697265625,505300,0.0,0.0
2021-04-23 00:00:00-04:00,260.3434106454757,262.31391791361904,258.5896603795304,260.0577087402344,477400,0.0,0.0
2021-04-26 00:00:00-04:00,261.0823581250663,262.1070303518862,259.8114025504405,260.74737548828125,371300,0.0,0.0
2021-04-27 00:00:00-04:00,259.7522663688001,262.2154003008322,259.0330204363277,260.26458740234375,368400,0.0,0.0
2021-04-28 00:00:00-04:00,258.5305418032294,260.688249619147,257.96894002811575,258.8359680175781,378400,0.0,0.0
2021-04-29 00:00:00-04:00,264.93468946677876,265.96922379683997,258.87538578447777,263.0627136230469,779700,0.0,0.0
2021-04-30 00:00:00-04:00,262.2744913101446,265.4568408425866,259.8606082303684,261.9493408203125,673700,0.0,0.0
2021-05-03 00:00:00-04:00,264.048011676887,265.9199878357113,261.68340863060575,263.38787841796875,616600,0.0,0.0
2021-05-04 00:00:00-04:00,264.7081157720493,270.0875923714874,263.03317251220625,269.5456848144531,844300,0.0,0.0
2021-05-05 00:00:00-04:00,269.6442113272626,273.12215550404915,265.42732691404086,272.13690185546875,697000,0.0,0.0
2021-05-06 00:00:00-04:00,271.5162053142478,273.9892017583691,269.4668908185522,273.9793395996094,624600,0.0,0.0
2021-05-07 00:00:00-04:00,274.00886567543347,276.48186184579305,272.856135795324,274.0384521484375,483900,0.0,0.0
2021-05-10 00:00:00-04:00,275.6542457687519,276.5508301358261,272.93493626279286,272.9940490722656,724700,0.0,0.0
2021-05-11 00:00:00-04:00,271.64427058646146,274.52122442296695,270.77724257908847,272.0285339355469,613600,0.0,0.0
2021-05-12 00:00:00-04:00,273.24038765481487,276.0385345430388,267.2008079015657,267.90032958984375,788200,0.0,0.0
2021-05-13 00:00:00-04:00,267.98896128128587,273.7625325588182,267.5751415672317,272.4915771484375,640900,0.0,0.0
2021-05-14 00:00:00-04:00,273.1123147133691,276.0582134071636,270.07771673457927,270.4521179199219,522400,0.0,0.0
2021-05-17 00:00:00-04:00,269.8905593459114,270.9447881012833,262.8361387094218,263.38787841796875,968800,0.0,0.0
2021-05-18 00:00:00-04:00,263.8706439710896,266.816542809994,261.0922214175274,263.09228515625,857800,0.0,0.0
2021-05-19 00:00:00-04:00,261.1710235370765,263.36814999437496,258.2152625958497,263.1021423339844,555400,0.0,0.0
2021-05-20 00:00:00-04:00,264.481486401248,267.63431003900854,263.39770139654564,265.63421630859375,687300,0.0,0.0
2021-05-21 00:00:00-04:00,266.5603904667032,268.6097351078512,264.008586858182,265.0431213378906,583700,0.0,0.0
2021-05-24 00:00:00-04:00,266.9643491318699,269.3782328595112,266.7771485129479,267.269775390625,584300,0.0,0.0
2021-05-25 00:00:00-04:00,268.45201929908575,272.46200821475935,268.31406937822806,270.40283203125,850200,0.0,0.0
2021-05-26 00:00:00-04:00,270.4521204532107,273.3192121142092,269.7230423912749,271.092529296875,759500,0.0,0.0
2021-05-27 00:00:00-04:00,271.04329314942527,272.30441665604314,269.95950808884203,271.35858154296875,1002700,0.0,0.0
2021-05-28 00:00:00-04:00,272.9152624686172,273.40788929617787,269.4964310826438,270.43243408203125,487500,0.0,0.0
2021-06-01 00:00:00-04:00,269.12200882015736,270.4324129167415,259.1216910168577,259.85076904296875,1800300,0.0,0.0
2021-06-02 00:00:00-04:00,260.5404491743357,262.0675801381327,256.7373548653013,259.6340026855469,813000,0.0,0.0
2021-06-03 00:00:00-04:00,259.220247357638,262.55040958290215,259.220247357638,261.2695617675781,435400,0.0,0.0
2021-06-04 00:00:00-04:00,261.5257482757353,263.52581211265317,261.2301841885286,262.4223327636719,535600,0.0,0.0
2021-06-07 00:00:00-04:00,262.6291799809859,264.0873660376419,257.37779186722327,260.1660461425781,899000,0.0,0.0
2021-06-08 00:00:00-04:00,260.72768752573785,261.0429759212159,254.0476687427725,256.5699157714844,1073600,0.0,0.0
2021-06-09 00:00:00-04:00,257.1511960596896,257.76204849622576,255.20038305836547,255.36788940429688,778600,0.0,0.0
2021-06-10 00:00:00-04:00,255.99844958749398,258.70789719842173,255.78169257591753,257.16107177734375,718600,0.0,0.0
2021-06-11 00:00:00-04:00,257.48617063352197,258.43200566479436,253.4663491999493,254.7373046875,727600,0.0,0.0
2021-06-14 00:00:00-04:00,254.1264828222624,256.3827222425668,253.44665535530413,255.9984588623047,620500,0.0,0.0
2021-06-15 00:00:00-04:00,257.1117828386413,258.25468067520734,255.39745111756983,256.589599609375,519800,0.0,0.0
2021-06-16 00:00:00-04:00,256.16596314121045,256.9640162363612,254.1954557324319,255.26937866210938,552100,0.0,0.0
2021-06-17 00:00:00-04:00,255.3974267285726,257.0230890744391,253.0229620622249,256.34326171875,518100,0.0,0.0
2021-06-18 00:00:00-04:00,255.40731432965998,257.7324985095569,255.23980797955645,256.3531494140625,889500,0.0,0.0
2021-06-21 00:00:00-04:00,256.76692962527227,262.30408018651207,256.5403405375401,261.4173278808594,732700,0.0,0.0
2021-06-22 00:00:00-04:00,262.07747916500654,263.9002044885,260.85577422209593,263.3780212402344,548300,0.0,0.0
2021-06-23 00:00:00-04:00,263.26960513267056,263.7228434357522,259.75227264409455,259.95916748046875,526200,0.0,0.0
2021-06-24 00:00:00-04:00,261.07253485235066,262.36321478703485,259.14141596205036,261.0823669433594,563300,0.0,0.0
2021-06-25 00:00:00-04:00,262.07745896959204,265.8608292052571,261.4961629506607,263.2991638183594,738200,0.0,0.0
2021-06-28 00:00:00-04:00,264.1661813597542,266.43228260255455,262.47154402318154,266.07757568359375,621900,0.0,0.0
2021-06-29 00:00:00-04:00,267.5357700536311,272.77729633647573,266.7377170457478,271.92999267578125,718000,0.0,0.0
2021-06-30 00:00:00-04:00,271.72308323770363,272.7871438351837,268.11705165963195,271.7821960449219,561800,0.0,0.0
2021-07-01 00:00:00-04:00,272.74772727282084,274.4029760897144,271.8018922828476,273.890625,525100,0.0,0.0
2021-07-02 00:00:00-04:00,274.3438841371297,274.7970923860925,272.48174035190016,273.85125732421875,372100,0.0,0.0
2021-07-06 00:00:00-04:00,273.78226979194056,274.89561114884333,271.1220730972604,274.46209716796875,560400,0.0,0.0
2021-07-07 00:00:00-04:00,274.45225495694666,277.1321460936868,273.50641986973113,277.1222839355469,587000,0.0,0.0
2021-07-08 00:00:00-04:00,275.1616241872881,276.1074592243112,271.69354233983444,273.0433349609375,437200,0.0,0.0
2021-07-09 00:00:00-04:00,274.4620879149709,277.10256020578595,273.3881651564129,276.88580322265625,400500,0.0,0.0
2021-07-12 00:00:00-04:00,277.37844874893614,279.9795327223429,276.4621701041218,277.3193359375,644300,0.0,0.0
2021-07-13 00:00:00-04:00,276.6591888905029,277.7725302292202,274.87588234412397,275.58526611328125,396100,0.0,0.0
2021-07-14 00:00:00-04:00,275.8906759070733,277.03357358206176,270.6589821959725,273.15167236328125,597700,0.0,0.0
2021-07-15 00:00:00-04:00,272.45220804286174,273.6640809341264,270.7083197952384,272.86602783203125,622200,0.0,0.0
2021-07-16 00:00:00-04:00,273.2797990851967,274.7084288994676,270.97430916077764,272.3733825683594,1493800,0.0,0.0
2021-07-19 00:00:00-04:00,270.5605006141533,273.2995347294698,267.4569575129319,270.7674255371094,795200,0.0,0.0
2021-07-20 00:00:00-04:00,270.9447361477616,275.6542470861006,270.43241510736505,272.698486328125,610100,0.0,0.0
2021-07-21 00:00:00-04:00,273.0433638703807,273.6542163562083,269.7920086058124,273.3980407714844,499400,0.0,0.0
2021-07-22 00:00:00-04:00,274.0089048382118,277.12231028334446,271.19109355738226,276.954833984375,501800,0.0,0.0
2021-07-23 00:00:00-04:00,277.82183630833225,281.6052067333436,277.82183630833225,279.5854187011719,627800,0.0,0.0
2021-07-26 00:00:00-04:00,278.66916588061235,281.37861368182143,276.45234495235036,276.954833984375,428200,0.0,0.0
2021-07-27 00:00:00-04:00,276.3537804916489,279.17162150281183,275.516338961906,278.9548645019531,419400,0.0,0.0
2021-07-28 00:00:00-04:00,278.98442064467184,280.0878998961634,275.7429277927494,279.01397705078125,540100,0.0,0.0
2021-07-29 00:00:00-04:00,281.4081186812948,291.7335868762364,280.0780203538205,290.3148193359375,1181200,0.0,0.0
2021-07-30 00:00:00-04:00,291.8124543596141,294.4825137247481,290.6991127887915,291.78289794921875,645800,0.0,0.0
2021-08-02 00:00:00-04:00,292.4528168607471,295.2509635824894,290.314833357317,293.2213134765625,1063400,0.0,0.0
2021-08-03 00:00:00-04:00,294.65982146861865,295.7633007650846,290.54146835589546,295.6549072265625,1580900,0.0,0.0
2021-08-04 00:00:00-04:00,295.46773669194397,300.2461929238664,294.8076035051889,295.6549072265625,1785800,0.0,0.0
2021-08-05 00:00:00-04:00,296.7781309859735,299.00481404664055,290.64985155721735,294.502197265625,1011500,0.0,0.0
2021-08-06 00:00:00-04:00,294.5613126082647,296.23625599759674,291.0439495312024,293.8519287109375,684800,0.0,0.0
2021-08-09 00:00:00-04:00,294.39378482288254,297.11309457604574,293.3592804955127,296.7091369628906,672400,0.0,0.0
2021-08-10 00:00:00-04:00,296.8371821962612,299.55649155958355,295.4085525513154,297.20172119140625,480900,0.0,0.0
2021-08-11 00:00:00-04:00,298.1377199386981,298.1377199386981,295.3396035615183,295.5661926269531,357700,0.0,0.0
2021-08-12 00:00:00-04:00,295.625339016026,296.8667682087624,293.7238067304458,296.0884094238281,719400,0.0,0.0
2021-08-13 00:00:00-04:00,296.98500867456914,298.5712827298428,294.2657289716881,297.5860290527344,604800,0.0,0.0
2021-08-16 00:00:00-04:00,298.0884918266285,302.9950660262296,297.60572714023704,301.80291748046875,686100,0.0,0.0
2021-08-17 00:00:00-04:00,301.48761178714267,302.7191788287568,299.7929743351794,300.95556640625,309000,0.0,0.0
2021-08-18 00:00:00-04:00,301.17233261170423,302.7093259212028,295.8322745939108,296.0096130371094,358200,0.0,0.0
2021-08-19 00:00:00-04:00,294.59081124226617,299.0835650216939,293.0143995498674,298.3052062988281,402700,0.0,0.0
2021-08-20 00:00:00-04:00,298.88651494599867,302.7585844101334,298.88651494599867,301.7437744140625,599700,0.0,0.0
2021-08-23 00:00:00-04:00,302.3152330812359,302.3152330812359,299.1131586475233,299.23138427734375,396500,0.0,0.0
2021-08-24 00:00:00-04:00,298.8273918826556,299.0343167783129,294.0883246777547,297.6549377441406,477200,0.0,0.0
2021-08-25 00:00:00-04:00,297.8914468341256,300.03929257306015,296.1770850386664,299.7732849121094,254200,0.0,0.0
2021-08-26 00:00:00-04:00,299.77325903793513,299.9900160247416,296.53176639309623,297.1820373535156,324200,0.0,0.0
2021-08-27 00:00:00-04:00,297.6943776480685,298.3249544023329,295.51697554938625,296.0884094238281,347300,0.0,0.0
2021-08-30 00:00:00-04:00,296.22636959438375,299.6156445967176,295.17214095993944,298.7091979980469,305700,0.0,0.0
2021-08-31 00:00:00-04:00,299.25112533555057,302.7192076303802,298.14761590452713,298.9062805175781,669600,0.0,0.0
2021-09-01 00:00:00-04:00,298.5318579318034,300.6895658450317,294.74848749879413,300.4728088378906,382300,0.0,0.0
2021-09-02 00:00:00-04:00,301.60585692775464,304.71926221851487,301.08367367102454,303.7931213378906,564400,0.0,0.0
2021-09-03 00:00:00-04:00,303.13302981052857,303.14286190193707,298.64024511776313,302.1280517578125,605200,0.0,0.0
2021-09-07 00:00:00-04:00,300.6994080814582,300.6994080814582,293.44792601461137,298.98504638671875,754400,0.0,0.0
2021-09-08 00:00:00-04:00,299.3102390851707,302.8669906183942,297.29045089793664,302.5418701171875,693800,0.0,0.0
2021-09-09 00:00:00-04:00,302.9260930269646,305.0345503693449,298.1574687452709,298.68951416015625,537400,0.0,0.0
2021-09-10 00:00:00-04:00,300.157505265165,300.50235004101796,296.1967965905832,296.5120849609375,548100,0.0,0.0
2021-09-13 00:00:00-04:00,296.7288601164462,297.3199882625943,291.35921560434025,293.07354736328125,470100,0.0,0.0
2021-09-14 00:00:00-04:00,294.24600412145094,296.0293108683796,292.04890766871836,292.42327880859375,528800,0.0,0.0
2021-09-15 00:00:00-04:00,292.40359404075105,296.2953582114885,291.6252351930921,295.2805480957031,803800,0.0,0.0
2021-09-16 00:00:00-04:00,295.61550560418954,297.15249885139497,292.23606282435367,292.45281982421875,473200,0.0,0.0
2021-09-17 00:00:00-04:00,290.4527596555359,293.5464705027628,289.2507490177838,291.56610107421875,1145300,0.0,0.0
2021-09-20 00:00:00-04:00,289.17193962148485,293.1228162886974,287.2802394272864,289.5758972167969,703100,0.0,0.0
2021-09-21 00:00:00-04:00,291.72373683479054,292.56120841409705,289.2507406600588,289.82220458984375,575100,0.0,0.0
2021-09-22 00:00:00-04:00,291.8222783690886,291.84197261759124,286.354132687888,287.1620178222656,759800,0.0,0.0
2021-09-23 00:00:00-04:00,289.04383601071646,294.7090440576325,287.61523636985197,292.3641357421875,643100,0.0,0.0
2021-09-24 00:00:00-04:00,292.5218170465213,294.29529174420605,290.04885070943294,291.9996337890625,391700,0.0,0.0
2021-09-27 00:00:00-04:00,290.74836378200484,291.2508227073374,285.2999121942639,286.44281005859375,449600,0.0,0.0
2021-09-28 00:00:00-04:00,284.87624896606076,284.87624896606076,277.04347058176427,278.8366394042969,570400,0.0,0.0
2021-09-29 00:00:00-04:00,280.0386352932451,284.7284218784883,280.0386352932451,282.6791076660156,495600,0.0,0.0
2021-09-30 00:00:00-04:00,283.28998615609817,285.71370176216305,277.289794921875,277.289794921875,578500,0.0,0.0
2021-10-01 00:00:00-04:00,276.80699701752263,276.90549831852286,269.3387582675097,275.3586730957031,661400,0.0,0.0
2021-10-04 00:00:00-04:00,273.40790762973825,275.9498490006786,270.0087702646158,270.98419189453125,693000,0.0,0.0
2021-10-05 00:00:00-04:00,272.2157345311185,274.2256302926963,270.5703477351873,272.0285339355469,442400,0.0,0.0
2021-10-06 00:00:00-04:00,271.13196734913913,271.8807697806604,267.0530026101344,271.3487243652344,456900,0.0,0.0
2021-10-07 00:00:00-04:00,272.85615124203235,277.33904337189125,271.90045398830273,275.18133544921875,554900,0.0,0.0
2021-10-08 00:00:00-04:00,275.5360462169354,275.89072310732615,272.65909225768996,274.2355041503906,510700,0.0,0.0
2021-10-11 00:00:00-04:00,273.41773172402463,273.9497470107591,269.45699307301544,270.1762390136719,409400,0.0,0.0
2021-10-12 00:00:00-04:00,271.5260326623423,272.0087972987626,268.62938470871376,269.9397888183594,372700,0.0,0.0
2021-10-13 00:00:00-04:00,270.9546466240286,270.9546466240286,266.41261114750654,269.4373474121094,380400,0.0,0.0
2021-10-14 00:00:00-04:00,271.6344550183896,273.9005264838593,270.94476540669535,271.644287109375,697600,0.0,0.0
2021-10-15 00:00:00-04:00,273.082748823792,273.082748823792,266.9249139301782,267.5948791503906,801200,0.0,0.0
2021-10-18 00:00:00-04:00,266.9052148631418,270.8265353186509,265.2992465601625,270.2452392578125,482300,0.0,0.0
2021-10-19 00:00:00-04:00,273.52613412780914,274.8759269192833,271.09255622609965,271.9792785644531,412200,0.0,0.0
2021-10-20 00:00:00-04:00,273.54584374077837,276.5607175696469,272.7083721066358,274.5310974121094,472900,0.0,0.0
2021-10-21 00:00:00-04:00,275.7823387465442,277.6444524151627,269.6540601526768,275.6838073730469,596200,0.0,0.0
2021-10-22 00:00:00-04:00,275.3192595784413,278.6888099447765,275.2404224551342,277.9892883300781,410900,0.0,0.0
2021-10-25 00:00:00-04:00,278.0287417755005,278.2947494480437,274.83652943475596,276.9252624511719,581800,0.0,0.0
2021-10-26 00:00:00-04:00,276.80701204768513,280.6790514948686,275.3882444526394,279.3785095214844,467500,0.0,0.0
2021-10-27 00:00:00-04:00,279.45736337536016,280.06821583554483,275.88088776825015,276.3537902832031,517500,0.0,0.0
2021-10-28 00:00:00-04:00,281.92047964813355,282.74808906435504,273.5852125401921,281.0238952636719,1010800,0.0,0.0
2021-10-29 00:00:00-04:00,281.02389330218676,283.15204467228244,277.56564356733713,282.7874755859375,670500,0.0,0.0
2021-11-01 00:00:00-04:00,282.91560750890994,286.3344392145647,279.5165001214374,284.5215759277344,773700,0.0,0.0
2021-11-02 00:00:00-04:00,284.77774088090337,285.4871247551135,281.22095935113015,282.0190124511719,613700,0.0,0.0
2021-11-03 00:00:00-04:00,281.4278845221639,283.2505798339844,277.82185233077587,283.2505798339844,542800,0.0,0.0
2021-11-04 00:00:00-04:00,283.0633662445129,283.94025643977176,279.3391085893439,280.0484924316406,432400,0.0,0.0
2021-11-05 00:00:00-04:00,275.8710529042055,278.0188988856027,269.969392501195,270.7871398925781,870000,0.0,0.0
2021-11-08 00:00:00-05:00,272.7772840423593,276.7872732162125,270.94472686760713,276.47198486328125,405500,0.0,0.0
2021-11-09 00:00:00-05:00,275.831581075225,276.9744788246844,269.1220066680307,272.47186279296875,1018500,0.0,0.0
2021-11-10 00:00:00-05:00,272.54082623196854,280.5706364754123,272.54082623196854,279.65435791015625,686300,0.0,0.0
2021-11-11 00:00:00-05:00,279.6051365367867,283.6545145303249,276.8070198310881,282.6495666503906,457000,0.0,0.0
2021-11-12 00:00:00-05:00,291.64494368535503,294.7386245231837,286.21618643125464,292.8469543457031,1312900,0.0,0.0
2021-11-15 00:00:00-05:00,289.59560399212694,289.82222316053554,280.1765813128115,281.10272216796875,685000,0.0,0.0
2021-11-16 00:00:00-05:00,281.9992949393441,287.31965852326823,281.6248937494566,284.1175842285156,447900,0.0,0.0
2021-11-17 00:00:00-05:00,285.0240360386234,288.75812571314975,283.43776203138464,285.4575500488281,361400,0.0,0.0
2021-11-18 00:00:00-05:00,283.40822403589584,285.8122454968212,280.02881102242253,283.2505798339844,398800,0.0,0.0
2021-11-19 00:00:00-05:00,285.0141935682058,285.0141935682058,277.77257274701265,279.14208984375,622900,0.0,0.0
2021-11-22 00:00:00-05:00,278.01887439890373,282.6692729409757,277.52624756210605,279.5755920410156,491200,0.0,0.0
2021-11-23 00:00:00-05:00,278.5311921620642,282.3047000498411,276.22567238278793,281.69384765625,330000,0.0,0.0
2021-11-24 00:00:00-05:00,280.560830534004,282.2357436479561,277.6543203271412,279.5460205078125,271500,0.0,0.0
2021-11-26 00:00:00-05:00,282.11750186406596,291.63505489894175,279.8120121327685,285.0338439941406,622100,0.0,0.0
2021-11-29 00:00:00-05:00,285.03387501759096,290.6399708114636,283.3490996589529,287.6152648925781,494200,0.0,0.0
2021-11-30 00:00:00-05:00,285.95017286386474,287.3492161855495,280.27510231350874,281.1224060058594,1063000,0.0,0.0
2021-12-01 00:00:00-05:00,281.2307994631443,287.299965451701,279.9893702637075,281.24066162109375,454400,0.0,0.0
2021-12-02 00:00:00-05:00,281.9697476301896,289.9207518901991,281.9697476301896,286.9748229980469,630300,0.0,0.0
2021-12-03 00:00:00-05:00,287.72362421127497,290.6793851818668,283.5166019207859,286.0388488769531,501200,0.0,0.0
2021-12-06 00:00:00-05:00,287.2506547365674,289.1324925875769,282.90571312731987,284.99444580078125,427200,0.0,0.0
2021-12-07 00:00:00-05:00,288.3935823833288,292.4232661326107,287.0437897174573,291.7434387207031,456300,0.0,0.0
2021-12-08 00:00:00-05:00,292.3641506062132,293.37896063568286,286.1964833692419,292.45281982421875,430100,0.0,0.0
2021-12-09 00:00:00-05:00,281.5953207890265,286.62998217316044,277.40799311128137,277.81195068359375,2457100,0.0,0.0
2021-12-10 00:00:00-05:00,280.40317904147145,288.29503988841617,277.999157865202,284.1372985839844,1455800,0.0,0.0
2021-12-13 00:00:00-05:00,284.13729844730506,293.43806471386506,284.0978798846243,288.1275634765625,1140100,0.0,0.0
2021-12-14 00:00:00-05:00,288.76796402126325,291.31976714883564,286.65953702536655,290.3148193359375,1023200,0.0,0.0
2021-12-15 00:00:00-05:00,292.1079921485471,303.89161654344014,290.472467598056,302.6304931640625,1070800,0.0,0.0
2021-12-16 00:00:00-05:00,301.90141924841606,308.423793224383,301.84227637067676,305.55670166015625,1039700,0.0,0.0
2021-12-17 00:00:00-05:00,303.9704005098415,307.34984288301393,302.9260342000433,303.3792724609375,1360300,0.0,0.0
2021-12-20 00:00:00-05:00,304.4433629717755,307.1528103768641,299.01460600396257,304.8473205566406,862900,0.0,0.0
2021-12-21 00:00:00-05:00,305.4680196407988,306.6798622663659,295.21152655772215,298.12786865234375,792100,0.0,0.0
2021-12-22 00:00:00-05:00,299.3102043625912,303.77340203945994,298.3643392427848,299.7338562011719,656500,0.0,0.0
2021-12-23 00:00:00-05:00,301.714219003305,302.1280086750762,294.0981978951352,297.4579162597656,1201700,0.0,0.0
2021-12-27 00:00:00-05:00,300.610671091595,303.2018925224029,298.75841982909725,302.2856140136719,1069600,0.0,0.0
2021-12-28 00:00:00-05:00,302.8669347613139,305.30051222853723,302.2659445292216,302.47283935546875,429300,0.0,0.0
2021-12-29 00:00:00-05:00,304.69952108135385,306.26607061048156,301.0934894969731,304.11822509765625,1012100,0.0,0.0
2021-12-30 00:00:00-05:00,306.1183064748071,310.36474709827297,306.08875006941975,308.7193603515625,534300,0.0,0.0
2021-12-31 00:00:00-05:00,308.62087127493646,312.49294131668864,308.5322020466219,309.5765686035156,477500,0.0,0.0
2022-01-03 00:00:00-05:00,308.4829583154919,309.35981852689207,292.1178777243221,293.782958984375,971300,0.0,0.0
2022-01-04 00:00:00-05:00,293.112957893817,293.6548353687836,282.9746895195155,285.9304504394531,1276700,0.0,0.0
2022-01-05 00:00:00-05:00,286.0880985851755,289.0339973878233,282.2160589427387,282.3441467285156,802800,0.0,0.0
2022-01-06 00:00:00-05:00,282.77762258425304,289.5955601093436,279.940087633964,284.2948913574219,857600,0.0,0.0
2022-01-07 00:00:00-05:00,284.2949241751158,287.37877286155333,279.9893706036569,281.06329345703125,642800,0.0,0.0
2022-01-10 00:00:00-05:00,280.50173304390387,288.00936122975327,280.45245231966516,287.3196716308594,706500,0.0,0.0
2022-01-11 00:00:00-05:00,286.0782311486715,288.2556633315933,282.127384516567,287.63494873046875,691400,0.0,0.0
2022-01-12 00:00:00-05:00,283.3392471612138,283.3392471612138,273.8019985161565,278.6199035644531,1138300,0.0,0.0
2022-01-13 00:00:00-05:00,277.8218079022505,278.038564886771,271.3092662770349,273.7132873535156,878300,0.0,0.0
2022-01-14 00:00:00-05:00,273.20099816764855,276.85628085900663,267.8806343710578,272.0088195800781,916100,0.0,0.0
2022-01-18 00:00:00-05:00,268.747608219557,270.964428774782,266.43228636036446,267.772216796875,860700,0.0,0.0
2022-01-19 00:00:00-05:00,268.31415430013914,271.68373552807407,267.09244920895753,268.00872802734375,980800,0.0,0.0
2022-01-20 00:00:00-05:00,270.0974085351757,274.43251791545015,266.45195856338205,266.8756103515625,710400,0.0,0.0
2022-01-21 00:00:00-05:00,268.7673487778354,271.1910643124482,266.8855107180058,267.5653381347656,1989300,0.0,0.0
2022-01-24 00:00:00-05:00,268.30425560183096,269.09244641965614,260.3236957842535,268.1367492675781,1053900,0.0,0.0
2022-01-25 00:00:00-05:00,264.9839507234026,268.03821263314177,261.41730766379277,264.0971984863281,924200,0.0,0.0
2022-01-26 00:00:00-05:00,262.57006707004473,267.96926726601004,261.04293611785874,262.8656311035156,779900,0.0,0.0
2022-01-27 00:00:00-05:00,263.5257941262489,266.2352416550923,260.3926947454723,261.81146240234375,789200,0.0,0.0
2022-01-28 00:00:00-05:00,259.9492871304841,266.35343506029324,256.697962516217,266.0972595214844,904600,0.0,0.0
2022-01-31 00:00:00-05:00,264.6292870369774,268.02842432080615,261.62427528624397,267.3584289550781,944600,0.0,0.0
2022-02-01 00:00:00-05:00,268.97426353812284,269.5752538703777,263.46669889283004,268.9348449707031,872100,0.0,0.0
2022-02-02 00:00:00-05:00,268.0481319425449,271.69358283264035,265.76233603381,269.151611328125,697200,0.0,0.0
2022-02-03 00:00:00-05:00,267.8017751944101,276.2848242173249,267.8017751944101,273.9300537109375,955200,0.0,0.0
2022-02-04 00:00:00-05:00,272.5309876929603,276.22568874487524,271.8511903615577,273.38818359375,496500,0.0,0.0
2022-02-07 00:00:00-05:00,273.2896528827526,274.4029942799096,269.4077512293727,270.51123046875,536800,0.0,0.0
2022-02-08 00:00:00-05:00,269.4373092208203,275.77248279429716,268.85601319192574,274.08770751953125,1138500,0.0,0.0
2022-02-09 00:00:00-05:00,275.8710414777941,278.72827125101696,275.8217908188389,277.4967041015625,835400,0.0,0.0
2022-02-10 00:00:00-05:00,282.84662257798436,285.9206394179846,272.04825030701426,278.02874755859375,2015300,0.0,0.0
2022-02-11 00:00:00-05:00,279.27999610801663,282.12739363888,267.5751777299321,272.1861877441406,1709200,0.0,0.0
2022-02-14 00:00:00-05:00,271.12206946541585,274.5014819854412,267.3288372173524,268.658935546875,849400,0.0,0.0
2022-02-15 00:00:00-05:00,269.93979332631335,271.959551188076,258.39261988139145,260.7178039550781,1703600,0.0,0.0
2022-02-16 00:00:00-05:00,260.10695300958423,266.71799631299604,257.60440042156176,265.6440734863281,1154100,0.0,0.0
2022-02-17 00:00:00-05:00,264.9248668074948,265.47660644281353,257.44676518895983,258.0576477050781,916800,0.0,0.0
2022-02-18 00:00:00-05:00,257.8901164680568,263.06269760065396,257.4171839401863,260.57000732421875,774600,0.0,0.0
2022-02-22 00:00:00-05:00,260.599550950056,263.8213190732111,259.65371600824415,262.5897521972656,923000,0.0,0.0
2022-02-23 00:00:00-05:00,263.0331619429671,268.1958813256535,262.48142231737717,264.5209045410156,1650700,0.0,0.0
2022-02-24 00:00:00-05:00,261.082341679735,267.87075341193173,259.96900030162,267.7032470703125,969000,0.0,0.0
2022-02-25 00:00:00-05:00,267.9889910345859,274.2158012777792,267.1909379887476,272.55072021484375,580500,0.0,0.0
2022-02-28 00:00:00-05:00,268.5210723602493,270.6294998044261,264.7179771521622,267.25994873046875,1099800,0.0,0.0
2022-03-01 00:00:00-05:00,266.42244964569875,269.17131581560324,263.41740789888706,265.0824890136719,970700,0.0,0.0
2022-03-02 00:00:00-05:00,264.5011525309537,270.05799683657085,261.64392332597845,266.45196533203125,1974200,0.0,0.0
2022-03-03 00:00:00-05:00,269.74270345237653,269.74270345237653,263.3779742276652,266.4618225097656,988300,0.0,0.0
2022-03-04 00:00:00-05:00,264.69824053489566,265.88052683558305,261.64394830656664,265.1711730957031,1023200,0.0,0.0
2022-03-07 00:00:00-05:00,264.9642519508441,265.69336008422266,258.94436669372016,262.81640625,1088700,0.0,0.0
2022-03-08 00:00:00-05:00,261.28927094861496,262.07746181426774,254.8949545358563,255.9886016845703,974500,0.0,0.0
2022-03-09 00:00:00-05:00,261.5158583936262,263.40755855388113,257.09207930790757,261.7129211425781,804500,0.0,0.0
2022-03-10 00:00:00-05:00,258.34337339000746,262.8755465837221,257.3876760645232,262.29425048828125,552400,0.0,0.0
2022-03-11 00:00:00-05:00,263.0134736658422,265.8805353254008,261.3877810907115,261.5749816894531,620400,0.0,0.0
2022-03-14 00:00:00-04:00,263.0135089903719,265.36824989295377,260.18580538080397,261.7425231933594,762600,0.0,0.0
2022-03-15 00:00:00-04:00,263.1612431819497,268.05795478797324,262.9641804344726,267.5259094238281,571600,0.0,0.0
2022-03-16 00:00:00-04:00,268.18604826879107,271.15164122876047,266.6391928641152,269.97918701171875,604700,0.0,0.0
2022-03-17 00:00:00-04:00,269.4176090220972,271.7427930863194,267.4963524745404,270.28460693359375,598300,0.0,0.0
2022-03-18 00:00:00-04:00,269.30921248501176,271.3881131935151,265.8706870800503,271.1713562011719,1354000,0.0,0.0
2022-03-21 00:00:00-04:00,270.9546291595525,274.5606613030174,270.5112529683464,272.5802917480469,564300,0.0,0.0
2022-03-22 00:00:00-04:00,273.0728850838794,277.0730122021858,271.3979419755015,273.3487548828125,540600,0.0,0.0
2022-03-23 00:00:00-04:00,272.1566231665003,272.6295256693617,266.1071513985891,267.6835632324219,1014500,0.0,0.0
2022-03-24 00:00:00-04:00,268.89544210040543,269.26981323443573,266.2844958475214,267.437255859375,594100,0.0,0.0
2022-03-25 00:00:00-04:00,268.95454515442384,270.28461349303046,267.05298280840486,269.9200744628906,863400,0.0,0.0
2022-03-28 00:00:00-04:00,269.70333877987446,272.3438415527344,267.5456307669618,272.3438415527344,482100,0.0,0.0
2022-03-29 00:00:00-04:00,273.0236221910492,275.27986144922613,271.4866289155593,272.6689453125,533700,0.0,0.0
2022-03-30 00:00:00-04:00,272.2551297161998,272.29454828138194,263.05286417106606,265.0332336425781,1008000,0.0,0.0
2022-03-31 00:00:00-04:00,264.6686843427923,266.53079804658915,259.7621104984479,259.77197265625,907200,0.0,0.0
2022-04-01 00:00:00-04:00,260.4813942377916,260.7474019290363,257.2300387847856,259.28924560546875,623400,0.0,0.0
2022-04-04 00:00:00-04:00,259.3187806572267,260.65871122987977,256.55022022125246,259.44683837890625,1057200,0.0,0.0
2022-04-05 00:00:00-04:00,259.0527598429101,264.4125426187618,258.82617072489677,260.3533020019531,721700,0.0,0.0
2022-04-06 00:00:00-04:00,259.1118551397048,261.50604442844053,257.40738552010527,260.9739990234375,662300,0.0,0.0
2022-04-07 00:00:00-04:00,259.9098871658661,268.07764791347347,259.9098871658661,267.880615234375,706800,0.0,0.0
2022-04-08 00:00:00-04:00,268.21560967679267,274.0384623067489,267.3880002259562,272.6689453125,763300,0.0,0.0
2022-04-11 00:00:00-04:00,271.88074555229684,274.6886942851608,268.04809457914496,268.4028015136719,672600,0.0,0.0
2022-04-12 00:00:00-04:00,267.1022326403183,271.28956005884993,264.05780290177427,264.6982116699219,470800,0.0,0.0
2022-04-13 00:00:00-04:00,263.8410903603117,266.1170239468584,262.84597452576264,264.9642639160156,470100,0.0,0.0
2022-04-14 00:00:00-04:00,266.10713606890687,267.0825274924239,263.1710695733763,265.0726318359375,1439600,0.0,0.0
2022-04-18 00:00:00-04:00,264.8066318650101,266.8756706933729,262.176021266817,263.18096923828125,603600,0.0,0.0
2022-04-19 00:00:00-04:00,263.87064373177554,267.75254557662186,263.8312251662667,267.1416931152344,504800,0.0,0.0
2022-04-20 00:00:00-04:00,268.17619683248404,274.2946136584054,266.9544919124597,273.7724304199219,662500,0.0,0.0
2022-04-21 00:00:00-04:00,274.88575214512184,276.58038952592295,271.7329286239629,272.2255554199219,493500,0.0,0.0
2022-04-22 00:00:00-04:00,269.38806973657086,270.31418051753445,264.14651303379316,264.560302734375,627100,0.0,0.0
2022-04-25 00:00:00-04:00,262.7770030678726,264.46180852530335,254.80630432913028,260.20550537109375,674500,0.0,0.0
2022-04-26 00:00:00-04:00,257.2694203890042,257.5452901998435,246.27400141780785,246.42178344726562,1784900,0.0,0.0
2022-04-27 00:00:00-04:00,246.43162453713083,251.98845421533508,242.3526752524253,249.30856323242188,1660500,0.0,0.0
2022-04-28 00:00:00-04:00,235.85985350684925,239.554554425458,228.58867728821872,237.1111297607422,1828300,0.0,0.0
2022-04-29 00:00:00-04:00,236.64807089404886,245.98827106142767,236.37220108140144,236.7367401123047,1136400,0.0,0.0
2022-05-02 00:00:00-04:00,236.1751581488128,239.64324015916614,234.86476899529492,239.42648315429688,1236300,0.0,0.0
2022-05-03 00:00:00-04:00,237.94859911182144,247.14101729701315,237.54465654861045,241.69256591796875,852000,0.0,0.0
2022-05-04 00:00:00-04:00,239.71221513844927,251.22983266847143,239.21958831532618,249.95884704589844,830400,0.0,0.0
2022-05-05 00:00:00-04:00,248.0277548143296,250.59926739605595,243.36749430909998,248.23464965820312,767600,0.0,0.0
2022-05-06 00:00:00-04:00,246.72721973185003,249.05241897078892,244.55966468661697,247.7814483642578,562700,0.0,0.0
2022-05-09 00:00:00-04:00,245.35772644441403,245.5843305847888,237.16042352020463,237.70230102539062,680300,0.0,0.0
2022-05-10 00:00:00-04:00,239.23930677159458,240.33292392843728,234.50022392305215,237.09144592285156,654700,0.0,0.0
2022-05-11 00:00:00-04:00,235.8795857613285,239.4560463759026,234.10612614091517,235.07167053222656,692200,0.0,0.0
2022-05-12 00:00:00-04:00,232.84497043166087,241.36740752156018,232.84497043166087,241.0324249267578,906300,0.0,0.0
2022-05-13 00:00:00-04:00,241.426545814443,244.3527503338079,239.46590068853234,241.0127410888672,495600,0.0,0.0
2022-05-16 00:00:00-04:00,239.58412990677934,240.9634940464898,234.7366837196442,238.8057861328125,627000,0.0,0.0
2022-05-17 00:00:00-04:00,240.5201126279762,245.80107271430145,240.5004183795908,244.09658813476562,892400,0.0,0.0
2022-05-18 00:00:00-04:00,242.31795567154177,245.14399454604282,238.60261008533135,239.5709686279297,506500,0.72,0.0
2022-05-19 00:00:00-04:00,237.60461377805174,245.86534180244428,237.298282273087,243.5037078857422,598900,0.0,0.0
2022-05-20 00:00:00-04:00,244.926608229289,247.03131989966462,239.94646345425366,245.59854125976562,815000,0.0,0.0
2022-05-23 00:00:00-04:00,247.5550298140849,247.93052225232586,244.5708871910438,246.53726196289062,602100,0.0,0.0
2022-05-24 00:00:00-04:00,246.81392999811783,249.12613952313387,244.66969996055045,246.19140625,1464000,0.0,0.0
2022-05-25 00:00:00-04:00,246.59654294831452,247.44633129388598,242.41677722743864,244.46218872070312,674800,0.0,0.0
2022-05-26 00:00:00-04:00,245.17364178246012,248.9581634471074,245.17364178246012,247.17953491210938,570200,0.0,0.0
2022-05-27 00:00:00-04:00,248.50363228955746,255.59837964585773,247.03132019327128,254.807861328125,649800,0.0,0.0
2022-05-31 00:00:00-04:00,249.33365131495313,252.2584936721843,243.19738675099703,243.79026794433594,2637900,0.0,0.0
2022-06-01 00:00:00-04:00,242.21914430436757,245.51947897914698,239.59072755387376,242.86141967773438,785300,0.0,0.0
2022-06-02 00:00:00-04:00,243.8693184724538,246.19140379916988,240.85553339800592,245.83567810058594,549900,0.0,0.0
2022-06-03 00:00:00-04:00,243.64205289825708,244.15586717822734,238.26664906476105,240.7567138671875,674100,0.0,0.0
2022-06-06 00:00:00-04:00,241.4780618534048,243.1282292692252,238.75082641849596,239.10655212402344,693900,0.0,0.0
2022-06-07 00:00:00-04:00,236.79435098601616,242.94049168014038,236.79435098601616,242.57489013671875,760300,0.0,0.0
2022-06-08 00:00:00-04:00,241.1025634778416,241.49780755086567,233.9386553417172,234.54141235351562,1004000,0.0,0.0
2022-06-09 00:00:00-04:00,233.4248078914378,236.16191887163447,226.53757415579395,227.061279296875,1719800,0.0,0.0
2022-06-10 00:00:00-04:00,224.19574790104974,225.56924145996618,219.90728773322095,221.90330505371094,910100,0.0,0.0
2022-06-13 00:00:00-04:00,216.60695917548094,218.8697595360911,212.8718315747635,213.8994903564453,896600,0.0,0.0
2022-06-14 00:00:00-04:00,213.37576740280542,213.79077819558708,209.87779559885422,211.32046508789062,921200,0.0,0.0
2022-06-15 00:00:00-04:00,212.6247817812213,218.2274651570178,212.19989516551595,216.3599090576172,885400,0.0,0.0
2022-06-16 00:00:00-04:00,211.39951389473433,216.2808549381799,210.11494808157585,215.5496368408203,1014200,0.0,0.0
2022-06-17 00:00:00-04:00,216.9231459928785,225.01589461565462,216.49825935094788,223.53370666503906,2186000,0.0,0.0
2022-06-21 00:00:00-04:00,226.3498650095595,228.57314688840748,225.06529913070608,226.81427001953125,1258800,0.0,0.0
2022-06-22 00:00:00-04:00,226.4091349096405,231.8438235818635,225.93482395146958,230.49008178710938,971600,0.0,0.0
2022-06-23 00:00:00-04:00,231.6659758668309,238.48404955100068,230.99405789341358,236.7745819091797,860900,0.0,0.0
2022-06-24 00:00:00-04:00,238.4642823343759,239.6895631439499,235.85563212495674,239.67967224121094,782600,0.0,0.0
2022-06-27 00:00:00-04:00,238.48403723798407,239.85753074458674,236.07300919414172,238.4445037841797,613100,0.0,0.0
2022-06-28 00:00:00-04:00,240.74684554250976,240.8950583052733,232.93077086407814,233.15805053710938,608300,0.0,0.0
2022-06-29 00:00:00-04:00,233.41495779113805,238.23701404317399,232.62445454165086,237.1500701904297,744300,0.0,0.0
2022-06-30 00:00:00-04:00,234.679769870689,235.03549559864948,230.67785920053274,231.57705688476562,867100,0.0,0.0
2022-07-01 00:00:00-04:00,232.52564404691108,238.60260838124555,232.24895510197834,238.0789031982422,436000,0.0,0.0
2022-07-05 00:00:00-04:00,234.84773980539634,237.54531767063114,232.6145820404615,237.14019775390625,546400,0.0,0.0
2022-07-06 00:00:00-04:00,236.665890871365,241.97213411284565,236.665890871365,240.9840087890625,659700,0.0,0.0
2022-07-07 00:00:00-04:00,239.976099864964,242.83178124681768,239.48203723780873,241.48793029785156,633000,0.0,0.0
2022-07-08 00:00:00-04:00,240.58872968035755,243.7606183410545,239.63024698948993,241.04327392578125,366700,0.0,0.0
2022-07-11 00:00:00-04:00,239.98598074840396,241.64603905098852,239.08679820699894,239.74884033203125,389400,0.0,0.0
2022-07-12 00:00:00-04:00,239.64014957805196,241.77448874570683,236.07301667766822,237.06114196777344,441100,0.0,0.0
2022-07-13 00:00:00-04:00,234.4821300764224,238.19747567145066,233.60269918738882,237.43661499023438,548000,0.0,0.0
2022-07-14 00:00:00-04:00,234.52163729192026,237.98007557955358,232.60467194293122,237.51565551757812,587200,0.0,0.0
2022-07-15 00:00:00-04:00,241.43851161149144,242.29819080200699,237.4267256477329,241.6064910888672,579100,0.0,0.0
2022-07-18 00:00:00-04:00,242.01164230870674,242.8713064793959,237.17971028182072,238.01962280273438,662100,0.0,0.0
2022-07-19 00:00:00-04:00,240.6776942973166,243.32586294922348,238.89906568460512,243.01954650878906,505000,0.0,0.0
2022-07-20 00:00:00-04:00,243.18751640778288,244.7783987322533,241.77448939876604,242.36737060546875,559800,0.0,0.0
2022-07-21 00:00:00-04:00,243.4147662057662,246.27044752517799,242.08080618817203,246.13211059570312,722900,0.0,0.0
2022-07-22 00:00:00-04:00,247.11037366564716,248.5727948691739,241.93259173208583,243.41477966308594,518500,0.0,0.0
2022-07-25 00:00:00-04:00,243.65195076563668,245.0353202254687,242.61441613196453,243.95826721191406,406500,0.0,0.0
2022-07-26 00:00:00-04:00,243.92859941899653,244.28432511151829,241.40887702010025,243.98788452148438,532200,0.0,0.0
2022-07-27 00:00:00-04:00,243.32584953660918,247.87123184325498,241.56698774921205,246.5076141357422,728300,0.0,0.0
2022-07-28 00:00:00-04:00,245.45030727050496,251.21107931551683,238.46426955915578,249.383056640625,971000,0.0,0.0
2022-07-29 00:00:00-04:00,250.24272622104647,260.00540877564566,248.86923269010387,259.0765686035156,1070200,0.0,0.0
2022-08-01 00:00:00-04:00,257.77222916444435,259.4125206982057,253.71104886109228,254.8770294189453,760800,0.0,0.0
2022-08-02 00:00:00-04:00,254.20512211561828,254.50154764096243,249.12614364332285,249.49176025390625,647800,0.0,0.0
2022-08-03 00:00:00-04:00,251.12214068587096,253.76043319166774,249.64982869257713,249.77828979492188,643500,0.0,0.0
2022-08-04 00:00:00-04:00,250.68737073098447,253.43437277349994,248.9383848319568,249.39292907714844,403000,0.0,0.0
2022-08-05 00:00:00-04:00,247.7921762723486,252.33754343280546,247.14000998054556,251.64585876464844,588500,0.0,0.0
2022-08-08 00:00:00-04:00,252.8217328875547,254.82764106261388,252.22885169286988,252.77232360839844,392000,0.0,0.0
2022-08-09 00:00:00-04:00,251.9719517695548,254.6596537946377,249.48187178916422,249.8474884033203,471800,0.0,0.0
2022-08-10 00:00:00-04:00,252.01147980083996,256.2011366657426,251.97196142142596,256.03314208984375,418600,0.0,0.0
2022-08-11 00:00:00-04:00,256.8137551927883,259.5607422751618,254.24462342422825,255.6675262451172,428100,0.0,0.0
2022-08-12 00:00:00-04:00,255.84541489109628,256.8532918370786,253.89880685190187,256.3394775390625,434500,0.0,0.0
2022-08-15 00:00:00-04:00,256.1418417229712,259.58052862620644,255.2920382834399,257.060791015625,304300,0.0,0.0
2022-08-16 00:00:00-04:00,255.58846015218114,257.60424394291744,254.87700882340286,256.0726318359375,268400,0.0,0.0
2022-08-17 00:00:00-04:00,254.47735174501923,255.20067349260634,249.0076997365459,250.9894561767578,427500,0.72,0.0
2022-08-18 00:00:00-04:00,250.89036722503576,251.4155314824184,246.5998626335193,248.13572692871094,473300,0.0,0.0
2022-08-19 00:00:00-04:00,248.839248486207,249.82020823271566,245.86661387089302,247.0358428955078,443600,0.0,0.0
2022-08-22 00:00:00-04:00,245.73780689676695,247.81865727720145,241.14013240477283,241.26895141601562,413600,0.0,0.0
2022-08-23 00:00:00-04:00,240.6248745124434,240.73387172649913,236.18574411377782,236.67127990722656,712600,0.0,0.0
2022-08-24 00:00:00-04:00,236.90905431674315,236.90905431674315,229.26939221297465,230.6764373779297,1000700,0.0,0.0
2022-08-25 00:00:00-04:00,232.0537674201365,234.94712994159252,229.051407692205,234.8975830078125,816100,0.0,0.0
2022-08-26 00:00:00-04:00,233.39144913011395,234.46159942135057,226.66339267343756,227.0696563720703,466400,0.0,0.0
2022-08-29 00:00:00-04:00,225.87068521543782,229.48739975801985,224.7708097962397,227.5749969482422,406900,0.0,0.0
2022-08-30 00:00:00-04:00,228.4469844959449,228.47670963399833,225.69234415924447,225.93014526367188,504100,0.0,0.0
2022-08-31 00:00:00-04:00,226.6931261607106,227.2480155648427,221.00547952915215,223.21514892578125,744600,0.0,0.0
2022-09-01 00:00:00-04:00,222.8088700433286,225.0779744420883,221.47117844117858,225.01852416992188,401000,0.0,0.0
2022-09-02 00:00:00-04:00,225.73195715095449,226.9309264087316,222.70977565950088,223.68084716796875,384400,0.0,0.0
2022-09-06 00:00:00-04:00,222.9475950704867,227.58489779054412,222.6701503839671,224.03756713867188,583700,0.0,0.0
2022-09-07 00:00:00-04:00,224.68163470154116,230.41881289972977,224.26546766661156,229.8242950439453,634200,0.0,0.0
2022-09-08 00:00:00-04:00,229.2396821519191,236.16591123036648,229.16041007999902,236.0965576171875,794700,0.0,0.0
2022-09-09 00:00:00-04:00,236.10644405356155,238.18729421359154,235.69027704547565,236.14608764648438,448500,0.0,0.0
2022-09-12 00:00:00-04:00,236.46316889109661,239.4952537107192,236.15599907362653,239.06918334960938,414600,0.0,0.0
2022-09-13 00:00:00-04:00,234.96696642670986,234.97686976624436,225.96979001942117,226.3463134765625,629800,0.0,0.0
2022-09-14 00:00:00-04:00,226.33639496123644,226.68320837652053,218.93453365223024,220.92620849609375,889300,0.0,0.0
2022-09-15 00:00:00-04:00,222.73950915382525,225.8806064268067,221.5306516314826,222.07562255859375,639200,0.0,0.0
2022-09-16 00:00:00-04:00,221.30272797581745,223.2250340544538,219.2813431514417,221.94680786132812,1117200,0.0,0.0
2022-09-19 00:00:00-04:00,219.34080797388836,221.62973429084994,218.45892694441827,221.51083374023438,514800,0.0,0.0
2022-09-20 00:00:00-04:00,219.2912508879105,219.2912508879105,216.32853476178911,218.2012939453125,506600,0.0,0.0
2022-09-21 00:00:00-04:00,219.1822683791774,220.3911410675511,211.2948858860794,211.4534149169922,553900,0.0,0.0
2022-09-22 00:00:00-04:00,210.31390816820468,212.02812330400224,208.48077736130054,211.0867919921875,477200,0.0,0.0
2022-09-23 00:00:00-04:00,210.2742798841417,211.63177824707148,206.71701547914412,209.7292938232422,432600,0.0,0.0
2022-09-26 00:00:00-04:00,208.97621202312573,210.19500312842962,206.70710753595674,208.510498046875,482700,0.0,0.0
2022-09-27 00:00:00-04:00,209.82835734661714,211.08677686506428,204.21999835494145,204.75506591796875,471300,0.0,0.0
2022-09-28 00:00:00-04:00,206.835904251709,210.92822060676934,205.36939374771427,210.0859832763672,611900,0.0,0.0
2022-09-29 00:00:00-04:00,208.30241189870196,209.0951174654407,205.54777177197573,206.1026611328125,740400,0.0,0.0
2022-09-30 00:00:00-04:00,207.0440078212113,209.31312748625197,202.72377803583484,202.9417724609375,720100,0.0,0.0
2022-10-03 00:00:00-04:00,205.02261755000785,211.04715898371884,203.8830985173483,209.86801147460938,754700,0.0,0.0
2022-10-04 00:00:00-04:00,211.7605736754847,214.96110583001698,211.7605736754847,214.03958129882812,606400,0.0,0.0
2022-10-05 00:00:00-04:00,211.6317872409917,214.72332267114805,209.31313566837449,213.0685577392578,481500,0.0,0.0
2022-10-06 00:00:00-04:00,212.0182054721162,212.0182054721162,207.54935032151886,208.35195922851562,605200,0.0,0.0
2022-10-07 00:00:00-04:00,206.16211510982902,207.043996099781,201.99052637024545,203.73446655273438,1003300,0.0,0.0
2022-10-10 00:00:00-04:00,204.36863999250522,205.38924338508141,202.386883483487,203.8335723876953,478500,0.0,0.0
2022-10-11 00:00:00-04:00,203.13004364401985,204.4479135464041,199.93941443184804,202.43643188476562,820200,0.0,0.0
2022-10-12 00:00:00-04:00,202.87241821419306,204.4974579383367,200.71229576842526,202.9615936279297,557800,0.0,0.0
2022-10-13 00:00:00-04:00,199.60251985330046,208.67896837724405,198.49274103626018,207.3809051513672,542500,0.0,0.0
2022-10-14 00:00:00-04:00,209.43203645599067,211.44351817970193,206.7566680908203,206.7566680908203,631500,0.0,0.0
2022-10-17 00:00:00-04:00,209.41219492705838,211.40386978339455,208.90685248867533,210.49224853515625,543800,0.0,0.0
2022-10-18 00:00:00-04:00,215.00074393216514,215.52590815963177,209.87790553997093,211.04714965820312,512400,0.0,0.0
2022-10-19 00:00:00-04:00,209.84818263654682,209.84818263654682,204.73524752873232,206.91519165039062,768000,0.0,0.0
2022-10-20 00:00:00-04:00,207.62862314484988,213.37572005454564,206.3900253246397,209.23385620117188,944500,0.0,0.0
2022-10-21 00:00:00-04:00,208.63930488620616,211.52276398726292,204.77488607419266,209.77882385253906,1943700,0.0,0.0
2022-10-24 00:00:00-04:00,212.17676889132147,214.84223385798833,211.4732386666716,212.75148010253906,706200,0.0,0.0
2022-10-25 00:00:00-04:00,213.61352959399287,227.21828339192874,213.32616644171992,226.12832641601562,1496800,0.0,0.0
2022-10-26 00:00:00-04:00,226.98048494278166,230.6070877982781,225.6923402111257,227.85244750976562,1123600,0.0,0.0
2022-10-27 00:00:00-04:00,211.9191233579163,218.92463973931206,204.8739784997311,214.32696533203125,1564300,0.0,0.0
2022-10-28 00:00:00-04:00,213.20726000542703,222.9773196404803,211.6813142334457,222.2440643310547,1145800,0.0,0.0
2022-10-31 00:00:00-04:00,220.86674937280867,224.9491779239139,219.83624267578125,219.83624267578125,922900,0.0,0.0
2022-11-01 00:00:00-04:00,221.23337635460538,222.51160255922204,219.2813451227387,220.52984619140625,646400,0.0,0.0
2022-11-02 00:00:00-04:00,220.09386602459503,228.35780189419003,218.7958179717776,222.53143310546875,1074100,0.0,0.0
2022-11-03 00:00:00-04:00,219.03362204721708,223.02685985445012,217.81484613413826,221.54054260253906,1035900,0.0,0.0
2022-11-04 00:00:00-04:00,223.7997335963947,225.94993731020966,218.83543964031873,225.91030883789062,1119500,0.0,0.0
2022-11-07 00:00:00-05:00,227.88216687081587,232.36094062074685,225.56351548437078,231.63760375976562,873900,0.0,0.0
2022-11-08 00:00:00-05:00,230.54763169892075,234.47151606982698,230.17109314020706,233.4409942626953,875100,0.0,0.0
2022-11-09 00:00:00-05:00,232.29157315447262,233.98598155817155,228.2785284712941,228.4370574951172,969900,0.0,0.0
2022-11-10 00:00:00-05:00,235.15521837445962,241.25901650972583,234.2733222740442,240.85276794433594,957000,0.0,0.0
2022-11-11 00:00:00-05:00,241.18966377636588,248.23480830970615,239.8321503751886,246.69894409179688,948400,0.0,0.0
2022-11-14 00:00:00-05:00,245.8467947838733,246.8773014759193,242.89398193359375,242.89398193359375,789700,0.0,0.0
2022-11-15 00:00:00-05:00,244.20192673362402,247.01601716258426,241.6851027853796,243.5380401611328,586500,0.0,0.0
2022-11-16 00:00:00-05:00,244.7007899333521,245.02874229553257,240.80513682397373,242.285888671875,513000,0.72,0.0
2022-11-17 00:00:00-05:00,239.27469316561067,240.92437214893397,226.78275234150223,231.52313232421875,1793900,0.0,0.0
2022-11-18 00:00:00-05:00,233.77904532600064,235.50822933539555,225.8784067411923,228.75045776367188,946100,0.0,0.0
2022-11-21 00:00:00-05:00,227.24984069031407,235.04114664677797,226.80263845295013,234.41506958007812,913500,0.0,0.0
2022-11-22 00:00:00-05:00,235.8262503413285,236.50201991961242,233.540531468618,235.2796630859375,641000,0.0,0.0
2022-11-23 00:00:00-05:00,235.66723727206966,237.60512373012816,235.02128017405818,236.81008911132812,472500,0.0,0.0
2022-11-25 00:00:00-05:00,237.49580022486006,239.88090402044514,237.14798301327022,239.87095642089844,211100,0.0,0.0
2022-11-28 00:00:00-05:00,238.9566856345739,239.68214773394618,236.33308192388856,236.87966918945312,485400,0.0,0.0
2022-11-29 00:00:00-05:00,236.81009594760891,240.0001669506769,235.54799418650427,238.2908477783203,628400,0.0,0.0
2022-11-30 00:00:00-05:00,237.82375713593606,239.23493637253287,224.87468147347732,239.2051239013672,1668300,0.0,0.0
2022-12-01 00:00:00-05:00,241.76909499664345,243.44860158514675,239.20511640854073,240.2684783935547,569300,0.0,0.0
2022-12-02 00:00:00-05:00,237.42624900210137,240.40761745084026,236.02500219182832,240.06973266601562,749100,0.0,0.0
2022-12-05 00:00:00-05:00,237.90325864406788,238.529350857464,232.4374166043901,234.92189025878906,676900,0.0,0.0
2022-12-06 00:00:00-05:00,234.75295228450858,236.10450658447857,231.70201130080218,232.69580078125,597300,0.0,0.0
2022-12-07 00:00:00-05:00,232.75543635453846,234.65356270056623,231.52313196373578,232.2287139892578,726700,0.0,0.0
2022-12-08 00:00:00-05:00,232.8945666936594,234.6138182185308,229.82374572867417,234.21629333496094,522700,0.0,0.0
2022-12-09 00:00:00-05:00,233.93803554105025,234.71319011574988,231.5926917815933,232.10946655273438,438000,0.0,0.0
2022-12-12 00:00:00-05:00,229.88338556050257,229.88338556050257,224.21877349756087,226.1367950439453,1006500,0.0,0.0
2022-12-13 00:00:00-05:00,231.4038839191146,232.31816841089932,227.0610136281074,229.69456481933594,600200,0.0,0.0
2022-12-14 00:00:00-05:00,228.5715690285877,232.55665918608122,226.32561037457256,229.18771362304688,719600,0.0,0.0
2022-12-15 00:00:00-05:00,226.25604795861582,231.13555792034046,225.17282107020742,227.86598205566406,920200,0.0,0.0
2022-12-16 00:00:00-05:00,225.00387677892988,226.60387842676417,223.6920674042476,225.5802764892578,1146000,0.0,0.0
2022-12-19 00:00:00-05:00,224.59642191015845,228.26350750829823,221.49580359291298,227.5877227783203,725100,0.0,0.0
2022-12-20 00:00:00-05:00,227.4187859789518,229.84363478986924,224.56661496094242,225.37158203125,770200,0.0,0.0
2022-12-21 00:00:00-05:00,227.73679240792808,231.25480036414277,226.88213288034706,230.4895782470703,624600,0.0,0.0
2022-12-22 00:00:00-05:00,228.90946368594464,230.54922541562914,226.54425505055795,230.27096557617188,414900,0.0,0.0
2022-12-23 00:00:00-05:00,229.81382448960287,230.9069990176497,227.86599037527156,230.21133422851562,374800,0.0,0.0
2022-12-27 00:00:00-05:00,229.98275459507036,231.95045347636355,228.9492202307213,231.51319885253906,340200,0.0,0.0
2022-12-28 00:00:00-05:00,232.35791303398315,233.98772715457147,229.04859228661303,229.8336944580078,350000,0.0,0.0
2022-12-29 00:00:00-05:00,231.29456011449523,234.95169798112806,231.06597762481306,234.02748107910156,374900,0.0,0.0
2022-12-30 00:00:00-05:00,233.2523406092332,234.27594258283176,232.0200361681131,234.01754760742188,666400,0.0,0.0
2023-01-03 00:00:00-05:00,235.03120389651642,236.7206429213188,233.00388009955824,236.30325317382812,664900,0.0,0.0
2023-01-04 00:00:00-05:00,238.90698382851403,239.81133589052394,236.3032602553669,238.21133422851562,607300,0.0,0.0
2023-01-05 00:00:00-05:00,236.00511879789045,238.9467422976241,234.2659872275406,238.4796600341797,662800,0.0,0.0
2023-01-06 00:00:00-05:00,240.4871097695275,242.0871113593517,237.6349237921746,241.51071166992188,481600,0.0,0.0
2023-01-09 00:00:00-05:00,242.9517035236391,244.12436777403792,240.58647982426234,241.9380340576172,592400,0.0,0.0
2023-01-10 00:00:00-05:00,242.14673511011344,244.22375137050108,242.0374176667234,243.7666015625,373800,0.0,0.0
2023-01-11 00:00:00-05:00,246.11195499248683,252.84984635345697,246.11195499248683,252.6411590576172,961200,0.0,0.0
2023-01-12 00:00:00-05:00,252.9591598688666,253.10823738474423,248.8250072825372,250.7628936767578,702100,0.0,0.0
2023-01-13 00:00:00-05:00,249.80884384399275,252.23369247630487,247.80140011608205,250.14674377441406,601400,0.0,0.0
2023-01-17 00:00:00-05:00,250.42502463824982,253.68465302514286,249.16290771182935,253.1778106689453,662700,0.0,0.0
2023-01-18 00:00:00-05:00,253.654826589135,254.07221634159853,249.43122139479686,249.7889862060547,564600,0.0,0.0
2023-01-19 00:00:00-05:00,249.43123191013794,251.3194258933631,248.17904743593502,251.0212860107422,375300,0.0,0.0
2023-01-20 00:00:00-05:00,251.61755117598298,254.49953449136908,249.9082321230983,254.0026397705078,505400,0.0,0.0
2023-01-23 00:00:00-05:00,254.22125513050597,256.3181664620318,252.48212374109855,256.22869873046875,442900,0.0,0.0
2023-01-24 00:00:00-05:00,253.9827715141345,257.29207696661643,252.1839999108149,252.41258239746094,439500,0.0,0.0
2023-01-25 00:00:00-05:00,250.95172533330285,253.08836666329694,249.55047851821553,252.1243896484375,393500,0.0,0.0
2023-01-26 00:00:00-05:00,252.7405582986145,253.57533785701796,250.8722291463571,252.63124084472656,347600,0.0,0.0
2023-01-27 00:00:00-05:00,251.31941060039844,253.5951817433412,249.0535718927964,252.7206573486328,477900,0.0,0.0
2023-01-30 00:00:00-05:00,251.59768101417907,253.0982976710175,249.14301978367894,249.56040954589844,371100,0.0,0.0
2023-01-31 00:00:00-05:00,249.50078479462292,251.29954132986146,248.48711527758456,250.55419921875,596700,0.0,0.0
2023-02-01 00:00:00-05:00,248.63619458243082,250.41507109487816,243.86600200428165,248.5865020751953,747000,0.0,0.0
2023-02-02 00:00:00-05:00,248.22873741781183,254.4200568540881,245.8138362376069,253.40638732910156,847700,0.0,0.0
2023-02-03 00:00:00-05:00,252.32315113908572,252.41260371986263,246.52937162598985,247.79147338867188,480600,0.0,0.0
2023-02-06 00:00:00-05:00,245.44611520748794,247.87096390252407,241.74921722391215,242.9815216064453,1060700,0.0,0.0
2023-02-07 00:00:00-05:00,241.50077318168366,246.4896005574259,241.1032634600569,245.7045135498047,482500,0.0,0.0
2023-02-08 00:00:00-05:00,244.90949458762753,246.69831877726781,243.9753300017029,244.43247985839844,528200,0.0,0.0
2023-02-09 00:00:00-05:00,246.31072672243715,246.71816888133472,241.5007741528766,241.8883514404297,443900,0.0,0.0
2023-02-10 00:00:00-05:00,241.36165124149923,245.64488156431898,240.5964442438708,244.36289978027344,603400,0.0,0.0
2023-02-13 00:00:00-05:00,244.47221280663322,246.91694160687015,244.2933379784331,246.5889892578125,506500,0.0,0.0
2023-02-14 00:00:00-05:00,246.09208092819236,246.52935070279173,241.31195620536633,242.3554229736328,736400,0.0,0.0
2023-02-15 00:00:00-05:00,241.07346610010885,247.60265542943543,240.49706635280344,246.6983184814453,857500,0.0,0.0
2023-02-16 00:00:00-05:00,238.50947327176587,256.3678712961113,236.57158683423756,254.49954223632812,1320200,0.0,0.0
2023-02-17 00:00:00-05:00,255.2051120016993,256.65606639721534,252.61133616201624,254.66848754882812,816100,0.0,0.0
2023-02-21 00:00:00-05:00,251.915690872456,253.4560523748748,245.37655453062152,245.7840118408203,600500,0.0,0.0
2023-02-22 00:00:00-05:00,245.18599160190593,245.18599160190593,235.64765121399506,241.5879364013672,1394200,0.72,0.0
2023-02-23 00:00:00-05:00,242.38529221953027,245.5747004501921,240.98991566291082,244.18930053710938,636700,0.0,0.0
2023-02-24 00:00:00-05:00,242.41519918323348,243.5215268606506,239.00651760618314,241.4982452392578,560400,0.0,0.0
2023-02-27 00:00:00-05:00,243.97999913160734,243.97999913160734,238.3885616481233,239.85369873046875,583200,0.0,0.0
2023-02-28 00:00:00-05:00,239.12610718316571,239.49487799312348,236.99318901324878,238.56796264648438,1140500,0.0,0.0
2023-03-01 00:00:00-05:00,237.47159723664853,239.40518025110848,236.89351461935547,237.09286499023438,388200,0.0,0.0
2023-03-02 00:00:00-05:00,235.54800042579564,239.15601720232922,234.4117732238415,238.6676483154297,735900,0.0,0.0
2023-03-03 00:00:00-05:00,240.44175943178558,240.61119508885182,237.90019415919465,238.55801391601562,383500,0.0,0.0
2023-03-06 00:00:00-05:00,238.2390538736073,238.61780132878422,234.99980805072573,236.32540893554688,689700,0.0,0.0
2023-03-07 00:00:00-05:00,236.35531780577952,236.61445200688067,230.32533383974862,230.7439422607422,625500,0.0,0.0
2023-03-08 00:00:00-05:00,230.23563342518733,231.30210015272453,228.4116869717582,229.19908142089844,548300,0.0,0.0
2023-03-09 00:00:00-05:00,229.61769092211654,230.64428149569974,223.31859613246175,223.40829467773438,522800,0.0,0.0
2023-03-10 00:00:00-05:00,222.79034403451627,225.60102003046111,219.84014711143033,221.84349060058594,1003300,0.0,0.0
2023-03-13 00:00:00-04:00,220.7371608910354,220.7371608910354,215.38493499302115,218.52450561523438,815200,0.0,0.0
2023-03-14 00:00:00-04:00,221.51458224403694,224.0760855006778,219.63083679864008,221.49464416503906,516500,0.0,0.0
2023-03-15 00:00:00-04:00,217.75705679395512,219.60094132357037,215.6241385508962,218.49461364746094,662200,0.0,0.0
2023-03-16 00:00:00-04:00,217.32848661405205,219.74047713138683,214.328436818586,218.37501525878906,625000,0.0,0.0
2023-03-17 00:00:00-04:00,218.37500862263568,218.86337748925314,212.1755892599447,212.6141357421875,813700,0.0,0.0
2023-03-20 00:00:00-04:00,213.36166313514886,216.85008185530154,213.36166313514886,216.67066955566406,484000,0.0,0.0
2023-03-21 00:00:00-04:00,219.17235969849227,221.006282821322,217.8766734771533,220.57769775390625,609100,0.0,0.0
2023-03-22 00:00:00-04:00,221.00628580929288,222.24217301660812,216.2620265297053,216.27200317382812,491400,0.0,0.0
2023-03-23 00:00:00-04:00,216.44143205182732,217.5975973197326,213.06265000091162,213.93972778320312,466300,0.0,0.0
2023-03-24 00:00:00-04:00,213.05267900573222,217.87667537357666,211.5177814398037,217.6873016357422,723300,0.0,0.0
2023-03-27 00:00:00-04:00,220.6873376595267,220.8368504468793,217.9863133426313,219.05276489257812,444700,0.0,0.0
2023-03-28 00:00:00-04:00,218.2753344446224,220.90659814192426,218.2753344446224,219.94976806640625,547800,0.0,0.0
2023-03-29 00:00:00-04:00,222.05279011111594,222.4016380584371,220.28865792028145,221.0860137939453,312500,0.0,0.0
2023-03-30 00:00:00-04:00,223.36843784822545,224.2853918139605,221.7239036546907,223.95648193359375,374100,0.0,0.0
2023-03-31 00:00:00-04:00,225.0628028666639,228.95986851002593,225.0628028666639,228.66085815429688,606700,0.0,0.0
2023-04-03 00:00:00-04:00,229.2588794295952,231.00308876595605,228.24225030093558,229.72732543945312,408400,0.0,0.0
2023-04-04 00:00:00-04:00,230.13596009803715,231.23232634939254,229.4881169911536,229.8568878173828,641200,0.0,0.0
2023-04-05 00:00:00-04:00,229.11934821641276,233.88353031805337,228.46152845970954,233.2356719970703,495700,0.0,0.0
2023-04-06 00:00:00-04:00,233.67420550967677,234.21242717461845,230.6342948711668,231.41171264648438,423200,0.0,0.0
2023-04-10 00:00:00-04:00,230.823668597413,231.74062250654916,229.37846966679945,231.41171264648438,327600,0.0,0.0
2023-04-11 00:00:00-04:00,232.2290184598181,233.37520710280242,231.62103630101194,231.98980712890625,409600,0.0,0.0
2023-04-12 00:00:00-04:00,233.27553999300667,233.36523853624567,228.81036841051824,229.53794860839844,402300,0.0,0.0
2023-04-13 00:00:00-04:00,230.17582690267872,231.35191500788244,228.92996312599783,231.00308227539062,393800,0.0,0.0
2023-04-14 00:00:00-04:00,231.04294640026478,231.93000081312218,227.81367718003253,228.59109497070312,448600,0.0,0.0
2023-04-17 00:00:00-04:00,228.49141829880057,231.02300681970752,227.87347472774493,230.7140350341797,422000,0.0,0.0
2023-04-18 00:00:00-04:00,231.45159598113312,232.3286889685049,228.7605331978679,229.4881134033203,395600,0.0,0.0
2023-04-19 00:00:00-04:00,228.68080408681087,230.5745110576301,226.6575224087896,230.52467346191406,524100,0.0,0.0
2023-04-20 00:00:00-04:00,229.21899865616197,231.34195541519,228.19240811266442,230.77383422851562,490100,0.0,0.0
2023-04-21 00:00:00-04:00,232.36855530642003,233.36524637579788,231.2024285802438,232.22901916503906,522300,0.0,0.0
2023-04-24 00:00:00-04:00,232.89679637421634,233.71409033711464,231.04295040854055,231.74063110351562,720200,0.0,0.0
2023-04-25 00:00:00-04:00,229.80705908406924,230.89344866149082,218.33513554568904,220.66738891601562,1328200,0.0,0.0
2023-04-26 00:00:00-04:00,218.73381959020318,222.48137237867414,216.64076234910135,221.0162353515625,908200,0.0,0.0
2023-04-27 00:00:00-04:00,220.62753487116856,224.3152887719216,217.2886137183672,223.94651794433594,990500,0.0,0.0
2023-04-28 00:00:00-04:00,223.02956469200416,226.97645280724393,223.02956469200416,225.9598388671875,543000,0.0,0.0
2023-05-01 00:00:00-04:00,226.5678167834474,229.41833858644895,226.0395565353187,228.9000701904297,525200,0.0,0.0
2023-05-02 00:00:00-04:00,225.64089331090378,227.85354872828637,220.35842753779846,225.2023468017578,526100,0.0,0.0
2023-05-03 00:00:00-04:00,227.2156620571187,228.72066008201753,224.83357103318022,225.24221801757812,498000,0.0,0.0
2023-05-04 00:00:00-04:00,223.9863677668269,224.60432653838808,220.80692099246676,221.0062713623047,476700,0.0,0.0
2023-05-05 00:00:00-04:00,222.83022897775632,224.23555182283818,220.96640634225693,223.1192626953125,424300,0.0,0.0
2023-05-08 00:00:00-04:00,222.6209058218919,222.97971519579008,219.71056988173905,221.83352661132812,508200,0.0,0.0
2023-05-09 00:00:00-04:00,221.55444733027042,222.50131599662055,220.83684376422912,222.04283142089844,642500,0.0,0.0
2023-05-10 00:00:00-04:00,224.24552999783722,224.86347359646524,221.71392615567302,222.77041625976562,493700,0.0,0.0
2023-05-11 00:00:00-04:00,221.05609398682003,222.4514705357127,218.74377873550625,219.3517608642578,756300,0.0,0.0
2023-05-12 00:00:00-04:00,219.19229626111368,220.5577581477228,217.2786512494174,220.03948974609375,523200,0.0,0.0
2023-05-15 00:00:00-04:00,219.83017639366082,223.26875748762458,219.4614055704089,222.1624298095703,479700,0.0,0.0
2023-05-16 00:00:00-04:00,220.60758643745461,220.95643437733207,216.57098476990652,216.8699951171875,564900,0.0,0.0
2023-05-17 00:00:00-04:00,217.27999877929688,217.99000549316406,214.5,217.0800018310547,535700,0.72,0.0
2023-05-18 00:00:00-04:00,216.77000427246094,216.77000427246094,212.80999755859375,216.0800018310547,811700,0.0,0.0
2023-05-19 00:00:00-04:00,217.05999755859375,218.5500030517578,216.3300018310547,216.82000732421875,498900,0.0,0.0
